39.9524       9
46.1429  16.125
43.6667  20.875
 48.619  16.125
44.9048    18.5
46.1429  25.625
 47.381    18.5
53.5714  -2.875
53.5714  -7.625
56.0476  -2.875
42.4286   13.75
51.0952  11.375
38.7143  -7.625
41.1905  -2.875
39.9524   23.25
46.1429   6.625
 47.381       9
44.9048       9
49.8571    4.25
46.1429   1.875
 47.381   13.75
52.3333    18.5
52.3333    4.25
     35     -10
37.4762     -10
39.9524     -10
42.4286     -10
44.9048     -10
 47.381     -10
49.8571     -10
52.3333     -10
54.8095     -10
57.2857     -10
59.7619     -10
36.2381  -7.625
41.1905  -7.625
43.6667  -7.625
46.1429  -7.625
 48.619  -7.625
51.0952  -7.625
56.0476  -7.625
58.5238  -7.625
     61  -7.625
     35   -5.25
37.4762   -5.25
39.9524   -5.25
42.4286   -5.25
44.9048   -5.25
 47.381   -5.25
49.8571   -5.25
52.3333   -5.25
54.8095   -5.25
57.2857   -5.25
59.7619   -5.25
36.2381  -2.875
38.7143  -2.875
43.6667  -2.875
46.1429  -2.875
 48.619  -2.875
51.0952  -2.875
58.5238  -2.875
     61  -2.875
     35    -0.5
37.4762    -0.5
39.9524    -0.5
42.4286    -0.5
44.9048    -0.5
 47.381    -0.5
49.8571    -0.5
52.3333    -0.5
54.8095    -0.5
57.2857    -0.5
59.7619    -0.5
36.2381   1.875
38.7143   1.875
41.1905   1.875
43.6667   1.875
 48.619   1.875
51.0952   1.875
53.5714   1.875
56.0476   1.875
58.5238   1.875
     61   1.875
     35    4.25
37.4762    4.25
39.9524    4.25
42.4286    4.25
44.9048    4.25
 47.381    4.25
54.8095    4.25
57.2857    4.25
59.7619    4.25
36.2381   6.625
38.7143   6.625
41.1905   6.625
43.6667   6.625
 48.619   6.625
51.0952   6.625
53.5714   6.625
56.0476   6.625
58.5238   6.625
     61   6.625
     35       9
37.4762       9
42.4286       9
49.8571       9
52.3333       9
54.8095       9
57.2857       9
59.7619       9
36.2381  11.375
38.7143  11.375
41.1905  11.375
43.6667  11.375
46.1429  11.375
 48.619  11.375
53.5714  11.375
56.0476  11.375
58.5238  11.375
     61  11.375
     35   13.75
37.4762   13.75
39.9524   13.75
44.9048   13.75
49.8571   13.75
52.3333   13.75
54.8095   13.75
57.2857   13.75
59.7619   13.75
36.2381  16.125
38.7143  16.125
41.1905  16.125
43.6667  16.125
51.0952  16.125
53.5714  16.125
56.0476  16.125
58.5238  16.125
     61  16.125
     35    18.5
37.4762    18.5
39.9524    18.5
42.4286    18.5
49.8571    18.5
54.8095    18.5
57.2857    18.5
59.7619    18.5
36.2381  20.875
38.7143  20.875
41.1905  20.875
46.1429  20.875
 48.619  20.875
51.0952  20.875
53.5714  20.875
56.0476  20.875
58.5238  20.875
     61  20.875
     35   23.25
37.4762   23.25
42.4286   23.25
44.9048   23.25
 47.381   23.25
49.8571   23.25
52.3333   23.25
54.8095   23.25
57.2857   23.25
59.7619   23.25
36.2381  25.625
38.7143  25.625
41.1905  25.625
43.6667  25.625
 48.619  25.625
51.0952  25.625
53.5714  25.625
56.0476  25.625
58.5238  25.625
     61  25.625
     35      28
37.4762      28
39.9524      28
42.4286      28
44.9048      28
 47.381      28
49.8571      28
52.3333      28
54.8095      28
57.2857      28
59.7619      28
