38.507480  4.445939
49.760123  4.613391
38.673269 25.681287
40.851900 -4.586951
47.643912  3.814605
59.705735 26.525373
42.812202  6.693431
51.754564 11.479392
59.703252 -3.486184
46.330899  0.559377
44.045107 12.244918
40.433955  5.646304
43.305026 26.539348
53.462194 10.288533
55.497071 -7.757082
40.619009 -9.028055
47.241599 -9.518942
56.156125 18.680441
39.457065 15.161478
39.622890 20.350645
37.021413 -0.757735
42.142187 -2.387793
41.095236 -2.311552
45.093358 -8.658433
59.887526 -2.545728
49.758467 21.631522
57.000050 -9.941501
52.937777 22.176000
42.623752 21.957773
47.444485 -7.390566
38.310539 19.661957
