-4.162676
-4.670295
-3.612745
-4.251918
-4.216656
-3.454797
-4.007603
-3.623712
-3.167559
-3.437415
-5.260384
-3.998169
-3.872771
-4.092397
-3.932970
-4.114236
-4.218585
-4.493988
-3.670017
-4.272885
-4.752695
-3.579720
-3.249448
-3.825761
-3.835080
-3.778662
-3.724889
-3.768086
-3.648661
-3.337138
-3.146578
-2.970379
-3.249128
-3.370191
-3.850671
-3.816910
-3.844515
-3.771802
-3.689232
-3.342973
-3.196376
-3.231049
-3.270431
-3.898684
-3.898868
-3.951181
-3.981726
-3.972242
-3.900882
-3.734543
-3.478440
-3.251067
-3.219065
-3.246904
-4.000624
-4.054582
-4.136431
-4.094043
-3.941741
-3.727613
-3.414694
-3.390544
-4.134445
-4.106337
-4.106347
-4.222555
-4.270075
-4.095237
-3.810783
-3.732501
-3.465424
-3.478302
-3.458658
-4.188849
-4.180515
-4.193350
-4.295692
-4.016505
-3.686418
-3.367716
-3.297480
-3.416263
-3.505416
-4.194313
-4.181982
-4.174735
-4.218427
-4.210352
-4.120071
-3.157485
-3.135094
-3.258108
-4.184583
-4.175070
-4.176123
-4.267597
-3.929827
-3.360917
-3.133657
-3.057925
-3.114146
-3.253546
-4.461032
-4.394283
-4.501614
-3.965163
-3.416374
-3.233913
-3.141460
-3.216462
-4.838621
-5.006901
-5.229205
-5.101133
-4.728062
-4.351635
-3.683767
-3.320136
-3.273502
-3.201252
-4.878197
-5.001716
-5.182719
-5.128798
-4.303026
-3.950629
-3.491789
-3.123199
-3.102976
-4.849412
-4.951512
-5.006278
-4.922855
-3.927827
-3.619583
-3.507885
-3.274300
-3.124915
-4.562242
-4.578407
-4.566297
-4.495258
-3.787878
-3.576275
-3.590245
-3.376743
-4.272494
-4.248659
-4.044119
-3.615091
-3.562070
-3.461512
-3.370288
-3.546989
-3.432659
-3.365378
-4.160540
-4.086505
-3.674203
-3.499439
-3.460370
-3.383702
-3.322804
-3.378186
-3.463840
-3.350034
-4.000220
-3.905662
-3.714155
-3.593622
-3.458572
-3.345605
-3.324024
-3.368967
-3.424675
-3.395795
-3.948146
-3.882871
-3.711562
-3.610094
-3.506428
-3.488535
-3.453376
-3.366753
-3.341038
-3.450027
-3.495294
