-2.585727
-1.004640
-1.787864
-1.092087
-1.503935
-0.573610
-0.680129
-0.224391
-0.827375
-0.322866
-0.967828
-0.418253
-0.369316
-0.191345
-1.462663
-0.639125
-0.721304
-0.937322
 0.263924
-0.247609
-1.114413
-0.450954
 0.468053
-0.430292
-0.481916
-0.504063
-0.578627
-0.838797
-1.152946
-1.280393
-1.079707
-0.784518
-0.699770
-0.686211
-0.401633
-0.412160
-0.619636
-0.960736
-1.208833
-1.180363
-0.584253
-0.599054
-0.540015
-0.296695
-0.239874
-0.115188
-0.383503
-0.815913
-0.941227
-1.025498
-0.785490
-0.457629
-0.476782
-0.477490
-0.255205
-0.076735
-0.488999
-0.628488
-0.636398
-0.517643
-0.423872
-0.455178
-0.366775
-0.215447
-0.087576
-0.242862
-0.418549
-0.457234
-0.348743
-0.099107
-0.019246
-0.243915
-0.330111
-0.460632
-0.333868
-0.234848
-0.361248
-0.261556
 0.067380
 0.319818
 0.203583
-0.103849
-0.246345
-1.105426
-1.091104
-0.956947
-0.744219
-0.651225
-0.383563
 0.622762
 0.306263
-0.035426
-1.806535
-2.483681
-2.382745
-1.072863
 0.076091
 0.563126
 0.726763
 0.555276
 0.257775
 0.090479
-2.095919
-2.565223
-2.359696
-0.092259
 0.378890
 0.488463
 0.289078
 0.163021
-2.127123
-2.493622
-2.337283
-0.995829
-0.987140
-1.040721
 0.018792
 0.188247
 0.050141
-0.032845
-1.627734
-1.600741
-1.300996
-0.890286
-1.071214
-0.570014
-0.174782
-0.058057
-0.158695
-1.373145
-1.347639
-1.332336
-1.422400
-0.736427
-0.559370
-0.278422
-0.206612
-0.255990
-1.355645
-1.436215
-1.736070
-1.926378
-0.549881
-0.380338
-0.326632
-0.318472
-1.422722
-1.628849
-1.866008
-1.165471
-0.338277
-0.230610
-0.288261
-0.293505
-0.323576
-0.365634
-1.383643
-1.382934
-1.476560
-1.067665
-0.479227
-0.140457
-0.130773
-0.270708
-0.361108
-0.422572
-1.302608
-1.284445
-1.272271
-0.953226
-0.196044
-0.086138
-0.169903
-0.330948
-0.385274
-0.433946
-1.266253
-1.207279
-1.151572
-0.964708
-0.678812
-0.365249
-0.166416
-0.140921
-0.275726
-0.372686
-0.378802
