     35.51728465470792 -238786.11129055623314
     35.45397845210721 -238787.55833816048107
     36.76658925112530 -238788.24307454758673
     36.71681629133369 -238787.35994909264264
     35.31466833983448 -238788.37298804899910
     46.07257498968330 -238783.97081884625368
     44.34332497434242 -238788.76879389130045
     39.61062563066614 -238785.27172760048416
     47.53238553330269 -238784.65525452393922
     48.00009033033420 -238783.56548879563343
     51.74256430157022 -238781.65219151749625
     43.56097981376071 -238789.97411926763016
     42.76814351129717 -238792.21991934638936
     38.31907053781979 -238783.37554697922315
     36.43347960195284 -238787.60625969761168
     41.70874790648264 -238785.10629780244199
     41.48266234107304 -238789.69601522362791
     36.24444904565540 -238783.59705017163651
     30.60453036892824 -238789.85010346028139
     31.00845466169250 -238781.38610083720414
     36.89197386396496 -238790.00923050291021
     41.22180116772156 -238789.07394350550021
     42.79233045456589 -238785.52900584583404
     39.99606209779812 -238782.34374279453186
     30.03775263890241 -238786.96494118939154
     33.06002045355068 -238783.76696972106583
     32.86934170765497 -238786.18250967282802
     38.74968742386206 -238784.93910125023103
     41.59499004840580 -238781.30023400438949
     41.08763616786587 -238781.02444086474134
     42.97803473231244 -238783.09102705851546
     36.70743199875526 -238782.49601510784123
     43.99065370056982 -238782.59341517477878
     39.38415260155831 -238784.42970110988244
     35.66496839562232 -238781.28088238846976
     45.99184825877582 -238784.87328523807810
     43.39328576591469 -238780.86043253028765
     37.30423595255608 -238780.90668489018572
     42.89965889696423 -238781.33021857318818
     42.00638390180041 -238781.54292853502557
     36.06465719859454 -238778.55879193285364
     33.10676778346210 -238780.14198246132582
     35.44656720409140 -238776.87493744958192
     32.44888499895519 -238787.88037774257828
     31.48205506948761 -238791.55006254694308
     30.22678022397318 -238787.64038642428932
     38.55629088346416 -238784.74814075912582
     26.15707204104445 -238782.69151692278683
     28.17849121341895 -238781.92735361534869
     29.72316177561025 -238783.85302770542330
     33.72874627107038 -238776.79702101289877
     33.22133445542604 -238780.35070563573390
     29.32395314021833 -238790.37926988463732
     27.49549238683256 -238785.83837131911423
     30.89487024965943 -238783.13008093539975
     32.22141131490527 -238779.12945443886565
     31.53677808040790 -238776.27236023198930
     31.11697222204419 -238779.56373619465739
     37.31334960308379 -238782.82220812726882
     40.70602444763669 -238782.31886065378785
     33.46049740028202 -238781.59869270978379
     34.44675854982629 -238779.24964876318700
     27.87400511277660 -238777.26842694368679
     30.21173222181352 -238775.35392719387892
     36.64921222983455 -238782.25681505192188
     31.69753603301825 -238781.44074457124225
     34.63074218818689 -238783.77333776670275
     33.82993207862765 -238777.87487689146656
     37.23288867243056 -238783.88182697768207
     38.83480480621324 -238782.01159107533749
     36.78108037938935 -238781.64973210732569
     30.74447685074013 -238780.84372480827733
     37.41997467943822 -238782.83389215409989
     35.89125000431439 -238789.49206260096980
     31.70884709133491 -238782.98048372592893
     39.25089173959545 -238788.42724426995846
     34.76740795037150 -238797.19917590508703
     38.92423894901889 -238797.71808878754382
     33.72045346667711 -238792.16056630795356
     35.52084024302575 -238787.46356744694640
     37.95043029069447 -238790.58762327313889
     43.97605092143453 -238786.84404884913238
     47.99810750546898 -238785.85573561533238
     44.03288142195759 -238785.68267106614076
     45.77027305419481 -238786.19875486244564
     43.14180130428777 -238795.42963530105771
     37.25463540539027 -238788.67326350143412
     42.67961349738221 -238788.37892208507401
     46.55592337831196 -238791.09286465882906
     47.27833953849176 -238791.68711080568028
     48.05903675908715 -238787.50825378001900
     46.59540353501131 -238790.49365775959450
     39.18100365831561 -238789.37130530513241
     54.70668509303927 -238783.87514240166638
     48.75071050468367 -238786.96122273112996
     49.26166880318145 -238788.82183206995251
     49.12220343689388 -238795.54744646800100
     56.90847378857848 -238787.94972412259085
     57.35947762545754 -238794.63469631073531
     51.19578778703031 -238793.25438650569413
     53.19977720773085 -238794.20483391216840
     56.35986767980680 -238794.85012297049980
     50.82554736942479 -238792.78763800871093
     54.15082850851908 -238794.20073322646203
     46.24090298091972 -238793.10683282639366
     47.89847590195209 -238799.04271783991135
     50.94322627967618 -238797.24547481618356
     47.58498964211645 -238798.99477619782556
     47.07675761004043 -238794.64651440508896
     49.35979462879638 -238794.14245838084025
     51.17823157455395 -238799.88423767613131
     52.74046147313009 -238798.62560795346508
     48.49257795177058 -238793.60268255590927
     63.13982353105861 -238789.87225179618690
     52.51280387956471 -238798.79835229428136
     51.96927548377828 -238795.88908053335035
     48.82169818143662 -238794.27251871960470
     48.81465645026430 -238789.11071903584525
     46.92829766180375 -238794.86793338970165
     47.89127935461571 -238790.96801531017991
     46.61475099180435 -238791.77228641588590
     42.47740920067209 -238793.85516800219193
     47.95348634516847 -238790.30983535878477
     52.05669855265412 -238788.14230655360734
     40.98376747921544 -238793.93155224373913
     38.77569821525120 -238792.31776094192173
     46.58673636326052 -238785.82240358655690
     49.67499077686212 -238789.78712632067618
     48.66004646949569 -238792.75954874520539
     52.17498933491454 -238789.60955616913270
     44.14055183021051 -238791.44341475630063
     57.46204100399919 -238790.39618456125027
     57.12481629534437 -238789.35606155553251
     55.74926549484108 -238791.97354759665905
     55.24682813656625 -238788.69326317714876
     56.54352647821466 -238790.10051209939411
     50.39490068790699 -238794.36740314002964
     46.45647713794772 -238789.30893825335079
     47.36119792101380 -238787.84404882980743
     54.18234330562402 -238793.66035632931744
     51.61491888572746 -238798.48965355040855
     53.00871709394020 -238794.04273076477693
     63.88547509764177 -238787.70772570083500
     56.98087191271800 -238788.00115150088095
     48.98097346097213 -238789.56780496859574
     50.94140486539152 -238792.91150311450474
     47.50369469704097 -238798.75645524714491
     54.34435156777741 -238791.34789534824085
     50.73237391192624 -238792.13286199700087
     49.86568815672909 -238794.85318934157840
     46.84998581011650 -238792.03553811975871
     41.80890372260581 -238787.58190432790434
     43.59986238180526 -238790.72253835882293
     45.92043669648536 -238789.46647941719857
     40.74136261510493 -238788.34196841344237
     42.67890957305136 -238784.65717251008027
     42.39539044563287 -238785.31158609499107
     50.60370558212628 -238796.88940050825477
     47.04335586261411 -238793.31924911367241
     48.14917848395827 -238796.24504726901068
     39.43685766647013 -238791.28164041540003
     39.79396214056358 -238787.58395515661687
     38.08465867802025 -238795.49511096545029
     39.19552180751688 -238788.75700862440863
     43.57767314650386 -238787.52104234302533
     45.87820895133994 -238796.58942103458685
     40.40242319853695 -238790.85254935477860
     42.70046241511022 -238788.82923166610999
     38.81008232971440 -238788.27991805571946
     38.05995047661049 -238784.44052427978022
     42.79818137009935 -238789.67816478334134
     32.49039743207590 -238787.89562480236054
     35.96063498729050 -238795.78917299423483
     34.79197783415253 -238790.68250134112895
     34.68095852369549 -238787.44939575376338
     33.73355692306563 -238793.08446300533251
     34.50102076953021 -238786.80778633907903
     39.16779126522623 -238794.67750273176352
     47.27244232167872 -238792.28675451411982
     44.84645804559030 -238792.91577438605600
     48.82785317626933 -238795.10672254889505
     48.77541813763531 -238793.40970798407216
     40.55401855774964 -238789.99005636025686
     46.73744710382580 -238792.60503081596107
     45.64178939773278 -238797.91234784753760
     56.52167216589825 -238793.94266512934701
     58.78274435613404 -238798.60907758580288
     58.19449620537462 -238795.99087315428187
     55.17059342110164 -238798.22080667084083
     50.76897227137586 -238792.92927744565532
     52.65760975038518 -238794.33047516868101
     55.66066102018526 -238792.37701014126651
     54.29802153555956 -238791.67891432228498
     53.74290927678692 -238801.29653440410038
     49.89161262503796 -238796.36160705672228
     41.87800572574339 -238795.67450557308621
     41.00823489337702 -238787.83531759382458
     37.27447219188751 -238794.81362808056292
     41.57854707109232 -238788.02056299574906
     39.06660778668012 -238791.15994932476315
     35.14212564608537 -238788.65783016767818
     35.35204755415483 -238795.90744143331540
     38.02720434773511 -238788.09454236435704
     45.76269549739479 -238794.51381879020482
     45.07785764829777 -238790.89407159751863
     44.83591188211130 -238794.97816465518554
     41.29580376439839 -238789.52526352053974
     50.58598830016614 -238791.08820132777328
     51.10055552041547 -238791.22583818662679
     50.81882700470106 -238795.30716112305527
     47.90443309467157 -238798.61470811706386
     45.07590649898921 -238797.31300778660807
     52.07361424761179 -238792.23674427045626
     44.30968283161761 -238791.23576824582415
     38.85530755456855 -238786.35959950173856
     39.37460218347132 -238785.78994367943960
     50.51138407814469 -238788.63139816606417
     50.54433901377043 -238788.32066908918205
     48.69561781171426 -238790.75079314867617
     51.41752169442034 -238795.66618893400300
     45.43386934043163 -238802.14573444362031
     52.20733413982667 -238793.63630125040072
     56.32722025747132 -238789.95915246117511
     47.69510169242934 -238789.52529531449545
     50.97410137385604 -238785.30227755641681
     58.02205956776812 -238789.15104612571304
     52.54752031413858 -238792.27710033993935
     36.04409208999574 -238786.53697859807289
     44.17256522393436 -238787.63991244361387
     45.56386090413371 -238786.08616873522988
     48.63937472514486 -238789.36090413967031
     49.07204123692235 -238784.16564174194355
     44.36403678576898 -238790.48311053795624
     44.57785025638768 -238791.06771237874636
     46.57557775019319 -238782.81412746908609
     46.43619178148865 -238783.27054598744144
     45.61804910889051 -238785.41375729106949
     45.14362149470631 -238785.61968658157275
     43.84206754602181 -238782.93151717301225
     41.43370211941541 -238784.23993774293922
     42.38507961412905 -238781.76664522691863
     38.65895476263148 -238785.80893196607940
     38.16817169365206 -238788.28901132030296
     34.93403767251801 -238787.65795287056244
     35.39255711592605 -238787.11966587748611
     34.71581433422546 -238784.26738108802238
     36.67051518338348 -238786.59789469608222
     33.41365443942807 -238790.00382715358865
     41.57790817440252 -238787.53088666786789
     42.26599099972188 -238791.75233872639365
     41.18125987599910 -238787.87256924866233
     39.51150514135423 -238790.44919916318031
     36.58882811009099 -238790.45342564216116
     29.45238958411696 -238788.82412832137197
     38.61567132123137 -238791.86256927310023
     41.14620758452024 -238795.66377641493455
     40.58439658958956 -238792.03534752421547
     43.55588963608854 -238791.42982385275536
     44.09524014331571 -238790.81332161699538
     38.39613181983383 -238793.18243797108880
     44.17620243557121 -238789.44791575829731
     36.71113726405952 -238792.77229139508563
     37.52384046115021 -238795.92524681647774
     38.06984248905810 -238784.68228608975187
     38.47598324730816 -238782.08012361454894
     43.07902745146619 -238783.41174368487555
     46.45955132688609 -238778.74692032849998
     45.65275431757949 -238781.21507698990172
     47.41118847936604 -238776.27429028393817
     44.37599187487660 -238777.00398700000369
     43.61732375751536 -238777.95551301748492
     43.79087391940703 -238776.94563106744317
     46.09955961092059 -238777.46072163013741
     49.94209594470256 -238780.28266055692802
     46.71280769523639 -238784.44070982720586
     54.34487236236610 -238788.53676873393124
     51.14027712625253 -238787.16579562076367
     44.83820894516026 -238789.05955064893351
     47.36775376765108 -238791.49769631327945
     49.39044275309323 -238788.46482341940282
     46.18028523266189 -238783.44455942269997
     42.20453949733709 -238785.74211130727781
     35.54638954319974 -238790.68071811913978
     37.73961801668104 -238780.33371490897844
     41.05159410498546 -238777.33368577333749
     35.69226382945488 -238776.50277288997313
     39.86378484340108 -238779.81435874148156
     38.23844087715420 -238783.02731821170892
     47.76628650632084 -238781.07240406642086
     39.46511501697749 -238773.82558068234357
     41.04272194168504 -238779.79711355624022
     33.74584896352452 -238781.43806033610599
     31.22366059039028 -238773.67184280772926
     30.90359092719339 -238784.26974198344396
     33.87408454694829 -238779.62166000597063
     35.48206390561441 -238783.62729989376385
     40.00184482473637 -238775.32105969102122
     34.42250259144998 -238774.13766513773589
     39.19467792287772 -238771.74394017667510
     39.14151507987450 -238781.65092026139610
     26.40252784801456 -238776.48922785258037
     33.21069134697632 -238779.56138335933792
     33.79599714881662 -238780.27867741792579
     34.89639068257527 -238777.03056150843622
     35.90113361038443 -238775.06738406533259
     35.47416462809284 -238771.38170535984682
     40.08727448888737 -238779.27509039232973
     44.13487319706853 -238779.06708753123530
     34.62098500379263 -238782.51455622178037
     37.03612381440919 -238781.79838642504183
     45.90516287828847 -238783.89677392845624
     51.15256042114552 -238781.98406359882210
     47.11045692366679 -238774.52675764111336
     49.59847583420034 -238777.67117302544648
     46.12999672191779 -238791.79856043439941
     43.74148225900079 -238779.59894242981682
     44.91902943849352 -238778.66122937528417
     46.51867460564470 -238780.99792223700206
     44.42477199095908 -238785.24747635345557
     42.96213947074312 -238784.11585318457219
     41.03754027281666 -238782.57049813165213
     47.90215885259666 -238785.75408710687771
     37.30142322091147 -238787.22194766893517
     44.35918776699391 -238792.01332024531439
     45.47908742804414 -238787.45347483892692
     42.57268217903874 -238783.48942586759222
     42.48604051148126 -238796.93393777450547
     37.73104628486479 -238787.19479606213281
     38.30336773313602 -238782.00160632818006
     43.00664225967200 -238796.26075654770830
     43.77380678004669 -238795.36288742537727
     39.72527469719294 -238787.39988235960482
     39.54807629878857 -238782.19394933377043
     41.41220941194655 -238785.70421721713501
     37.68239359646925 -238783.93055703214486
     30.09215255193961 -238784.55115807551192
     41.66747327058695 -238780.22342154380749
     39.24223211756526 -238787.71602735997294
     40.62755842473687 -238783.71618414824479
     43.12925405714959 -238791.70989068527706
     45.07256595289899 -238792.41519989797962
     42.43546055468210 -238789.27934536914108
     45.54396950385011 -238791.34081727787270
     44.88739538339797 -238787.18358828366036
     41.50295918609030 -238790.70769537120941
     46.44049684820367 -238787.12866706334171
     43.89153304128952 -238784.19166819486418
     39.56205970038174 -238787.18349123036023
     32.29895249211906 -238789.44323840242578
     35.64577900990154 -238788.42822362523293
     35.03722673779068 -238794.96045330117340
     28.73400149436896 -238788.71652675521909
     38.67240025121551 -238792.35912773592281
     38.99170928614359 -238793.26974443686777
     41.71282008074454 -238787.27161498696660
     37.17307606331595 -238791.16423841880169
     36.89559688176485 -238779.68319575759233
     37.24673348598876 -238784.19072591330041
     31.47058133570595 -238788.63343887199881
     25.11497167255292 -238781.07150401966646
     27.53936865752047 -238780.92559490614804
     19.33372121451457 -238785.76593836571556
     24.43810277547684 -238787.11101382185007
     32.53990783309580 -238780.21720646237372
     32.84498074114969 -238779.99519964694628
     37.34696977770468 -238784.76733808228164
     39.11605805568381 -238792.08867649247986
     36.51842113727744 -238785.28902692557313
     30.81557448174024 -238789.30962473124964
     35.55106018977236 -238783.94040279375622
     36.99612059163160 -238785.17760387339513
     45.96317094465154 -238785.22245282668155
     42.50173333684474 -238784.41114942339482
     39.61224795638527 -238786.15125163475750
     38.84418750178583 -238777.60917217741371
     38.04345789881917 -238784.59983238816494
     42.15971071445205 -238778.03981813258724
     33.18623979566677 -238778.35898173711030
     38.67228187994662 -238781.37075440862100
     41.26696657255685 -238775.39142358489335
     34.83207967603177 -238778.41349201381672
     28.13824164342464 -238774.57438676635502
     26.11935509423109 -238778.98122886740020
     28.58624752177694 -238774.96229945321102
     29.75800850254177 -238777.94684681145009
     30.25010016801960 -238783.72759787246468
     32.66400598579370 -238779.85151631911867
     31.27275260820416 -238780.17923166305991
     32.14707909110559 -238784.50107616587775
     31.94893148190579 -238777.47086768562440
     32.19242377688629 -238784.17478716853657
     36.02308558096566 -238780.73953234788496
     40.11256368436401 -238782.26798709924333
     39.91822340760870 -238783.80956361902645
     36.50018967611301 -238777.77464825089555
     36.83994253976161 -238779.58570375054842
     30.67428629554640 -238781.31740389790502
     33.35472049877738 -238771.45337854485842
     32.71326387763101 -238768.78057445498416
     36.85240920114565 -238778.47479835717240
     35.49628449703155 -238773.60766301484546
     34.95215578888504 -238773.47867033272632
     35.17216374464176 -238769.82560127612669
     31.23844454245392 -238773.61364942739601
     29.04882356911410 -238772.83907234104117
     23.13554779383062 -238774.24272686385666
     23.97082461995887 -238772.27829874766758
     24.79813554712422 -238770.57947847360629
     25.90221254644592 -238773.28856022431864
     35.38386448776113 -238771.33087568148039
     29.78355523709353 -238774.79783825442428
     40.39087742481568 -238776.11761345327250
     40.47748871866885 -238780.84393491342780
     41.61412687980584 -238782.19746533484431
     37.35501436670533 -238782.02464251528727
     35.43816480070739 -238789.98381941270782
     38.97248832305905 -238786.12746624334250
     45.33345162227757 -238786.71159641994745
     44.11769038797694 -238778.75596090167528
     43.93745241141028 -238781.49420941079734
     40.13309603379033 -238784.53320529716439
     38.18487459281427 -238778.20985009588185
     40.06299762391788 -238778.02070979916607
     41.42953509960493 -238775.40540498815244
     34.96661248212632 -238782.26513511405210
     41.08565601404668 -238778.12970468710409
     38.53460978189727 -238783.41223691613413
     34.42560408506273 -238777.64625377781340
     31.08303928195740 -238778.37622236786410
     28.01868182690942 -238782.31608049894567
     25.87545758439912 -238779.56681209214730
     28.57745410661501 -238776.16440174554009
     29.75519427527482 -238779.17704323172802
     28.96543721955127 -238770.17502648296067
     22.06986597539590 -238771.02296311492682
     23.05874501623665 -238776.37511276311125
     23.22853127122814 -238779.75523764156969
     25.70949020147263 -238778.22499381160014
     32.17495621412322 -238776.63584988104412
     31.51223596931909 -238774.83673896634718
     29.48825001004892 -238773.16782829436124
     34.00936705948918 -238773.87175151307019
     35.58149811898480 -238772.01355940336362
     33.78336821478609 -238765.18951659154845
     47.80709540891100 -238774.22531908348901
     41.63843413765374 -238780.74626592893037
     46.69021868485048 -238785.41883721220074
     53.75963583730869 -238780.19106402984471
     47.83255834393296 -238787.50610506022349
     43.87865709116345 -238776.09076883038506
     41.98347823682298 -238773.32756340919877
     43.83612091635483 -238776.92471265510540
     42.14697850375764 -238780.05905916460324
     37.97207998797042 -238779.75581082425197
     44.22290844911294 -238777.15407778733061
     40.07295997649944 -238778.83989566276432
     40.46025486046621 -238779.93335180444410
     36.81413688530468 -238780.76301146612968
     41.73816228617773 -238773.57445284785354
     38.43271505544608 -238777.14681628483231
     48.84679097461549 -238784.42901962669566
     47.54833825146798 -238784.45508085959591
     48.20436266897715 -238786.95032514492050
     46.12675887891802 -238782.23929512474569
     50.02728883191528 -238781.63692447060021
     45.46477579426949 -238788.38068616550299
     43.25441003800745 -238789.11271123538609
     31.39316896686729 -238782.32613709438010
     44.25666437364480 -238775.45726640714565
     44.81641117186419 -238777.08329345600214
     46.64894961485163 -238779.14613864512648
     43.52382479525848 -238779.47933039799682
     41.19376262811068 -238780.73498987138737
     43.01473415317369 -238783.68413056869758
     35.16971335448782 -238779.03602869811584
     33.15428668919408 -238788.61822258366738
     33.48284177948380 -238774.73637201538077
     38.70439779519047 -238778.57425123793655
     34.92897253419459 -238778.47700142295798
     35.16062060841024 -238776.45205318095395
     28.28390176005631 -238786.26012386643561
     27.36899625040110 -238782.28192271420266
     25.39883566842630 -238785.20970005972777
     26.00931940560531 -238787.66545039840275
     23.17177867406861 -238784.80041308747604
     29.97504481877860 -238786.44067941294634
     37.96098315056058 -238791.76627421594458
     36.68179926789970 -238783.21575227702851
     39.76315633876867 -238785.13045023457380
     43.58954180544949 -238779.73820338939549
     40.74305381480070 -238783.73712775760214
     47.79746336115415 -238790.74863734355313
     41.73228365662255 -238785.21114270013641
     43.94181640233096 -238783.34256589546567
     46.71941592636238 -238785.22334600001341
     46.11101853049280 -238789.11059198543080
     49.94564272516784 -238784.51184770956752
     43.33055602141766 -238783.74903615991934
     43.54116969460268 -238785.82853976081242
     48.13630686442442 -238785.04292990840622
     53.73638903421536 -238783.48188586079050
     48.61812778689608 -238788.22611606429564
     46.68686346274381 -238783.78911832714221
     51.77543154592736 -238783.37745008221827
     50.06856157863903 -238787.25634982192423
     55.81427901752178 -238791.06514123358647
     56.31557149391426 -238792.42482667099102
     47.60363682606130 -238790.75191944726976
     47.29694194514948 -238787.47540808937629
     48.68221561745128 -238788.48368372389814
     47.21997500435059 -238786.19875079978374
     53.22581987813299 -238785.71307925425936
     44.92637702777923 -238786.50972843740601
     49.41177035575507 -238790.50034874322591
     54.10829919187503 -238783.16413187328726
     48.34044904590080 -238787.58300776776741
     41.99196941620653 -238789.08390365005471
     50.02006684193061 -238788.73388959668227
     54.07147957924207 -238786.33999489984126
     46.86697464467196 -238782.24754463476711
     48.97111662090516 -238783.03249344468350
     47.15376178918893 -238791.03077036980540
     52.37742205656665 -238783.32109086908167
     52.03031063186682 -238789.83408847198007
     38.88494601186270 -238782.82975458397414
     38.21151620139705 -238788.26120964321308
     42.83716218334151 -238788.80784845587914
     43.97097517208059 -238794.09992105973652
     43.84500560286840 -238798.02314212510828
     50.11557269226328 -238797.87655071367044
     50.52737299025589 -238786.53054198448081
     42.93046781018382 -238784.61079537711339
     48.08731615032409 -238780.98242368781939
     47.60155471725361 -238782.28134184243390
     42.41201608927746 -238778.63664344997960
     45.45620770793440 -238782.18669730034890
     49.97191171720942 -238787.12898093726835
     46.43595111204377 -238783.22408410770004
     46.44638868398344 -238781.69285401079105
     47.93622552528608 -238783.50054904530407
     54.77835370749929 -238779.79091054038145
     48.56574376506249 -238785.15080244594719
     42.25237538091726 -238783.72007605509134
     47.66770767355857 -238785.92993824704899
     43.14633667354671 -238781.43347433864255
     48.55065983791752 -238785.48876970660058
     46.21953202552452 -238787.16522202140186
     49.29635922813602 -238791.41900484697544
     37.42939820527846 -238788.11302659672219
     44.26034788699074 -238784.60943613504060
     49.64521561920156 -238789.20413781641400
     43.63474829873773 -238789.25944168289425
     47.21413821693588 -238785.85231886620750
     45.49286469021262 -238785.51451725396328
     53.72220463418114 -238787.41199658715050
     60.02035706512419 -238794.37539437189116
     58.25626946251860 -238789.80011031319737
     54.79105694896554 -238789.03993208860629
     48.38884369589918 -238786.05429622231168
     49.00517127694501 -238788.52685889854911
     46.58901653140713 -238788.48572397476528
     40.38321302780058 -238789.40362023893977
     37.14251638594270 -238789.87469396850793
     36.52384261778467 -238789.70003266588901
     45.16849914552976 -238785.49110172124347
     44.29517583451572 -238791.62651293541421
     41.27485028025554 -238788.18403623532504
     36.41059212578894 -238797.79349452594761
     54.09343255771103 -238791.92875014740275
     47.17031213669370 -238789.41183060617186
     48.47193631485206 -238793.70411011108081
     51.56519872501685 -238790.46928777190624
     50.26560305455710 -238788.84519103242201
     42.61938317121910 -238786.14433535910212
     43.88876170161499 -238791.70522559236269
     47.20350049555022 -238787.62695830356097
     53.90235970253679 -238784.63199515247834
     52.73303479528496 -238785.42007658293005
     48.81534468678415 -238787.38380150389276
     49.49294847450608 -238784.61971542285755
     45.82590451609174 -238785.17537979548797
     41.47320729772332 -238785.55800071463455
     43.47925730109321 -238787.97611791657982
     43.23982231585030 -238787.96749749389710
     43.22615702870748 -238782.92532429139828
     47.12170103739251 -238783.27329154277686
     50.27682772789193 -238783.68112339262734
     46.10756021089217 -238785.40552391862730
     39.94088741898962 -238788.85878035493079
     47.66917914916637 -238792.27500103754574
     49.81732176260984 -238784.84638908106717
     46.62615305363860 -238780.19141168147326
     51.08442968730997 -238782.89503447827883
     51.85427684516686 -238782.93440433708020
     49.85736016521071 -238791.06527534840279
     43.98615599222281 -238785.97561127709923
     47.30751126733171 -238784.74115486841765
     46.67934194774872 -238785.62597887992160
     40.10542722648383 -238787.09361826480017
     44.76514306755195 -238790.82027593153180
     46.86052331044781 -238790.74072577519109
     56.33528595574089 -238797.07358444936108
     48.50860876576317 -238792.98702736367704
     50.28146246912846 -238793.94167675069184
     51.21017630877434 -238791.09624925942626
     47.05796015232177 -238787.27487690621638
     48.34069278500965 -238789.94498393006506
     47.43804875952586 -238783.78777991243987
     48.04931902519667 -238788.42061519352137
     44.21519715946665 -238788.09241884175572
     44.00952245902320 -238790.70796503504971
     53.99682953907919 -238790.18428035452962
     49.95024444577516 -238788.20799509205972
     49.32029851868158 -238788.92854104511207
     49.63865712448368 -238792.62701947469031
     41.30057412321812 -238785.95939962597913
     41.96714299435421 -238794.52452756409184
     44.08874618578795 -238789.23255067161517
     41.94840117749643 -238779.72905789228389
     43.91102218710120 -238782.10598015805590
     43.99109915672808 -238785.25619567785179
     44.92371228363456 -238784.34711630811216
     44.10422265124897 -238782.34345410059905
     46.65196031653425 -238785.23184637221857
     45.18599843174115 -238789.39673494329327
     43.54931511409881 -238787.59276461793343
     52.44316703682669 -238782.31441281308071
     44.44546533275687 -238783.22480151813943
     53.41586469301762 -238781.93072308579576
     50.27780941079516 -238788.99143239986734
     47.38489500437471 -238789.52576262824005
     51.46726593027914 -238788.02552995845326
     49.23999605450580 -238782.85934120454476
     44.58591665546931 -238781.31772750886739
     48.32042869530963 -238786.92599805194186
     53.80975160502910 -238784.81072531620157
     48.56097653875711 -238789.01109495488345
     50.96934684036017 -238784.86937392785330
     53.49214580310993 -238781.13399845329695
     53.37210469963407 -238781.85392231578589
     47.20444351602301 -238785.64646160003031
     43.17562896517609 -238784.59116225072648
     51.12094378157840 -238785.68134857332916
     37.89924125586479 -238782.97385459282668
     49.20893150041275 -238787.34614723676350
     47.63639275859266 -238783.51197632338153
     50.84205045900593 -238782.60706496061175
     52.88663675640455 -238787.51574403152335
     47.58646929890512 -238786.14838453882840
     53.87195332559041 -238793.84371109484346
     56.00804507890466 -238788.86110451209242
     52.41749777337206 -238786.15124497635406
     52.99912811383861 -238791.24715398668195
     53.27538851529835 -238791.83275727982982
     59.32518495408019 -238790.45165645697853
     61.04682211877318 -238790.54978439988918
     57.89897536769610 -238794.46935541034327
     61.17964976869648 -238792.72613716847263
     49.61880998842737 -238793.40467004329548
     46.51657043406002 -238792.52775218040915
     49.43553969918597 -238796.31558286686777
     45.46530246359205 -238799.28507716825698
     50.70532233439569 -238797.11110698146513
     46.46078741609546 -238789.68111510621384
     52.84685344020362 -238788.46993615425890
     48.15248867053697 -238794.40082789075677
     45.82149658829581 -238789.39772330046981
     48.43172175440724 -238790.99416794025456
     57.55554921105006 -238788.46631285222247
     58.42423344967835 -238786.74443434528075
     55.05114250793682 -238795.21322644947213
     53.48192695604805 -238796.50210625687032
     52.61494715622971 -238798.53288487475947
     49.64610405480826 -238791.31842393681291
     43.30240067702479 -238788.71837880692328
     38.60826343380153 -238786.97992765772506
     33.32349637846514 -238784.28117459383793
     33.61576366635028 -238782.74919310939731
     33.42125299369774 -238781.46782054347568
     32.08262856490045 -238785.28331427491503
     36.43817292067339 -238792.76774377128459
     37.25373391835150 -238792.78845804012963
     35.34818920461009 -238790.37140990933403
     37.27804088545202 -238790.88756770535838
     32.57776538864923 -238793.69553970926790
     38.22418683661889 -238794.65133088978473
     39.80290719230486 -238795.72786245378666
     37.27663942693795 -238785.56891856872244
     36.72606497599276 -238788.51635716218152
     37.93686124295203 -238793.93169685799512
     43.85567041389061 -238796.42969482886838
     46.80865567146284 -238789.02609379473142
     52.44168800351498 -238788.01012626214651
     55.55594918282929 -238798.49498045782093
     52.61394554068580 -238789.07978699536761
     49.59328460233723 -238789.74546950162039
     47.96189904076287 -238789.40198046484147
     39.05979761861013 -238799.51806906954153
     36.26516794320196 -238793.41749520998565
     41.13913269402996 -238793.46667040142347
     39.96776700607244 -238796.77255061722826
     41.81323976634753 -238791.74732294824207
     39.26063045282113 -238790.93777724984102
     39.06505237659238 -238789.90446998577681
     46.84802195444662 -238791.94771250316990
     45.23714141847481 -238786.14578146539861
     41.46207430307323 -238786.94705087351031
     45.77908987891200 -238789.28169863487710
     53.80281286860785 -238788.09842263950850
     46.59833596082121 -238786.91373802258749
     46.31099296397476 -238790.70759764406830
     39.65470805762457 -238798.51730525554740
     39.25078902107449 -238785.99881021934561
     33.10868073021155 -238786.82841977328644
     37.73081914722218 -238785.44858522209688
     37.56486542025487 -238792.02994365553604
     36.35219195421649 -238785.96702230058145
     39.01566646700433 -238786.64819682660163
     33.72532288099657 -238785.75671950331889
     34.42181579151550 -238783.37465302541386
     34.65743364004176 -238786.82622313554748
     48.48797960677314 -238787.67852830942138
     42.28446604117611 -238795.80259255736019
     52.02030972165750 -238786.76957662010682
     54.93887468772019 -238785.61606846033828
     54.53712873140203 -238785.05502833414357
     54.88901268332980 -238790.22795883516665
     50.49023568697039 -238790.13421188652865
     49.49793559686299 -238784.73900476782001
     43.92395042989854 -238793.86645988698001
     41.96632295305712 -238792.80215902367490
     44.99089390196406 -238782.89379710520734
     43.10281688542237 -238786.82645098376088
     52.81988966888635 -238787.91456185467541
     52.26016856509536 -238785.75824495739653
     46.31143796800735 -238786.08502279740060
     42.67748027438818 -238784.54259113234002
     41.78360107186401 -238785.68272724139388
     50.31340572377042 -238788.37598831631476
     44.53994254724709 -238787.99396696873009
     42.63348641478173 -238786.34663400388672
     44.00054683193296 -238786.81968087330461
     42.72117430141547 -238780.28214473085245
     37.72039318720812 -238777.45202222291846
     46.46931912680634 -238784.65197408251697
     47.71120810582642 -238795.62903502219706
     49.51944550867404 -238787.54484941615374
     49.30154153962549 -238792.28145327363745
     47.89403996096596 -238785.11012067456613
     50.00060648283968 -238783.71937498665648
     55.52857680261432 -238784.18330668332055
     58.37622001919998 -238787.10017967483145
     59.95434709820874 -238788.91627128972323
     56.59213307901194 -238785.35342615749687
     53.39865561182160 -238786.65539854206145
     50.16927823954536 -238788.43352285318542
     55.64131319725082 -238788.30942797055468
     55.65362170930076 -238793.14682706826716
     52.94276148842312 -238793.96779052563943
     45.22769056004331 -238786.19172718719346
     46.87898778165405 -238795.33134182353388
     51.11598374602139 -238793.37126133654965
     52.60147628128978 -238794.53353878733469
     47.18687051557603 -238787.65942312692641
     42.04870345390033 -238788.61049106085557
     47.03564160836051 -238787.99901187370415
     53.69168487071429 -238786.16201419616118
     43.54204440705263 -238786.86222061692388
     38.57121349280330 -238790.07360585540300
     43.08531053820708 -238785.21988290364970
     46.13743362366080 -238789.02035570488079
     38.51148575432440 -238790.78277389571304
     40.95397179911028 -238787.47594015634968
     38.97346095913708 -238786.43667652469594
     37.72676207932216 -238789.69498402182944
     41.71928007223133 -238789.10074383320170
     43.05234418588741 -238786.19801255423226
     49.31451462054297 -238786.30433629642357
     43.35072218669174 -238786.79907382006058
     36.82966040791967 -238783.59427120743203
     40.79104211730938 -238781.54281560302479
     45.01742556080222 -238788.92150719530764
     41.60884798623106 -238780.74150062855915
     41.80257119030201 -238792.40441270175506
     47.57026598989467 -238783.94065342319664
     51.50149304715892 -238789.77988944106619
     51.77992521105677 -238791.59124250523746
     51.85040623158022 -238793.29917427786859
     45.76015655544974 -238793.05964523711009
     46.28508031020108 -238787.27519362713792
     43.07041273483968 -238797.68698682164541
     51.35686689228162 -238790.52570350083988
     48.37067989312060 -238788.04935599947930
     51.96085663932892 -238792.63079098766320
     53.32820370808845 -238794.14041668348364
     47.82535460040474 -238792.21901451674057
     47.86555594527375 -238793.71216421990539
     52.54722134529971 -238787.86487387391389
     46.88605588805589 -238787.43092615460046
     38.26718846655076 -238790.15050551519380
     41.69117117643463 -238789.12702211600845
     39.91631550991759 -238795.23274804945686
     48.61878645703284 -238792.45954619770055
     40.06815940520340 -238789.85784943870385
     35.01136147180731 -238789.10947989966371
     38.07604186236453 -238789.39851241029100
     28.68248079779391 -238786.65036959649296
     33.11808753967249 -238789.21749961003661
     30.05311374225116 -238785.34357612716849
     33.63142775327601 -238786.37612857201020
     35.13320696827062 -238787.18091159741743
     38.12602418889725 -238786.57545024421415
     39.13569714433159 -238788.27477736538276
     42.87224149835055 -238783.24829779748688
     45.37121129816640 -238787.29201148389257
     44.94778051236668 -238783.55022562219528
     42.23383260233994 -238786.00877053930890
     41.42904882761203 -238788.60478522544145
     46.40364147834524 -238788.90498880192172
     45.28202497023523 -238787.69400233775377
     42.96535011350066 -238785.86186400940642
     33.38085570469059 -238791.86645024540485
     36.78356488770100 -238795.67972850758815
     38.42511153344346 -238794.57196581634344
     37.19033962563712 -238792.80988395193708
     37.60048130578410 -238793.39247269320185
     38.30746997559983 -238797.06860719536780
     37.93739122009583 -238801.64458860908053
     37.09201663354216 -238791.56746240085340
     40.28076412078920 -238786.47357698192354
     42.96199267890380 -238788.35043634154135
     36.53977268089641 -238783.77748587611131
     46.88276908490359 -238789.76958527890383
     50.73036815130793 -238789.37078063481022
     45.52078882226083 -238786.32812880998245
     50.88316354023216 -238790.29295501057641
     45.24969118672821 -238785.87950644534430
     40.05227163004975 -238794.18000406888314
     31.38495360327645 -238790.75790278750355
     28.10260704793244 -238793.27567240057397
     33.26977043073074 -238786.22715728895855
     34.18437253833986 -238788.28236742984154
     35.30772973212665 -238780.00068491927232
     33.20689724320076 -238789.39073815286974
     30.92359798050276 -238789.71160994336242
     20.98970560244054 -238782.65859471101430
     27.12125357793086 -238779.98437818052480
     18.67788641567239 -238788.36868554534158
     29.33994263708105 -238786.63524363478064
     39.31417744758690 -238790.99684375489596
     36.96362146531187 -238794.09754472319037
     35.59935277378676 -238788.18194197234698
     37.21133840374242 -238787.58447102113860
     36.61265653456187 -238788.75292471548892
     37.10499624571259 -238787.96355398825835
     34.59144634778230 -238785.75929864440695
     35.81862778045370 -238787.30469146362157
     38.40796660372136 -238783.35787637892645
     43.70405595009213 -238785.55171770069865
     43.14446591219689 -238788.91858201520517
     38.25907011372538 -238788.09435621852754
     38.08962389125707 -238788.36617395438952
     40.01029048147682 -238787.34005381795578
     45.34221040022992 -238788.04660889657680
     35.47582612144314 -238789.89577581084450
     38.91624807410623 -238789.99974228689098
     36.42599285429151 -238790.29086954728700
     45.63046766059490 -238790.93231820329675
     39.39789299850204 -238793.38167715203599
     36.70534261558812 -238793.32215142782661
     34.72618191395701 -238797.69152794562979
     32.89842422623665 -238790.06380733632250
     30.90548975039514 -238792.15441198475310
     35.07810684175493 -238784.46481581032276
     34.83293650463294 -238782.58859547637985
     37.50072849357841 -238788.13369598548161
     38.41498679560267 -238788.55617512261961
     39.56740215677544 -238785.34010507899802
     38.48036233506285 -238786.11295158645953
     36.23234934292589 -238784.39520002715290
     38.23829799925119 -238788.47123126237420
     40.37837834425910 -238790.58901689239428
     41.73863605935969 -238780.54870993323857
     42.43170962249319 -238780.75071649171878
     45.44279110571227 -238785.23552645664313
     47.63212688243742 -238789.43510039427201
     46.12289177764674 -238790.67571779707214
     45.65990280629639 -238790.67571779707214
     44.06798045775772 -238790.67571779707214
     43.64895708134243 -238793.77028790523764
     44.92187802087830 -238802.47531087408424
     41.43850972038823 -238801.39914590993430
     46.56898819206834 -238789.85557100950973
     38.20605377048486 -238793.30192425410496
     50.45301716174259 -238791.42347783493460
     47.38510656064201 -238793.12041003844934
     47.17537981723740 -238786.43404859569273
     50.64326366107506 -238791.08990787083167
     49.79483285317450 -238791.38499327225145
     43.30207596051687 -238796.41098402871285
     47.13351328544556 -238793.80120582896052
     46.22583683985023 -238788.27093449514359
     46.88659473371289 -238788.94851943926187
     48.87645274376840 -238788.97962089229259
     49.10049359817111 -238789.40281606483040
     48.70078312093105 -238786.95978431002004
     50.28951528489366 -238788.37201838311739
     52.81672557365530 -238794.06205618291278
     50.15132377683989 -238793.15831228438765
     48.56387105492995 -238794.36820970420376
     45.81656710477190 -238792.18558946729172
     46.42435520448078 -238796.31422979087802
     41.80721441332521 -238803.63666722460766
     48.89310154427807 -238800.33566957456060
     42.40976701329509 -238799.36934253934305
     44.21865579871780 -238792.19475973784574
     50.69198909544729 -238791.71697483013850
     47.56625560634129 -238792.23380998184439
     51.73117756492046 -238798.12614148174180
     50.83562312656613 -238791.62496114920941
     55.65324400024731 -238788.79885144022410
     51.29025813620496 -238791.60060011359747
     50.18697373249594 -238794.76026518983417
     53.91813731625186 -238791.00161117722746
     44.27541645653803 -238787.97492659746786
     50.90620866236432 -238798.07672152511077
     41.97738925981027 -238789.03249814693118
     43.26765874452069 -238793.52276147055090
     46.25354990214435 -238796.08633557966095
     44.43941309766410 -238786.23356564407004
     46.44534273541181 -238783.18408925656695
     50.46164861852910 -238783.53828544192947
     49.51861449922998 -238786.38204293500166
     42.93806080202408 -238787.48316883193911
     45.50733400209399 -238790.10510211042129
     39.72768142736309 -238789.29232399174361
     40.76179634708382 -238788.03507516215905
     45.15312903597649 -238791.00298509877757
     47.95691739496541 -238789.43261494615581
     51.58569839983485 -238790.87356530595571
     52.33426189741710 -238793.44904966585455
     49.99861784585217 -238794.68895999310189
     51.94206532926314 -238793.95190154839656
     53.11365137507111 -238793.15244146552868
     54.26145894483294 -238797.95733705774182
     53.80646515649190 -238792.62910797153017
     55.03563612084109 -238793.75304835295537
     58.15730239870886 -238789.81710251470213
     47.79852852358775 -238787.46305325761205
     46.43400527646086 -238786.69461307252641
     54.07091981670951 -238792.82039043519762
     52.37653251320302 -238791.31784448062535
     49.13123929496587 -238788.08563381340355
     54.72902293769359 -238785.04542004800169
     51.66057715427678 -238789.89527163610910
     53.09786651176078 -238789.25396103868843
     55.10321936275920 -238787.76995615943451
     48.23914820798144 -238790.17662805432337
     50.13516840000241 -238799.92302639520494
     51.91015918922322 -238792.27128902022378
     59.13827937012390 -238789.22810772623052
     52.88387130118504 -238788.24867194186663
     51.60942007939438 -238795.57140679797158
     53.98212443178289 -238793.68836582350195
     46.51170236323842 -238797.03959596634377
     48.18506422696176 -238801.93236951105064
     57.57162111867952 -238795.97118349606171
     51.32144297968700 -238791.47935988474637
     49.35393393558200 -238787.74449508846737
     45.04909942422444 -238782.26383605055162
     46.75547613350328 -238786.60043430043152
     46.63520137721996 -238785.13562788357376
     50.50206503537163 -238786.83952212418080
     53.09854383037538 -238789.43323675013380
     56.39241648888969 -238790.80216879452928
     60.47135041988278 -238792.93726762846927
     57.84280129783441 -238790.72954255301738
     47.92478225668700 -238793.29498125746613
     45.88498551138895 -238785.57700409658719
     36.47572452526511 -238779.57990593681461
     39.29755431404691 -238791.06037750528776
     49.34703805385385 -238788.06027193873888
     50.02242863403628 -238786.73581420636037
     43.97886912742992 -238792.83345664042281
     47.96442383827846 -238797.55212510781712
     47.77631344020547 -238803.00120595336193
     49.45229062990182 -238794.48283396280021
     46.82057372118382 -238793.76913999361568
     43.11915402574246 -238790.62179496025783
     41.30692916430623 -238790.97593599435640
     40.65360340838803 -238794.15708047730732
     37.68484032493522 -238784.54579521631240
     36.24726818663510 -238786.85774759689230
     44.51036969201885 -238787.72942860570038
     34.70583606878775 -238780.94469521209248
     27.74537001666266 -238785.35074199602241
     31.93900303974706 -238781.59826921371859
     22.43816156026683 -238782.17309581086738
     36.20257585735399 -238794.98683805277687
