0.00000000000000 2.53406610743332
0.00000000000000 0.89214716425210
0.00000000000000 1.19988215716516
0.00000000000000 0.99175300301257
0.00000000000000 1.33167351780373
0.00000000000000 0.90276208270612
0.00000000000000 0.48274710999768
0.00000000000000 0.66841147919478
0.00000000000000 0.32187427461477
0.00000000000000 0.25273029733416
0.00000000000000 0.33491141642794
0.00000000000000 0.32954769335953
0.00000000000000 0.34325222271635
0.00000000000000 0.53241991924853
0.00000000000000 0.25638288305661
0.00000000000000 0.21993036892297
0.00000000000000 0.33122969559384
0.00000000000000 0.43839781810323
0.00000000000000 0.61857024074452
0.00000000000000 0.45270135774945
0.00000000000000 0.37370999003940
0.00000000000000 0.41832891324995
0.00000000000000 0.33475970995492
0.00000000000000 0.60345870496926
0.00000000000000 1.25954764259544
0.00000000000000 0.45151531635623
0.00000000000000 0.93571577344072
0.00000000000000 0.83018283067569
0.00000000000000 0.40947879062023
0.00000000000000 0.49435867213320
0.00000000000000 0.33007480309011
0.00000000000000 0.96944841430019
0.00000000000000 0.57908186633671
0.00000000000000 0.82813306956937
0.00000000000000 1.03665192658644
0.00000000000000 0.53197643231099
0.00000000000000 0.71289456926340
0.00000000000000 0.89749212534447
0.00000000000000 0.58485264612495
0.00000000000000 0.32926822212156
0.00000000000000 1.04753182193916
0.00000000000000 1.28951580442262
0.00000000000000 0.63254163378831
0.00000000000000 0.84831471071357
0.00000000000000 0.76494805889740
0.00000000000000 0.77447121132122
0.00000000000000 0.52303758197277
0.00000000000000 0.87509163198839
0.00000000000000 0.66609095640533
0.00000000000000 0.74553775980865
0.00000000000000 0.71687704127404
0.00000000000000 0.88279495631759
0.00000000000000 1.00497219704334
0.00000000000000 0.92670291567014
0.00000000000000 0.59940470524111
0.00000000000000 0.92106968540132
0.00000000000000 1.14611400175006
0.00000000000000 0.92012613614533
0.00000000000000 0.83941958093625
0.00000000000000 0.66027750016990
0.00000000000000 1.42197454923246
0.00000000000000 1.24044166006148
0.00000000000000 1.30502058055718
0.00000000000000 1.13040519006596
0.00000000000000 0.86908954799447
0.00000000000000 1.13385820439516
0.00000000000000 0.96604022287231
0.00000000000000 1.47489177011731
0.00000000000000 1.70265477715169
0.00000000000000 1.21774418622652
0.00000000000000 1.07153699928690
0.00000000000000 0.79190022535255
0.00000000000000 0.60705185414919
0.00000000000000 0.50521168528404
0.00000000000000 0.62861649091570
0.00000000000000 0.74763164693184
0.00000000000000 0.87856071271311
0.00000000000000 1.13062577843438
0.00000000000000 1.56280350758286
0.00000000000000 0.83520609335395
0.00000000000000 0.85499143630125
0.00000000000000 0.65972579138159
0.00000000000000 0.42362027673810
0.00000000000000 0.74531100286636
0.00000000000000 1.05580037564438
0.00000000000000 0.78117519312962
0.00000000000000 1.22605202934712
0.00000000000000 0.76121266596988
0.00000000000000 0.44375501365005
0.00000000000000 0.60796758060160
0.00000000000000 0.32883104659338
0.00000000000000 0.41634852015365
0.00000000000000 0.38019957262769
0.00000000000000 0.41092819983489
0.00000000000000 0.38711783894329
0.00000000000000 0.41888314200971
0.00000000000000 0.61416110516452
0.00000000000000 0.20341676835696
0.00000000000000 0.35786752358616
0.00000000000000 0.57338764877432
0.00000000000000 0.45808131003750
0.00000000000000 0.30469014836125
0.00000000000000 0.74153692998245
0.00000000000000 0.17413769640766
0.00000000000000 0.43800709090892
0.00000000000000 0.19023266967391
0.00000000000000 0.17251076054427
0.00000000000000 0.34683575148155
0.00000000000000 0.28054632538638
0.00000000000000 0.37116205151719
0.00000000000000 0.18114521081293
0.00000000000000 0.25343651178145
0.00000000000000 0.56565549347747
0.00000000000000 0.22488315093290
0.00000000000000 0.38023165142317
0.00000000000000 0.31197925541394
0.00000000000000 0.31427397805240
0.00000000000000 0.74090671095297
0.00000000000000 0.29203117930096
0.00000000000000 0.17624903586086
0.00000000000000 0.34645375291924
0.00000000000000 0.29454901384403
0.00000000000000 0.20905860088370
0.00000000000000 0.37136370110764
0.00000000000000 0.72758169405768
0.00000000000000 1.11833450038845
0.00000000000000 0.77182310369500
0.00000000000000 0.62682098010256
0.00000000000000 0.39476582235408
0.00000000000000 0.48709589545499
0.00000000000000 0.33826054833453
0.00000000000000 0.34329278694533
0.00000000000000 0.38712090442251
0.00000000000000 0.42809380684776
0.00000000000000 0.33073486453069
0.00000000000000 0.22023008373845
0.00000000000000 0.38414662854814
0.00000000000000 0.46054344189455
0.00000000000000 0.35755687953289
0.00000000000000 0.25032664010219
0.00000000000000 0.38836993806348
0.00000000000000 0.37106808263773
0.00000000000000 0.20348604150887
0.00000000000000 0.23048552661563
0.00000000000000 0.53177062699165
0.00000000000000 0.41640301646871
0.00000000000000 0.65783236869949
0.00000000000000 0.29056426157984
0.00000000000000 0.22312620751295
0.00000000000000 0.19975654710517
0.00000000000000 0.48979997564067
0.00000000000000 0.81947626693505
0.00000000000000 0.42659623136312
0.00000000000000 0.50129459919390
0.00000000000000 0.52225999839276
0.00000000000000 0.67861648890841
0.00000000000000 0.64796722905725
0.00000000000000 0.32188987201277
0.00000000000000 0.61905152580048
0.00000000000000 0.41068001738670
0.00000000000000 0.53934448065357
0.00000000000000 0.78882669782869
0.00000000000000 0.85895706663447
0.00000000000000 0.72584251932613
0.00000000000000 0.48597384549261
0.00000000000000 0.42551188399596
0.00000000000000 0.79740235102079
0.00000000000000 0.77045236001909
0.00000000000000 0.62292432105310
0.00000000000000 0.56805695729024
0.00000000000000 0.38739906922713
0.00000000000000 0.90085109944923
0.00000000000000 0.72987162974600
0.00000000000000 0.52834745263963
0.00000000000000 0.57913982012677
0.00000000000000 0.60233540740586
0.00000000000000 0.56848341970170
0.00000000000000 0.25650338328650
0.00000000000000 0.26792881401780
0.00000000000000 0.51092258291515
0.00000000000000 0.16443073216556
0.00000000000000 0.45686168769041
0.00000000000000 0.78477569307903
0.00000000000000 0.41916777234129
0.00000000000000 0.63996070203926
0.00000000000000 0.18671988212469
0.00000000000000 0.23402892181879
0.00000000000000 0.19229174070615
0.00000000000000 0.30696606511481
0.00000000000000 0.57129062125524
0.00000000000000 0.38092521400570
0.00000000000000 0.28530910014293
0.00000000000000 0.34513504642112
0.00000000000000 0.19980634716990
0.00000000000000 0.40801502160771
0.00000000000000 0.63941387062706
0.00000000000000 0.84121291021181
0.00000000000000 0.50051625682274
0.00000000000000 0.63646231266630
0.00000000000000 0.94849760693995
0.00000000000000 0.58823991314809
0.00000000000000 0.57427545610193
0.00000000000000 0.62184005118825
0.00000000000000 0.24072764200687
0.00000000000000 0.52092892689613
0.00000000000000 0.37004713870759
0.00000000000000 0.68216626422803
0.00000000000000 0.23519970222736
0.00000000000000 0.28592400795460
0.00000000000000 0.42575911879629
0.00000000000000 0.63541997493367
0.00000000000000 0.28560120738791
0.00000000000000 0.33606310011508
0.00000000000000 0.68396663816934
0.00000000000000 0.69482114781039
0.00000000000000 0.84735263891459
0.00000000000000 0.27336321131900
0.00000000000000 0.36314004115138
0.00000000000000 0.51589121665160
0.00000000000000 0.25671624402010
0.00000000000000 0.34929894601077
0.00000000000000 0.21522466841624
0.00000000000000 0.21531656525837
0.00000000000000 0.51244548871676
0.00000000000000 0.45175485473827
0.00000000000000 0.64776585030323
0.00000000000000 0.76345755626978
0.00000000000000 1.97744496713797
0.00000000000000 1.10521670735446
0.00000000000000 1.36115340986245
0.00000000000000 0.34387874369266
0.00000000000000 0.39555911494950
0.00000000000000 0.57789665779450
0.00000000000000 0.43058509400721
0.00000000000000 0.26483795535956
0.00000000000000 0.39463145580569
0.00000000000000 0.52312219925949
0.00000000000000 0.29278762693599
0.00000000000000 0.28708056232489
0.00000000000000 0.46087926790868
0.00000000000000 0.32638916526825
0.00000000000000 0.64615928693184
0.00000000000000 0.58371139104411
0.00000000000000 0.63430456272789
0.00000000000000 0.93639602026688
0.00000000000000 0.79559917670247
0.00000000000000 0.33365499007001
0.00000000000000 0.73405661121972
0.00000000000000 0.35375289482107
0.00000000000000 0.70385753596830
0.00000000000000 0.82220706384962
0.00000000000000 1.09707767720616
0.00000000000000 1.40564284788679
0.00000000000000 1.16448572156056
0.00000000000000 1.30897655526680
0.00000000000000 1.08286652752500
0.00000000000000 0.49927321263732
0.00000000000000 0.49363679106589
0.00000000000000 0.52776866074254
0.00000000000000 0.70825918210460
0.00000000000000 0.64757972692764
0.00000000000000 1.12425192202035
0.00000000000000 0.92889038527703
0.00000000000000 0.42582635150949
0.00000000000000 0.48243180177072
0.00000000000000 0.51123971789564
0.00000000000000 0.56390125572701
0.00000000000000 0.71312636694566
0.00000000000000 0.73607079029889
0.00000000000000 0.61044116555720
0.00000000000000 0.59362867796785
0.00000000000000 0.65852434184429
0.00000000000000 0.51151641028498
0.00000000000000 0.48122327414735
0.00000000000000 0.68478470170975
0.00000000000000 0.27855976850851
0.00000000000000 0.22657024681515
0.00000000000000 0.41408444034104
0.00000000000000 0.38248348763625
0.00000000000000 0.27962019518410
0.00000000000000 0.50103729965581
0.00000000000000 0.50820554125054
0.00000000000000 1.46669468844375
0.00000000000000 0.64253811768569
0.00000000000000 0.72779829009408
0.00000000000000 0.84145656532106
0.00000000000000 0.48545384209713
0.00000000000000 0.92605004203972
0.00000000000000 0.43407688958465
0.00000000000000 0.68649451901313
0.00000000000000 0.88853853182575
0.00000000000000 0.73938465145254
0.00000000000000 0.85570012517191
0.00000000000000 1.17433845837975
0.00000000000000 0.99183498431588
0.00000000000000 1.18323965276068
0.00000000000000 1.42313959090676
0.00000000000000 0.87588677298921
0.00000000000000 1.22295838445657
0.00000000000000 0.70787453885676
0.00000000000000 1.01106659261086
0.00000000000000 1.32930435322610
0.00000000000000 1.75816130059268
0.00000000000000 0.85994770941430
0.00000000000000 1.43251834994157
0.00000000000000 1.18272142165062
0.00000000000000 0.87922642795347
0.00000000000000 0.71228168975973
0.00000000000000 0.96849219976725
0.00000000000000 1.31630300010289
0.00000000000000 1.07832331806134
0.00000000000000 0.75683353829227
0.00000000000000 0.89549767115860
0.00000000000000 0.34416303394989
0.00000000000000 0.46650361292389
0.00000000000000 0.30058897565399
0.00000000000000 0.49069634414897
0.00000000000000 0.39542301751746
0.00000000000000 0.36122846593264
0.00000000000000 0.45844238262122
0.00000000000000 0.53563609244051
0.00000000000000 0.36808980616328
0.00000000000000 0.76453679072255
0.00000000000000 0.59258618605836
0.00000000000000 0.26838070218854
0.00000000000000 0.27495678254311
0.00000000000000 0.42155819607179
0.00000000000000 0.45991279451726
0.00000000000000 0.32773395485596
0.00000000000000 0.30546978843402
0.00000000000000 0.22795538619704
0.00000000000000 0.65890414294164
0.00000000000000 0.44401568261223
0.00000000000000 0.58062640354296
0.00000000000000 0.51278652110701
0.00000000000000 1.99798874622223
0.00000000000000 0.63088759641612
0.00000000000000 0.70716547880552
0.00000000000000 0.92321896584933
0.00000000000000 0.53941907431169
0.00000000000000 0.57105134592395
0.00000000000000 0.40194379685053
0.00000000000000 0.34466193216593
0.00000000000000 0.60886045226055
0.00000000000000 0.44261872533457
0.00000000000000 0.28952794976802
0.00000000000000 0.34396233822023
0.00000000000000 0.47177366162907
0.00000000000000 0.40855694700037
0.00000000000000 0.48210690584792
0.00000000000000 0.40063822942729
0.00000000000000 0.82283672474426
0.00000000000000 0.34090924565807
0.00000000000000 0.35100697173385
0.00000000000000 0.37679478129037
0.00000000000000 0.53417962333135
0.00000000000000 0.41756377874162
0.00000000000000 0.63534547257137
0.00000000000000 0.62721871672665
0.00000000000000 0.68177355265630
0.00000000000000 0.65465873080978
0.00000000000000 0.62662675662018
0.00000000000000 0.70192815684231
0.00000000000000 0.54519256061307
0.00000000000000 0.58241847476579
0.00000000000000 0.43277109820403
0.00000000000000 0.64695649360344
0.00000000000000 0.36554858505132
0.00000000000000 0.62573740030740
0.00000000000000 0.76532624238099
0.00000000000000 0.77552932472883
0.00000000000000 0.56130990415164
0.00000000000000 0.46022527825673
0.00000000000000 0.65107926175554
0.00000000000000 0.47464061833643
0.00000000000000 0.70506490105046
0.00000000000000 0.39459627413806
0.00000000000000 0.41917440540118
0.00000000000000 0.43082360130165
0.00000000000000 0.46434466063555
0.00000000000000 0.53346307300758
0.00000000000000 1.19093586693972
0.00000000000000 1.07677862425000
0.00000000000000 0.65729860401913
0.00000000000000 1.10921060062909
0.00000000000000 0.83673758633506
0.00000000000000 0.85386534719397
0.00000000000000 0.79798347196296
0.00000000000000 0.87330590445037
0.00000000000000 0.65974063459122
0.00000000000000 0.98243614895215
0.00000000000000 0.59675858028414
0.00000000000000 0.26119445691274
0.00000000000000 0.43467287113429
0.00000000000000 0.54504351681629
0.00000000000000 0.50559224922849
0.00000000000000 0.83012119161428
0.00000000000000 0.83553303841988
0.00000000000000 0.50602573292939
0.00000000000000 0.77371827412658
0.00000000000000 0.41560811121180
0.00000000000000 0.66666788137710
0.00000000000000 0.32986989443926
0.00000000000000 0.66016333332331
0.00000000000000 0.84023535752117
0.00000000000000 1.23419730471454
0.00000000000000 0.77939737311265
0.00000000000000 1.46797114044927
0.00000000000000 0.63849678145292
0.00000000000000 0.47299111184518
0.00000000000000 0.70236977140831
0.00000000000000 0.46769503201566
0.00000000000000 0.32097870782636
0.00000000000000 0.20224871638179
0.00000000000000 0.61342723026030
0.00000000000000 0.49153749922305
0.00000000000000 0.37028139112619
0.00000000000000 0.29850272511582
0.00000000000000 0.26871090707930
0.00000000000000 0.21411511794615
0.00000000000000 0.45559106633870
0.00000000000000 0.47134975258481
0.00000000000000 0.43639931300465
0.00000000000000 0.44774154367972
0.00000000000000 1.09026912202320
0.00000000000000 0.43261332722931
0.00000000000000 0.58789141594394
0.00000000000000 0.63385007644986
0.00000000000000 0.73954741921711
0.00000000000000 0.98599908504371
0.00000000000000 0.79065635026889
0.00000000000000 0.66106370764733
0.00000000000000 0.57846341585737
0.00000000000000 1.15554361528894
0.00000000000000 1.06259393597700
0.00000000000000 1.29951765526075
0.00000000000000 0.97790486243264
0.00000000000000 1.17958108922537
0.00000000000000 0.70377633694891
0.00000000000000 1.01450567477677
0.00000000000000 1.79658911658502
0.00000000000000 1.01096092133400
0.00000000000000 0.61167259587802
0.00000000000000 0.58091830479554
0.00000000000000 0.50492691079495
0.00000000000000 0.52529621004742
0.00000000000000 0.28851478633155
0.00000000000000 0.37687392459876
0.00000000000000 0.32879481817519
0.00000000000000 0.85565444355426
0.00000000000000 0.64919532009599
0.00000000000000 0.58818457500998
0.00000000000000 0.40262709928896
0.00000000000000 0.63290747770557
0.00000000000000 0.43688996637749
0.00000000000000 0.61341617231412
0.00000000000000 0.97731983053661
0.00000000000000 0.63753659940571
0.00000000000000 0.38054180806450
0.00000000000000 0.64440090828065
0.00000000000000 0.41868231065991
0.00000000000000 0.42420836535546
0.00000000000000 0.27853073421604
0.00000000000000 0.56235611798899
0.00000000000000 0.36446999648919
0.00000000000000 0.37362543659231
0.00000000000000 0.60330340317805
0.00000000000000 1.60639143280385
0.00000000000000 0.65756532634575
0.00000000000000 0.64709468829953
0.00000000000000 0.47455607199103
0.00000000000000 0.93132605420034
0.00000000000000 0.32080702606814
0.00000000000000 0.53196724509368
0.00000000000000 0.82176867919655
0.00000000000000 1.46443885301843
0.00000000000000 1.14934758390086
0.00000000000000 0.50593498095265
0.00000000000000 0.68656783790109
0.00000000000000 0.84747642642589
0.00000000000000 1.06993039758665
0.00000000000000 1.19146586158681
0.00000000000000 1.17350663062412
0.00000000000000 0.81580627244099
0.00000000000000 1.05761586301878
0.00000000000000 0.51374083968634
0.00000000000000 0.66641289039041
0.00000000000000 0.57533439423978
0.00000000000000 0.65164086510059
0.00000000000000 0.93024369746727
0.00000000000000 0.96443806697986
0.00000000000000 0.40777865033732
0.00000000000000 0.32172036169189
0.00000000000000 0.48624479144282
0.00000000000000 0.50353697421275
0.00000000000000 0.41586138347430
0.00000000000000 0.41818924900613
0.00000000000000 0.56409409947789
0.00000000000000 0.57671785502432
0.00000000000000 0.32849515696731
0.00000000000000 0.29071218649300
0.00000000000000 0.44716864652482
0.00000000000000 0.20784405516089
0.00000000000000 0.45112381286312
0.00000000000000 0.28771693302953
0.00000000000000 0.30999322996913
0.00000000000000 0.14972712062943
0.00000000000000 0.44034992784345
0.00000000000000 0.45574734051449
0.00000000000000 0.39237112132473
0.00000000000000 0.94839667454048
0.00000000000000 0.28733823681668
0.00000000000000 0.71303114832264
0.00000000000000 0.47182511790279
0.00000000000000 0.31076271939154
0.00000000000000 0.43375974173389
0.00000000000000 0.42020807000960
0.00000000000000 0.61363041950382
0.00000000000000 0.60998085416937
0.00000000000000 0.68027746459586
0.00000000000000 0.54287874076083
0.00000000000000 1.07716792236004
0.00000000000000 0.22301940704671
0.00000000000000 0.59687131184632
0.00000000000000 0.66449143736916
0.00000000000000 0.87360183258802
0.00000000000000 0.93163870728358
0.00000000000000 0.81278970524370
0.00000000000000 0.48627026562443
0.00000000000000 0.28416473254159
0.00000000000000 0.21643850961506
0.00000000000000 0.79920817758042
0.00000000000000 0.57613098660131
0.00000000000000 0.63742899381883
0.00000000000000 0.69929164185789
0.00000000000000 0.64953452816516
0.00000000000000 0.33541000267207
0.00000000000000 0.61933902612273
0.00000000000000 0.76105475356928
0.00000000000000 0.79554103408378
0.00000000000000 0.33195776202951
0.00000000000000 0.31020148754779
0.00000000000000 0.41997798879960
0.00000000000000 0.33817074235721
0.00000000000000 0.44046610580678
0.00000000000000 0.29319293489353
0.00000000000000 0.31803773727631
0.00000000000000 0.29283463231156
0.00000000000000 1.10067309244828
0.00000000000000 0.66975475176349
0.00000000000000 0.48939117165703
0.00000000000000 0.94336170256487
0.00000000000000 0.36048512781880
0.00000000000000 0.52629148530762
0.00000000000000 0.46554401849198
0.00000000000000 0.24032306080176
0.00000000000000 0.22634582386439
0.00000000000000 0.49777666431094
0.00000000000000 0.57927188797785
0.00000000000000 0.52343877314506
0.00000000000000 0.55227917641167
0.00000000000000 1.30696840764534
0.00000000000000 1.48221823835715
0.00000000000000 0.98210322795038
0.00000000000000 0.52385452997310
0.00000000000000 0.34879136661810
0.00000000000000 1.00451968638125
0.00000000000000 3.13629085216400
0.00000000000000 0.38514502293021
0.00000000000000 0.59373493050027
0.00000000000000 0.66373918744866
0.00000000000000 0.41599142193087
0.00000000000000 0.60383464717887
0.00000000000000 0.65150307280979
0.00000000000000 0.59103619566790
0.00000000000000 0.40167177050046
0.00000000000000 0.28474623341599
0.00000000000000 0.29700570657604
0.00000000000000 0.42198434766528
0.00000000000000 0.44965874238698
0.00000000000000 0.45178713403922
0.00000000000000 0.88530991845027
0.00000000000000 0.50715937906126
0.00000000000000 0.38660875538135
0.00000000000000 0.30794992367022
0.00000000000000 0.44237447452864
0.00000000000000 0.27023316884322
0.00000000000000 0.23698589975160
0.00000000000000 0.86232365694986
0.00000000000000 0.40738788270208
0.00000000000000 0.30130017802752
0.00000000000000 0.48717791566477
0.00000000000000 0.34162200081134
0.00000000000000 0.25806184172933
0.00000000000000 0.17019733260480
0.00000000000000 0.31466843995678
0.00000000000000 0.26896353809122
0.00000000000000 0.21649222390726
0.00000000000000 0.25609010513452
0.00000000000000 0.40316288918274
0.00000000000000 0.38528478315283
0.00000000000000 0.13913741336848
0.00000000000000 0.42430244581179
0.00000000000000 0.37107496115116
0.00000000000000 0.42265524552113
0.00000000000000 0.26834909171126
0.00000000000000 0.48803327854037
0.00000000000000 0.47026607590878
0.00000000000000 0.37452062480688
0.00000000000000 0.52072346444162
0.00000000000000 0.77954100520012
0.00000000000000 0.39841028142476
0.00000000000000 0.54120389235894
0.00000000000000 0.28352562086350
0.00000000000000 0.25510223286185
0.00000000000000 1.03495280960657
0.00000000000000 0.58937221664347
0.00000000000000 0.59377829612732
0.00000000000000 0.47725904979834
0.00000000000000 0.41777900928291
0.00000000000000 0.59744539641674
0.00000000000000 0.55365849190781
0.00000000000000 0.28537091396850
0.00000000000000 0.74252085902083
0.00000000000000 0.37709755872462
0.00000000000000 0.22676887722809
0.00000000000000 0.24017230295807
0.00000000000000 0.32644382489565
0.00000000000000 0.21474477845513
0.00000000000000 0.17328626603830
0.00000000000000 0.43670163116120
0.00000000000000 0.35112719531434
0.00000000000000 0.34924764757232
0.00000000000000 0.47513319146313
0.00000000000000 0.42014901463191
0.00000000000000 0.29036023041250
0.00000000000000 0.35532772265320
0.00000000000000 0.32787553183562
0.00000000000000 0.35093822299199
0.00000000000000 0.38058625992602
0.00000000000000 0.67658322916712
0.00000000000000 1.51566378957784
0.00000000000000 0.65192023910562
0.00000000000000 0.85820925822389
0.00000000000000 0.29848097748307
0.00000000000000 0.41196802731224
0.00000000000000 0.31169454353843
0.00000000000000 0.36671648853099
0.00000000000000 0.64840447172394
0.00000000000000 0.31064474720955
0.00000000000000 0.21900032832046
0.00000000000000 0.33377423769552
0.00000000000000 0.42038954524703
0.00000000000000 0.31916165250086
0.00000000000000 0.27082992196840
0.00000000000000 0.28814506263885
0.00000000000000 0.20626228999219
0.00000000000000 0.33938885732633
0.00000000000000 0.35222609317939
0.00000000000000 0.46647322854384
0.00000000000000 0.22937830847585
0.00000000000000 0.34382661169815
0.00000000000000 0.27389272761822
0.00000000000000 0.27531735700293
0.00000000000000 0.20800593810833
0.00000000000000 0.51580186187990
0.00000000000000 0.48448721747685
0.00000000000000 0.35044812327335
0.00000000000000 0.29113533235853
0.00000000000000 0.17217208087653
0.00000000000000 0.18794128781279
0.00000000000000 0.39595244244897
0.00000000000000 0.42667048954168
0.00000000000000 0.40275230570346
0.00000000000000 0.33090508278388
0.00000000000000 0.57959354678534
0.00000000000000 0.66982849894896
0.00000000000000 0.51938956589609
0.00000000000000 0.33192643679158
0.00000000000000 0.42997302090034
0.00000000000000 0.46309224307055
0.00000000000000 0.64464672039736
0.00000000000000 0.72187301070685
0.00000000000000 0.60351792507752
0.00000000000000 1.00247842070209
0.00000000000000 0.67542935846028
0.00000000000000 0.45102179718021
0.00000000000000 0.58346312610869
0.00000000000000 0.64945488520650
0.00000000000000 0.24772783519117
0.00000000000000 0.44655637780455
0.00000000000000 0.34878575913476
0.00000000000000 0.15505472401682
0.00000000000000 0.40795082902175
0.00000000000000 0.36660397305769
0.00000000000000 0.36396612478181
0.00000000000000 0.29948062199089
0.00000000000000 0.86624092240612
0.00000000000000 1.50796079817084
0.00000000000000 0.49359431617955
0.00000000000000 0.51138452323775
0.00000000000000 1.61970080962731
0.00000000000000 2.27710953500512
0.00000000000000 1.88598934899719
0.00000000000000 0.63458968643043
0.00000000000000 0.33344184607440
0.00000000000000 0.68733139473697
0.00000000000000 0.30863720867194
0.00000000000000 0.46568010344164
0.00000000000000 0.37299762501716
0.00000000000000 0.50996929022664
0.00000000000000 0.86664082354197
0.00000000000000 0.64126029928121
0.00000000000000 0.81417450826855
0.00000000000000 1.26202758087306
0.00000000000000 0.56848044883700
0.00000000000000 0.52163960883632
0.00000000000000 0.79590896839876
0.00000000000000 0.83620212859849
0.00000000000000 0.67055878709667
0.00000000000000 0.45447421847951
0.00000000000000 0.31193742653946
0.00000000000000 0.59709683906725
0.00000000000000 0.28852449982146
0.00000000000000 0.33811855672776
0.00000000000000 0.25697172567281
0.00000000000000 0.19887470869373
0.00000000000000 0.19139747346724
0.00000000000000 0.24652927228305
0.00000000000000 0.46492600154799
0.00000000000000 0.27845167318497
0.00000000000000 0.49425446181262
0.00000000000000 0.47672908517622
0.00000000000000 0.19363074305720
0.00000000000000 0.27537924757076
0.00000000000000 0.82169209652120
0.00000000000000 1.16094712689661
0.00000000000000 1.49416283629736
0.00000000000000 0.57701460168628
0.00000000000000 0.50612128912443
0.00000000000000 0.47336227538133
0.00000000000000 0.42522736901765
0.00000000000000 0.47507221026345
0.00000000000000 0.92017513574508
0.00000000000000 0.39867544126411
0.00000000000000 0.63296131575190
0.00000000000000 0.31028744749573
0.00000000000000 0.19051601659243
0.00000000000000 0.40993293359520
0.00000000000000 0.46210602563356
0.00000000000000 0.21794546937422
0.00000000000000 0.24365261782621
0.00000000000000 0.31996285559926
0.00000000000000 0.47415452297974
0.00000000000000 0.35709651008712
0.00000000000000 0.27198926369902
0.00000000000000 0.38949369434912
0.00000000000000 0.30050181440914
0.00000000000000 0.52464950620720
0.00000000000000 0.39931820185080
0.00000000000000 0.56880513134092
0.00000000000000 0.32265092193029
0.00000000000000 0.27469190064526
0.00000000000000 0.60603835333021
0.00000000000000 0.55712510744128
0.00000000000000 0.43506769326973
0.00000000000000 0.17524073652688
0.00000000000000 0.48059070704647
0.00000000000000 0.54299093653627
0.00000000000000 0.38024996861730
0.00000000000000 0.25274887988201
0.00000000000000 0.73282884493498
0.00000000000000 0.67833127031183
0.00000000000000 0.62175535386784
0.00000000000000 0.62861871073466
0.00000000000000 0.67122134270959
0.00000000000000 0.42857401029951
0.00000000000000 0.22624720183545
0.00000000000000 0.41327174893079
0.00000000000000 0.75653995638172
0.00000000000000 0.65539763157849
0.00000000000000 0.51182656461414
0.00000000000000 0.58543418415288
0.00000000000000 0.73332846909854
0.00000000000000 0.29518293996483
0.00000000000000 0.27133482474964
0.00000000000000 0.18786309414461
0.00000000000000 0.20660445120207
0.00000000000000 0.39118930247619
0.00000000000000 0.24378772710101
0.00000000000000 0.56796231579722
0.00000000000000 0.20421879405540
0.00000000000000 0.58274957024503
0.00000000000000 0.16672385871634
0.00000000000000 0.31774477951337
0.00000000000000 0.31108232636106
0.00000000000000 0.36967182324909
0.00000000000000 0.20131698611259
0.00000000000000 0.38170632356297
0.00000000000000 0.63760886237817
0.00000000000000 0.41503814783735
0.00000000000000 0.42752651608697
0.00000000000000 0.45412642449093
0.00000000000000 0.52336728330012
0.00000000000000 0.72810141769709
0.00000000000000 1.28035290420173
0.00000000000000 0.61636459554404
0.00000000000000 1.12777830282891
0.00000000000000 1.45320524068978
0.00000000000000 1.37556376863222
0.00000000000000 0.82486399222145
0.00000000000000 0.89230517409910
0.00000000000000 0.55594362931824
0.00000000000000 0.53004443065435
0.00000000000000 0.44518296105404
0.00000000000000 0.49136285000661
0.00000000000000 0.23966340466277
0.00000000000000 0.48042092368863
0.00000000000000 0.33758174371425
0.00000000000000 0.42398629240495
0.00000000000000 0.69623232960950
0.00000000000000 0.95192616702095
0.00000000000000 0.30407608172541
0.00000000000000 0.47593781025707
0.00000000000000 0.41292445215071
0.00000000000000 0.50857831195177
0.00000000000000 0.30260429712001
0.00000000000000 0.43724109648457
0.00000000000000 0.60878047894518
0.00000000000000 0.61617153769606
0.00000000000000 0.46928977077425
0.00000000000000 0.66392268001049
0.00000000000000 0.39270712961881
0.00000000000000 0.37311662725694
0.00000000000000 0.45040390829773
0.00000000000000 0.38253400481740
0.00000000000000 0.63221923758352
0.00000000000000 1.10914398425341
0.00000000000000 1.32188750049243
0.00000000000000 1.38106773125523
0.00000000000000 1.74035957363333
0.00000000000000 0.88113533419801
0.00000000000000 1.16385290574516
0.00000000000000 0.80370287531685
0.00000000000000 1.61260227405698
0.00000000000000 1.64359359427780
0.00000000000000 1.14934603971892
0.00000000000000 1.90494672535370
0.00000000000000 0.85351045042261
0.00000000000000 0.48283480708863
0.00000000000000 0.77216575533019
0.00000000000000 0.73016932591926
0.00000000000000 0.58600068115949
0.00000000000000 0.33664881255166
0.00000000000000 0.55996238054156
0.00000000000000 0.54280735300180
0.00000000000000 0.23384825720393
0.00000000000000 0.58354621862499
0.00000000000000 0.18507796076740
0.00000000000000 0.46312838846839
0.00000000000000 0.57952150974417
0.00000000000000 0.48532154875138
0.00000000000000 0.53223209493894
0.00000000000000 0.39878691483489
0.00000000000000 0.64864273672913
0.00000000000000 0.54562157985867
0.00000000000000 0.46752532084182
0.00000000000000 0.33886459396232
0.00000000000000 0.32468732767415
0.00000000000000 0.82280005272437
0.00000000000000 0.65636270398459
0.00000000000000 0.92696671338705
0.00000000000000 0.85448570644856
0.00000000000000 0.98173784120089
0.00000000000000 0.75671249316170
0.00000000000000 0.67334352583430
0.00000000000000 0.68959996668187
0.00000000000000 0.60138533899304
0.00000000000000 0.90283701630667
0.00000000000000 1.27985835211535
0.00000000000000 0.66636812361658
0.00000000000000 0.48506197247276
0.00000000000000 0.27573038936627
0.00000000000000 0.47859551532965
0.00000000000000 0.27380092515804
0.00000000000000 0.26214771681085
0.00000000000000 0.40995920919272
0.00000000000000 0.38776516504434
0.00000000000000 0.59122102262117
0.00000000000000 0.52405678109372
0.00000000000000 0.53441679206450
0.00000000000000 0.41427027483127
0.00000000000000 0.35615384890713
0.00000000000000 0.59196554664182
0.00000000000000 0.25485181253977
0.00000000000000 0.42766180470760
0.00000000000000 0.54802470030982
0.00000000000000 0.28653166065692
0.00000000000000 0.23694006485710
0.00000000000000 0.45264491784305
0.00000000000000 0.41777297899059
0.00000000000000 0.46573675454279
0.00000000000000 0.65314389898951
0.00000000000000 0.49350653742585
0.00000000000000 0.60153003820497
0.00000000000000 0.40062028515980
0.00000000000000 0.28699746171026
0.00000000000000 0.29482490827822
0.00000000000000 0.28470799170379
0.00000000000000 0.46232642872560
0.00000000000000 0.34786139848494
0.00000000000000 0.43346957619789
0.00000000000000 0.37781760269159
0.00000000000000 0.36972439893474
0.00000000000000 0.29295415874098
0.00000000000000 0.48452776514857
0.00000000000000 0.54704620858740
0.00000000000000 0.29502663487285
0.00000000000000 0.24751668297840
0.00000000000000 0.31591636795005
0.00000000000000 0.18815863774508
0.00000000000000 0.64306783930390
0.00000000000000 0.31110328620125
0.00000000000000 0.22159079874204
0.00000000000000 1.24743937949187
0.00000000000000 0.65093262844075
0.00000000000000 0.58675419371963
0.00000000000000 0.37897647880755
0.00000000000000 0.49954951389837
0.00000000000000 0.69322526784403
0.00000000000000 0.26818323571290
0.00000000000000 0.32727221544044
0.00000000000000 0.31985993112299
0.00000000000000 0.64009916230891
0.00000000000000 0.67954658081908
0.00000000000000 0.80665433926182
0.00000000000000 0.38811030596961
0.00000000000000 0.27919892321646
0.00000000000000 0.23320234087742
0.00000000000000 0.16728727318400
0.00000000000000 0.20571247389608
0.00000000000000 0.21610178090494
0.00000000000000 0.18362904436877
0.00000000000000 0.21967337764349
0.00000000000000 0.24650435765787
0.00000000000000 0.30362298379636
0.00000000000000 0.28679395820895
0.00000000000000 0.24115689882095
0.00000000000000 0.33831249903481
0.00000000000000 0.48761830340695
0.00000000000000 0.34186514086975
0.00000000000000 0.41389961043323
0.00000000000000 0.23499938849219
0.00000000000000 0.15979508779276
0.00000000000000 0.21062673771395
0.00000000000000 0.17618901085143
0.00000000000000 0.36384298004413
0.00000000000000 0.52830514622482
0.00000000000000 0.19504151448053
0.00000000000000 0.53170786886054
0.00000000000000 0.19619536960080
0.00000000000000 0.34390001724911
0.00000000000000 0.40927073183057
0.00000000000000 0.35880959737258
0.00000000000000 0.19952722302392
0.00000000000000 0.50865471757064
0.00000000000000 0.16178056497580
0.00000000000000 0.25094378519739
0.00000000000000 0.43722716723786
0.00000000000000 0.42698566552203
0.00000000000000 0.32121585499966
0.00000000000000 0.63001371529669
0.00000000000000 0.35380860126952
0.00000000000000 0.42660048037329
0.00000000000000 0.27647397597416
0.00000000000000 0.19512094545210
0.00000000000000 0.35878203770209
0.00000000000000 0.99578291693075
0.00000000000000 0.73880805805180
0.00000000000000 1.22568001778088
0.00000000000000 1.30257633029785
0.00000000000000 0.65395036506450
0.00000000000000 0.33460328681417
0.00000000000000 0.78594102503155
0.00000000000000 0.37047956168809
0.00000000000000 0.28629082102137
0.00000000000000 0.32186746086396
0.00000000000000 0.33501747721034
0.00000000000000 0.25432665650750
0.00000000000000 0.60051221485379
0.00000000000000 0.44101705227109
0.00000000000000 0.53712832110014
0.00000000000000 0.38335962492697
0.00000000000000 0.23279647880863
0.00000000000000 0.63639499856694
0.00000000000000 1.34342172066882
0.00000000000000 0.54041092998571
0.00000000000000 0.70401055675549
0.00000000000000 0.70649339671654
