0.00000000000000 0.16454260097482
0.00000000000000 0.29758727820898
0.00000000000000 0.15758605023416
0.00000000000000 0.09614303698729
0.00000000000000 0.12108761343322
0.00000000000000 0.08663095885518
0.00000000000000 0.21083729924983
0.00000000000000 0.33352429522677
0.00000000000000 0.18399126560545
0.00000000000000 0.14233271618203
0.00000000000000 0.19690914363115
0.00000000000000 0.30437151423313
0.00000000000000 0.45130293517604
0.00000000000000 0.37206902650739
0.00000000000000 0.59910399285397
0.00000000000000 0.29874264529161
0.00000000000000 1.06586155878003
0.00000000000000 0.67548419509736
0.00000000000000 1.23718863947581
0.00000000000000 1.40519414796660
0.00000000000000 0.38369817080434
0.00000000000000 0.39222433064851
0.00000000000000 0.54769681807539
0.00000000000000 0.53054201049535
0.00000000000000 0.64369176724909
0.00000000000000 1.40602687100841
0.00000000000000 0.61247082353996
0.00000000000000 0.26914050864742
0.00000000000000 0.39636065183199
0.00000000000000 0.31706060544629
0.00000000000000 0.29197512629826
0.00000000000000 0.39314383207112
0.00000000000000 0.18617238107842
0.00000000000000 0.34687777233750
0.00000000000000 0.20524653328397
0.00000000000000 0.25527644700372
0.00000000000000 0.18951226675391
0.00000000000000 0.47062438078695
0.00000000000000 0.30874297879948
0.00000000000000 0.31001934271602
0.00000000000000 0.48560277699612
0.00000000000000 0.36680713099742
0.00000000000000 0.31819068832064
0.00000000000000 0.48633138918157
0.00000000000000 0.45735392974076
0.00000000000000 1.23782951379599
0.00000000000000 0.24602445549648
0.00000000000000 0.95579893714159
0.00000000000000 0.43616505053913
0.00000000000000 0.32729394152729
0.00000000000000 0.31635584407229
0.00000000000000 0.31320993062465
0.00000000000000 0.42121768482882
0.00000000000000 0.40161793117922
0.00000000000000 0.30362139710563
0.00000000000000 0.16327923922153
0.00000000000000 0.12664229857719
0.00000000000000 0.25809031557886
0.00000000000000 0.17572624591467
0.00000000000000 0.17240162305615
0.00000000000000 0.22723872370250
0.00000000000000 0.16974670645790
0.00000000000000 0.15274745531757
0.00000000000000 0.27969945678904
0.00000000000000 0.12122366998978
0.00000000000000 0.11907799591817
0.00000000000000 0.13003217992513
0.00000000000000 0.17645851667439
0.00000000000000 0.14541275660373
0.00000000000000 0.10473645001275
0.00000000000000 0.16267187647096
0.00000000000000 0.14887078590863
0.00000000000000 0.20648089400699
0.00000000000000 0.26144825639303
0.00000000000000 0.54132152514839
0.00000000000000 0.16928458485157
0.00000000000000 0.21106852245044
0.00000000000000 0.17369809604103
0.00000000000000 0.19638695640376
0.00000000000000 0.17283916164789
0.00000000000000 0.25624202825804
0.00000000000000 0.15096409616629
0.00000000000000 0.19775516308452
0.00000000000000 0.23876667885623
0.00000000000000 0.17214426772199
0.00000000000000 0.13107705968814
0.00000000000000 0.17841554579904
0.00000000000000 0.18485715903559
0.00000000000000 0.12781092641760
0.00000000000000 0.19094087228958
0.00000000000000 0.17718459797735
0.00000000000000 0.09922065378172
0.00000000000000 0.30934624477615
0.00000000000000 0.15537389325039
0.00000000000000 0.11854577871814
0.00000000000000 0.12579876149836
0.00000000000000 0.12824533548118
0.00000000000000 0.13186229473047
0.00000000000000 0.13279386321751
0.00000000000000 0.22219089770124
0.00000000000000 0.21307964516438
0.00000000000000 0.09947737656718
0.00000000000000 0.17280065240135
0.00000000000000 0.12861034845530
0.00000000000000 0.30076047143668
0.00000000000000 0.21539999814417
0.00000000000000 0.24308610337446
0.00000000000000 0.40251337931749
0.00000000000000 0.21276720668135
0.00000000000000 0.24899993363887
0.00000000000000 0.29121676305729
0.00000000000000 0.25317530741092
0.00000000000000 0.16214318738304
0.00000000000000 0.13909026200842
0.00000000000000 0.25677380752469
0.00000000000000 0.23312529182481
0.00000000000000 0.14131175921777
0.00000000000000 0.16864381515756
0.00000000000000 0.26631846965874
0.00000000000000 0.22110565825143
0.00000000000000 0.33871515043658
0.00000000000000 0.55287156682425
0.00000000000000 0.28589147676200
0.00000000000000 0.14562532287110
0.00000000000000 0.23979984850632
0.00000000000000 0.29085653512836
0.00000000000000 0.17563111348701
0.00000000000000 0.13614409211277
0.00000000000000 0.18521460281081
0.00000000000000 0.10956571061183
0.00000000000000 0.10920209041647
0.00000000000000 0.10394139798100
0.00000000000000 0.10649582505956
0.00000000000000 0.15394583105964
0.00000000000000 0.17427002076559
0.00000000000000 0.16238283767168
0.00000000000000 0.20805207856759
0.00000000000000 0.19614742078720
0.00000000000000 0.36672126725113
0.00000000000000 0.21130082043494
0.00000000000000 0.15519339007363
0.00000000000000 0.23687630290080
0.00000000000000 0.11322349920093
0.00000000000000 0.18832226007385
0.00000000000000 0.11327645065501
0.00000000000000 0.16017392451051
0.00000000000000 0.30628352926920
0.00000000000000 0.14805605530412
0.00000000000000 0.17977983204262
0.00000000000000 0.40182996463129
0.00000000000000 0.28175622807956
0.00000000000000 0.22198309918623
0.00000000000000 0.46228496561797
0.00000000000000 0.19840440882800
0.00000000000000 0.21903153090812
0.00000000000000 0.12852942254145
0.00000000000000 0.22358013051372
0.00000000000000 0.12096103193796
0.00000000000000 0.17144052206053
0.00000000000000 0.21354332610502
0.00000000000000 0.39530681291251
0.00000000000000 0.19866342890802
0.00000000000000 0.30999641906888
0.00000000000000 0.24751910066820
0.00000000000000 0.30365959888461
0.00000000000000 0.30192835329724
0.00000000000000 0.21452317756014
0.00000000000000 0.15189212355901
0.00000000000000 0.13590517715908
0.00000000000000 0.31034227593317
0.00000000000000 0.40676473614271
0.00000000000000 0.85791543286353
0.00000000000000 0.51760919439390
0.00000000000000 0.41871613896790
0.00000000000000 0.67528014226611
0.00000000000000 0.81438791271602
0.00000000000000 0.75790773697927
0.00000000000000 0.51579962455218
0.00000000000000 0.39229398457419
0.00000000000000 0.25475843318122
0.00000000000000 0.25456052286621
0.00000000000000 0.25399389513509
0.00000000000000 0.44776214492927
0.00000000000000 0.27865654763826
0.00000000000000 0.28656174854771
0.00000000000000 0.10472071933163
0.00000000000000 0.17362913500690
0.00000000000000 0.15525322397834
0.00000000000000 0.20099275125305
0.00000000000000 0.22569215263368
0.00000000000000 0.23989751087629
0.00000000000000 0.12781541234453
0.00000000000000 0.11117496824041
0.00000000000000 0.31003283116417
0.00000000000000 0.21007697265011
0.00000000000000 0.32965741436488
0.00000000000000 0.15187124477086
0.00000000000000 0.20358785409242
0.00000000000000 0.30519702922284
0.00000000000000 0.28920977178419
0.00000000000000 0.37028179978504
0.00000000000000 0.21203942273303
0.00000000000000 0.32977044255402
0.00000000000000 0.17049786544606
0.00000000000000 0.14130526555486
0.00000000000000 0.20571410244317
0.00000000000000 0.25129753033472
0.00000000000000 0.21438264393200
0.00000000000000 0.15629403924546
0.00000000000000 0.20993895706098
0.00000000000000 0.23126571530555
0.00000000000000 0.12970293383746
0.00000000000000 0.09922758975795
0.00000000000000 0.21097964903874
0.00000000000000 0.38633780313099
0.00000000000000 0.28986220239029
0.00000000000000 0.19199570248463
0.00000000000000 0.08477269902660
0.00000000000000 0.15801853798816
0.00000000000000 0.11167545307474
0.00000000000000 0.66595580365640
0.00000000000000 0.13410078876744
0.00000000000000 0.12506265698967
0.00000000000000 0.13765887574187
0.00000000000000 0.10646276026576
0.00000000000000 0.12820798002736
0.00000000000000 0.13705481361449
0.00000000000000 0.28866759179782
0.00000000000000 0.16210233883482
0.00000000000000 0.15321242039416
0.00000000000000 0.08586206366957
0.00000000000000 0.15065786182848
0.00000000000000 0.32425723813930
0.00000000000000 0.24648391257279
0.00000000000000 0.18076257012954
0.00000000000000 0.18834304948729
0.00000000000000 0.07833415379437
0.00000000000000 0.49234884815978
0.00000000000000 0.22643944555534
0.00000000000000 0.38547609858831
0.00000000000000 0.65788652566420
0.00000000000000 0.38737148391001
0.00000000000000 0.21951278958564
0.00000000000000 0.76045393537067
0.00000000000000 0.20930721504532
0.00000000000000 0.33281157314130
0.00000000000000 0.63964296026704
0.00000000000000 1.29050676407803
0.00000000000000 0.29822863651654
0.00000000000000 0.16303091454625
0.00000000000000 0.15729081504515
0.00000000000000 0.17569362774702
0.00000000000000 0.16621637252528
0.00000000000000 0.35152185569123
0.00000000000000 0.25507344092818
0.00000000000000 0.17653225828890
0.00000000000000 0.21618709516962
0.00000000000000 0.23995608396909
0.00000000000000 0.11801939602401
0.00000000000000 0.20630831584027
0.00000000000000 0.16685783589772
0.00000000000000 0.13640253764189
0.00000000000000 0.39138604201398
0.00000000000000 0.36392640298437
0.00000000000000 0.41639859599657
0.00000000000000 0.35850565524479
0.00000000000000 0.24875592886508
0.00000000000000 0.21038345116850
0.00000000000000 0.19855184696083
0.00000000000000 0.14225845145517
0.00000000000000 0.12119092721616
0.00000000000000 0.31953641672138
0.00000000000000 0.12476001108748
0.00000000000000 0.14006742739240
0.00000000000000 0.25870065473501
0.00000000000000 0.17628196969758
0.00000000000000 0.18552814320454
0.00000000000000 0.59343392614546
0.00000000000000 0.39477262654882
0.00000000000000 0.30261608264424
0.00000000000000 0.22207147140195
0.00000000000000 0.10782681174684
0.00000000000000 0.31967514400852
0.00000000000000 0.72209454349703
0.00000000000000 0.17124293136503
0.00000000000000 0.10778703854531
0.00000000000000 0.07281263630992
0.00000000000000 0.18760928990137
0.00000000000000 0.12647597764802
0.00000000000000 0.20081789100958
0.00000000000000 0.27947516278555
0.00000000000000 0.17760177626956
0.00000000000000 0.21994419979417
0.00000000000000 0.11073276829422
0.00000000000000 0.19171821894452
0.00000000000000 0.13825898183396
0.00000000000000 0.13701030503756
0.00000000000000 0.07773483316348
0.00000000000000 0.09357615545313
0.00000000000000 0.11486620414835
0.00000000000000 0.21489881498602
0.00000000000000 0.16544427975552
0.00000000000000 0.35703881215177
0.00000000000000 0.20367725514945
0.00000000000000 0.16940748274245
0.00000000000000 0.25045611389903
0.00000000000000 0.20220977424042
0.00000000000000 0.16990644543689
0.00000000000000 0.17200387268964
0.00000000000000 0.17015381052612
0.00000000000000 0.16249666662830
0.00000000000000 0.11218553445037
0.00000000000000 0.23996991499552
0.00000000000000 0.28189528863076
0.00000000000000 0.17966278603783
0.00000000000000 0.26190939799450
0.00000000000000 0.21986186815051
0.00000000000000 0.46185005453181
0.00000000000000 0.22295439770396
0.00000000000000 0.23816033156634
0.00000000000000 0.24937082802240
0.00000000000000 0.31437751946552
0.00000000000000 0.15297797076888
0.00000000000000 0.35897927200762
0.00000000000000 0.19475400586036
0.00000000000000 0.20510386531143
0.00000000000000 0.54939986977900
0.00000000000000 0.32230695615066
0.00000000000000 0.71092639927877
0.00000000000000 0.31844599108281
0.00000000000000 0.42024993027293
0.00000000000000 0.31782387895735
0.00000000000000 0.43636610296442
0.00000000000000 0.23061724356733
0.00000000000000 0.42081270287621
0.00000000000000 0.23249613513882
0.00000000000000 0.28355330695052
0.00000000000000 0.43598294059609
0.00000000000000 0.17396579753077
0.00000000000000 0.32437135916565
0.00000000000000 0.29674574986540
0.00000000000000 0.29077297072878
0.00000000000000 0.23378075134697
0.00000000000000 0.41921809971203
0.00000000000000 0.65155843932956
0.00000000000000 0.35346720176278
0.00000000000000 0.40048652691848
0.00000000000000 0.80569165451887
0.00000000000000 1.41574389660505
0.00000000000000 0.62156200662826
0.00000000000000 0.78814727804498
0.00000000000000 0.43099334526062
0.00000000000000 0.35398411812931
0.00000000000000 0.82636222697755
0.00000000000000 0.49847241436143
0.00000000000000 0.54758730821789
0.00000000000000 0.71813669426756
0.00000000000000 0.59484792934704
0.00000000000000 0.72150964532920
0.00000000000000 1.07463633805234
0.00000000000000 0.81666585035204
0.00000000000000 0.37268147468631
0.00000000000000 0.58664153261130
0.00000000000000 0.49297095835266
0.00000000000000 0.61197714934835
0.00000000000000 0.44064822684711
0.00000000000000 0.52035858531645
0.00000000000000 0.51810147466867
0.00000000000000 0.37034223720754
0.00000000000000 0.21006990917470
0.00000000000000 0.25347688292836
0.00000000000000 0.19220851972063
0.00000000000000 0.28075810456056
0.00000000000000 0.45614824384729
0.00000000000000 0.24185911412070
0.00000000000000 0.44188410422242
0.00000000000000 0.70750627771567
0.00000000000000 0.97788807084669
0.00000000000000 0.31357873876041
0.00000000000000 0.46885280959387
0.00000000000000 0.57214153160660
0.00000000000000 0.46082893304076
0.00000000000000 0.51406204421224
0.00000000000000 0.46121858640460
0.00000000000000 0.41516873852582
0.00000000000000 0.55473841233151
0.00000000000000 0.32985780996314
0.00000000000000 0.27233506987150
0.00000000000000 0.84142645549157
0.00000000000000 0.42249107391537
0.00000000000000 0.39469008436795
0.00000000000000 0.61487038616125
0.00000000000000 1.06064262677102
0.00000000000000 0.62238107288879
0.00000000000000 0.56571475079249
0.00000000000000 0.51036700423394
0.00000000000000 0.35263482402528
0.00000000000000 0.63192503489165
0.00000000000000 0.65857531388387
0.00000000000000 0.48220152607313
0.00000000000000 0.84841104160107
0.00000000000000 0.47924799447224
0.00000000000000 0.99936603506332
0.00000000000000 0.52933367924569
0.00000000000000 0.62174558069742
0.00000000000000 1.11914187376411
0.00000000000000 1.32830939209789
0.00000000000000 0.80206773299404
0.00000000000000 1.10447273684865
0.00000000000000 0.41763516948774
0.00000000000000 1.23108806073434
0.00000000000000 0.31805850207890
0.00000000000000 0.60228935198902
0.00000000000000 0.82187015726094
0.00000000000000 0.40184622553970
0.00000000000000 1.28447942001711
0.00000000000000 0.70512777225636
0.00000000000000 0.29798082516031
0.00000000000000 0.27292481267117
0.00000000000000 0.33789780549425
0.00000000000000 0.45945054630316
0.00000000000000 0.25212009557319
0.00000000000000 0.59945703796751
0.00000000000000 0.24951232542649
0.00000000000000 0.58497668676099
0.00000000000000 0.34950845981426
0.00000000000000 0.31636794002895
0.00000000000000 0.66459339156022
0.00000000000000 0.45001652199873
0.00000000000000 0.48611253902621
0.00000000000000 0.49076804710787
0.00000000000000 0.31612762895939
0.00000000000000 0.34089670443336
0.00000000000000 0.28090251897894
0.00000000000000 0.44517301289720
0.00000000000000 0.35276125082121
0.00000000000000 0.47660839955831
0.00000000000000 0.32129379243567
0.00000000000000 0.32853066705126
0.00000000000000 0.30424353749763
0.00000000000000 0.37953423757945
0.00000000000000 0.26408054344046
0.00000000000000 0.33362696711534
0.00000000000000 0.79703074715389
0.00000000000000 0.25266753549059
0.00000000000000 0.27546394889172
0.00000000000000 0.19477580532429
0.00000000000000 0.21877142126661
0.00000000000000 0.23286906882227
0.00000000000000 0.29478271274528
0.00000000000000 0.33428875443055
0.00000000000000 0.22491720006422
0.00000000000000 0.14792019720187
0.00000000000000 0.24836355620085
0.00000000000000 0.17635308400092
0.00000000000000 0.13683081644742
0.00000000000000 0.15576520639856
0.00000000000000 0.22046434323251
0.00000000000000 0.40361369606654
0.00000000000000 0.44337001560690
0.00000000000000 0.32237890316715
0.00000000000000 0.15499575875610
0.00000000000000 0.21500789061865
0.00000000000000 0.20956070986476
0.00000000000000 0.26811535112541
0.00000000000000 0.27371900769335
0.00000000000000 0.26171779166980
0.00000000000000 0.30019022293404
0.00000000000000 0.21549201727160
0.00000000000000 0.15936913230392
0.00000000000000 0.27919382626679
0.00000000000000 0.17043139819403
0.00000000000000 0.08311669687713
0.00000000000000 0.14626625766228
0.00000000000000 0.21580073794176
0.00000000000000 0.30047276123756
0.00000000000000 0.27958916520497
0.00000000000000 0.19206136635303
0.00000000000000 0.27054744900791
0.00000000000000 0.28019661397300
0.00000000000000 0.14872735570717
0.00000000000000 0.31218523893169
0.00000000000000 0.26588306778530
0.00000000000000 0.45911409781287
0.00000000000000 0.62405852537772
0.00000000000000 0.18065102830446
0.00000000000000 0.29297631496026
0.00000000000000 0.19743992034773
0.00000000000000 0.24294616252398
0.00000000000000 0.14281400150377
0.00000000000000 0.27457304940866
0.00000000000000 0.28311968919376
0.00000000000000 0.36584484961242
0.00000000000000 0.18632614220624
0.00000000000000 0.24900882076725
0.00000000000000 0.17475299299796
0.00000000000000 0.16597145768740
0.00000000000000 0.22831511798119
0.00000000000000 0.17941618800836
0.00000000000000 0.30317758405471
0.00000000000000 0.21068916151799
0.00000000000000 0.25933082860541
0.00000000000000 0.12274702659010
0.00000000000000 0.21348611116246
0.00000000000000 0.18798407227020
0.00000000000000 0.19856647846762
0.00000000000000 0.21931767705899
0.00000000000000 0.10375726093045
0.00000000000000 0.32745747685130
0.00000000000000 0.24485886469399
0.00000000000000 0.22562935964609
0.00000000000000 0.15900640887965
0.00000000000000 0.18446661916727
0.00000000000000 0.12299791754597
0.00000000000000 0.18988359741279
0.00000000000000 0.10125729221186
0.00000000000000 0.22302690310875
0.00000000000000 0.13088048808812
0.00000000000000 0.09624559560029
0.00000000000000 0.11465521816247
0.00000000000000 0.17263052881718
0.00000000000000 0.15087720179233
0.00000000000000 0.15658526043241
0.00000000000000 0.12329726129160
0.00000000000000 0.23585438730778
0.00000000000000 0.15173892274282
0.00000000000000 0.13215551295133
0.00000000000000 0.13779682778962
0.00000000000000 0.20261393267455
0.00000000000000 0.27682392559506
0.00000000000000 0.17161301900004
0.00000000000000 0.22858555967362
0.00000000000000 0.18245962349598
0.00000000000000 0.18919018077938
0.00000000000000 0.19187667717151
0.00000000000000 0.26308284444528
0.00000000000000 0.17834538946752
0.00000000000000 0.15626820941450
0.00000000000000 0.11537839796381
0.00000000000000 0.23522102210684
0.00000000000000 0.10093712150356
0.00000000000000 0.25267645985233
0.00000000000000 0.22557951411408
0.00000000000000 0.10135468569671
0.00000000000000 0.19746803006615
0.00000000000000 0.08174751829182
0.00000000000000 0.25890698669197
0.00000000000000 0.18272088674559
0.00000000000000 0.19860942159764
0.00000000000000 0.16573382586468
0.00000000000000 0.15960651623958
0.00000000000000 0.10801718108086
0.00000000000000 0.16508139647450
0.00000000000000 0.24372513672024
0.00000000000000 0.14313198207832
0.00000000000000 0.11597776589900
0.00000000000000 0.13910105158447
0.00000000000000 0.12347563283561
0.00000000000000 0.30861253320289
0.00000000000000 0.27380423944946
0.00000000000000 0.20160561046483
0.00000000000000 0.23814233289111
0.00000000000000 0.11743188065058
0.00000000000000 0.23639122914358
0.00000000000000 0.17070883400664
0.00000000000000 0.13843253210739
0.00000000000000 0.21549310126723
0.00000000000000 0.33736437826879
0.00000000000000 0.15150963305295
0.00000000000000 0.34557082680249
0.00000000000000 0.11299799001961
0.00000000000000 0.10817620259118
0.00000000000000 0.14997222358846
0.00000000000000 0.17109404416121
0.00000000000000 0.18358404350629
0.00000000000000 0.27897584320625
0.00000000000000 0.11497121938193
0.00000000000000 0.21879640231761
0.00000000000000 0.21467037953757
0.00000000000000 0.11216687227102
0.00000000000000 0.13391285798149
0.00000000000000 0.27741655406790
0.00000000000000 0.31405788886939
0.00000000000000 0.41559454687552
0.00000000000000 0.31913812896059
0.00000000000000 0.37438067346506
0.00000000000000 0.18322037350351
0.00000000000000 0.26124562932983
0.00000000000000 0.32550807916656
0.00000000000000 0.16580962019136
0.00000000000000 0.28049608794282
0.00000000000000 0.29018336170555
0.00000000000000 0.18931891652244
0.00000000000000 0.21054962815942
0.00000000000000 0.25429206017188
0.00000000000000 0.86737416761075
0.00000000000000 0.19861173659386
0.00000000000000 0.27876880817098
0.00000000000000 1.20509112967790
0.00000000000000 0.21781413694530
0.00000000000000 0.18634275369716
0.00000000000000 0.22740393985633
0.00000000000000 0.34382154569430
0.00000000000000 0.15767444785124
0.00000000000000 0.14166025037138
0.00000000000000 0.47871400320219
0.00000000000000 0.14478876556721
0.00000000000000 0.19911956676715
0.00000000000000 0.16796770989226
0.00000000000000 0.08736567248163
0.00000000000000 0.43663905502506
0.00000000000000 0.19230191973415
0.00000000000000 0.10986728216351
0.00000000000000 0.12479946312378
0.00000000000000 0.14098499538180
0.00000000000000 0.15345169325026
0.00000000000000 0.17520096412904
0.00000000000000 0.17655645993976
0.00000000000000 0.33463092145835
0.00000000000000 0.29401359506053
0.00000000000000 0.28801448739844
0.00000000000000 0.25371968914071
0.00000000000000 0.13448612538001
0.00000000000000 0.13932578886267
0.00000000000000 0.12726691625226
0.00000000000000 0.33981199870394
0.00000000000000 0.09829528864854
0.00000000000000 0.40675430413357
0.00000000000000 0.19813583315632
0.00000000000000 0.15810684346652
0.00000000000000 0.37349500642863
0.00000000000000 0.16791564806725
0.00000000000000 0.20244965505773
0.00000000000000 0.23123049924628
0.00000000000000 0.15238862135608
0.00000000000000 0.17908079559184
0.00000000000000 0.40710447085715
0.00000000000000 0.12554498639882
0.00000000000000 0.11954689094920
0.00000000000000 0.27121970599179
0.00000000000000 0.17527130031892
0.00000000000000 0.22268426758358
0.00000000000000 0.18485952828420
0.00000000000000 0.34658385007142
0.00000000000000 0.21989874928482
0.00000000000000 0.30218600536473
0.00000000000000 0.25390741803052
0.00000000000000 0.10889243913912
0.00000000000000 0.20891919675542
0.00000000000000 0.11515866570741
0.00000000000000 0.20279985252982
0.00000000000000 0.27944530357456
0.00000000000000 0.12933395757437
0.00000000000000 0.25968754750935
0.00000000000000 0.11086549867392
0.00000000000000 0.12705873989657
0.00000000000000 0.08804300351938
0.00000000000000 0.08965803058648
0.00000000000000 0.31956187441372
0.00000000000000 0.23240167542973
0.00000000000000 0.20856713159030
0.00000000000000 0.35870891148598
0.00000000000000 0.31669352576122
0.00000000000000 0.55766151082587
0.00000000000000 0.15761914763475
0.00000000000000 0.14587151764346
0.00000000000000 0.35196186618705
0.00000000000000 0.14744411300429
0.00000000000000 0.13476532926569
0.00000000000000 0.12844306438039
0.00000000000000 0.17170910034632
0.00000000000000 0.25736228777381
0.00000000000000 0.19213442412184
0.00000000000000 0.17446204782611
0.00000000000000 0.30053238656648
0.00000000000000 0.35402222579760
0.00000000000000 0.88521577478498
0.00000000000000 0.99374972994220
0.00000000000000 0.83443146260165
0.00000000000000 0.40842055988780
0.00000000000000 0.27976435692832
0.00000000000000 0.31528728290471
0.00000000000000 0.69895317943385
0.00000000000000 0.33879541116154
0.00000000000000 0.14029161791296
0.00000000000000 0.39008423907454
0.00000000000000 0.39588694117058
0.00000000000000 0.70235282370384
0.00000000000000 0.84164171701577
0.00000000000000 0.40588997589979
0.00000000000000 0.49931044298427
0.00000000000000 0.22784721578950
0.00000000000000 0.21790841821392
0.00000000000000 0.24498791214785
0.00000000000000 0.28468680691528
0.00000000000000 0.25247698922632
0.00000000000000 0.24663902368623
0.00000000000000 0.28868603248515
0.00000000000000 0.16897121020458
0.00000000000000 0.16440597182548
0.00000000000000 0.17208463448084
0.00000000000000 0.16965465179454
0.00000000000000 0.16110797707638
0.00000000000000 0.23137417895330
0.00000000000000 0.20298269804492
0.00000000000000 0.48429331127502
0.00000000000000 0.12509172241518
0.00000000000000 0.45042451364013
0.00000000000000 0.23552281298452
0.00000000000000 0.22744809361560
0.00000000000000 0.18431610966652
0.00000000000000 0.10483403674459
0.00000000000000 0.18780975633329
0.00000000000000 0.30912569673242
0.00000000000000 0.21180204015927
0.00000000000000 0.37956946082508
0.00000000000000 0.35585847352093
0.00000000000000 0.28508951340468
0.00000000000000 0.30908161302928
0.00000000000000 0.25351470954117
0.00000000000000 0.25039817247337
0.00000000000000 0.12917230771537
0.00000000000000 0.12635045888437
0.00000000000000 0.26980575011450
0.00000000000000 0.09987100900884
0.00000000000000 0.15575211025818
0.00000000000000 0.31883670149192
0.00000000000000 0.45362902616511
0.00000000000000 0.30557559852089
0.00000000000000 0.29606120909571
0.00000000000000 0.28779711933042
0.00000000000000 0.32485691820812
0.00000000000000 0.52194731470138
0.00000000000000 0.23849300852376
0.00000000000000 0.18418318831700
0.00000000000000 0.17148435713494
0.00000000000000 0.17591012939394
0.00000000000000 0.25005624257638
0.00000000000000 0.14283232851077
0.00000000000000 0.23979803681336
0.00000000000000 0.27656165442177
0.00000000000000 0.32853368693172
0.00000000000000 0.32758864524969
0.00000000000000 0.19841508370375
0.00000000000000 0.32687026532392
0.00000000000000 0.27517342247260
0.00000000000000 0.19807824622335
0.00000000000000 0.41836505888452
0.00000000000000 0.45481241585417
0.00000000000000 0.15493636664476
0.00000000000000 0.28506151393345
0.00000000000000 0.20625236255465
0.00000000000000 0.10329700752500
0.00000000000000 0.16829825621004
0.00000000000000 0.18047799511669
0.00000000000000 0.21725457099439
0.00000000000000 0.11280177895451
0.00000000000000 0.20463495466005
0.00000000000000 0.15152088951090
0.00000000000000 0.25303308541157
0.00000000000000 0.21627302315803
0.00000000000000 0.15039418227194
0.00000000000000 0.22061186736607
0.00000000000000 0.12042147011133
0.00000000000000 0.25475176065815
0.00000000000000 0.34794276252827
0.00000000000000 0.25609519553702
0.00000000000000 0.25951082495907
0.00000000000000 0.37663063413241
0.00000000000000 0.39707720195559
0.00000000000000 0.20375990809051
0.00000000000000 0.23077806765766
0.00000000000000 0.32312686866836
0.00000000000000 0.33200125316467
0.00000000000000 0.27861516708863
0.00000000000000 0.34895958864827
0.00000000000000 0.23194560105631
0.00000000000000 0.14811954222489
0.00000000000000 0.44320282076335
0.00000000000000 0.34406501370367
0.00000000000000 0.17137310212055
0.00000000000000 0.29090697663786
0.00000000000000 0.13327032023162
0.00000000000000 0.23271653413925
0.00000000000000 0.24243658523292
0.00000000000000 0.26219048519810
0.00000000000000 0.24145458890074
0.00000000000000 0.38727308409881
0.00000000000000 0.45205097376415
0.00000000000000 0.21584428929040
0.00000000000000 0.15094505660374
0.00000000000000 0.15081849578773
0.00000000000000 0.17919501728227
0.00000000000000 0.30325079146620
0.00000000000000 0.15341502513365
0.00000000000000 0.33489813572427
0.00000000000000 0.32536671396037
0.00000000000000 0.28258325825307
0.00000000000000 0.32143357169690
0.00000000000000 0.31047978393846
0.00000000000000 0.50453041249406
0.00000000000000 0.78416421670341
0.00000000000000 0.27325206532639
0.00000000000000 0.40295903625822
0.00000000000000 0.56906761839928
0.00000000000000 0.24673017461341
0.00000000000000 0.71416231861124
0.00000000000000 0.13091186741822
0.00000000000000 0.41037236483060
0.00000000000000 0.23989321653737
0.00000000000000 0.36362814877406
0.00000000000000 0.30281036037190
0.00000000000000 0.38032688711241
0.00000000000000 0.32510928196887
0.00000000000000 0.34987288121444
0.00000000000000 0.22819377545693
0.00000000000000 0.16555118008182
0.00000000000000 0.23375958662736
0.00000000000000 0.42032192744008
0.00000000000000 0.26088657550316
0.00000000000000 0.29648160468723
0.00000000000000 0.27330275559663
0.00000000000000 0.35986335960983
0.00000000000000 0.44492103345107
0.00000000000000 0.55110923042288
0.00000000000000 0.56162970141970
0.00000000000000 0.39099912627432
0.00000000000000 0.50704311082640
0.00000000000000 0.27829882377550
0.00000000000000 0.40043769909139
0.00000000000000 0.16225814020907
0.00000000000000 0.15782931527461
0.00000000000000 0.35270208974955
0.00000000000000 0.30089252890883
0.00000000000000 0.26503110098851
0.00000000000000 0.24171358907319
0.00000000000000 0.24912305638643
0.00000000000000 0.20109919629122
0.00000000000000 0.15175245076084
0.00000000000000 0.49037717612089
0.00000000000000 0.18739569536950
0.00000000000000 0.18536581115089
0.00000000000000 0.32788367515162
0.00000000000000 0.41894546755287
0.00000000000000 0.40590744841221
0.00000000000000 0.89936924971780
0.00000000000000 0.62224110317865
0.00000000000000 1.36495975698999
0.00000000000000 0.38414561294347
0.00000000000000 0.41213365668291
0.00000000000000 0.42599894112077
0.00000000000000 0.52512331745182
0.00000000000000 0.54716060915583
0.00000000000000 0.33500015959989
0.00000000000000 0.65741039354198
0.00000000000000 0.59640472855211
0.00000000000000 0.35566577918012
0.00000000000000 0.40938861492276
0.00000000000000 0.32304094790268
0.00000000000000 0.35246260533508
0.00000000000000 0.34241260536042
0.00000000000000 0.24935424925544
0.00000000000000 0.27470979640235
0.00000000000000 0.21843373486895
0.00000000000000 0.32962100180635
0.00000000000000 0.27365313700130
0.00000000000000 0.22939410189006
0.00000000000000 0.22515690012348
0.00000000000000 0.30080151600635
0.00000000000000 0.38023581092285
0.00000000000000 0.22718914235330
0.00000000000000 0.49535477831388
0.00000000000000 0.87892385677056
0.00000000000000 0.48201841823747
0.00000000000000 0.62434553787668
0.00000000000000 0.30034923319645
0.00000000000000 0.39652626685063
0.00000000000000 0.18764571236224
0.00000000000000 0.43045627248976
0.00000000000000 0.19899908452946
0.00000000000000 0.48169441768540
0.00000000000000 0.36425800309997
0.00000000000000 0.42367605212763
0.00000000000000 0.16914868288241
0.00000000000000 0.38147092933367
0.00000000000000 0.29881653916762
0.00000000000000 0.21680973550237
0.00000000000000 0.29624244188309
0.00000000000000 0.31266139550745
0.00000000000000 0.40282437698644
0.00000000000000 0.19698439812560
0.00000000000000 0.50637992753007
0.00000000000000 0.28985607996046
0.00000000000000 0.23401235330115
0.00000000000000 0.15001936937058
0.00000000000000 0.29249039357908
0.00000000000000 0.20740654806266
0.00000000000000 0.30151424821725
0.00000000000000 0.26965858953148
0.00000000000000 0.31264672562342
0.00000000000000 0.27861745911026
0.00000000000000 0.29786085892012
0.00000000000000 0.12789535460462
0.00000000000000 0.16412250539100
0.00000000000000 0.09192105143977
0.00000000000000 0.07811262321263
0.00000000000000 0.31226596252177
0.00000000000000 0.26429086743365
0.00000000000000 0.21506313595547
0.00000000000000 0.14817586642528
0.00000000000000 0.20993690117877
0.00000000000000 0.21671364882981
0.00000000000000 0.58685300425329
0.00000000000000 0.36868673137912
0.00000000000000 0.39257245827380
0.00000000000000 0.31009769820518
0.00000000000000 0.20034449325042
0.00000000000000 0.39369906706137
0.00000000000000 0.20245715378042
0.00000000000000 0.20798140183111
0.00000000000000 0.21692060693857
0.00000000000000 0.14632156450219
0.00000000000000 0.36766325890496
0.00000000000000 0.12136284581702
0.00000000000000 0.11996993395620
0.00000000000000 0.17298344330413
0.00000000000000 0.16047124586535
0.00000000000000 0.21262610919858
0.00000000000000 0.24384512456900
0.00000000000000 0.19390540734053
0.00000000000000 0.32959123230515
0.00000000000000 0.31725624558194
0.00000000000000 0.15808381592140
0.00000000000000 0.19569294168473
0.00000000000000 0.25528074041560
0.00000000000000 0.54198340147148
0.00000000000000 0.16249922776104
0.00000000000000 0.19713811718053
0.00000000000000 0.34596656217412
0.00000000000000 0.30489326916813
0.00000000000000 0.37495759168048
0.00000000000000 0.23257494856359
0.00000000000000 0.26375840501071
0.00000000000000 0.31691686730532
0.00000000000000 0.32386738643921
0.00000000000000 0.19844841640596
0.00000000000000 0.16113297010156
0.00000000000000 0.26345327520754
0.00000000000000 0.16117564222504
0.00000000000000 0.20268330276872
0.00000000000000 0.19817435682739
0.00000000000000 0.19439338115954
0.00000000000000 0.19207125038345
0.00000000000000 0.20653204583774
0.00000000000000 0.09260976933631
0.00000000000000 0.18209946666155
0.00000000000000 0.18095138993693
0.00000000000000 0.28206644088650
0.00000000000000 0.15435950165088
0.00000000000000 0.11560336524815
0.00000000000000 0.13481370410983
0.00000000000000 0.30827958518299
0.00000000000000 0.20835972125199
0.00000000000000 0.17664222216724
0.00000000000000 0.15161579392284
0.00000000000000 0.11267797479830
0.00000000000000 0.20282367292889
0.00000000000000 0.11515174580043
0.00000000000000 0.24966196810887
0.00000000000000 0.10018630863561
0.00000000000000 0.19848814415764
0.00000000000000 0.21569451322818
0.00000000000000 0.21645231913342
0.00000000000000 0.15352547162571
0.00000000000000 0.15388016677713
0.00000000000000 0.11767609743375
0.00000000000000 0.15078949928854
0.00000000000000 0.17889178545464
0.00000000000000 0.26629708274554
0.00000000000000 0.37607891359611
0.00000000000000 0.38333527563008
0.00000000000000 0.14277151566268
0.00000000000000 0.28823356531200
0.00000000000000 0.15250167483473
0.00000000000000 0.19212767454668
0.00000000000000 0.25100696101907
0.00000000000000 0.22105771110353
0.00000000000000 0.19442244654544
0.00000000000000 0.52011473946627
0.00000000000000 0.13697921957608
0.00000000000000 0.34234788450582
0.00000000000000 0.24980863358228
0.00000000000000 0.30194354124396
0.00000000000000 0.20027721280192
0.00000000000000 0.63106037823915
0.00000000000000 0.62498231461983
0.00000000000000 1.05706843630689
0.00000000000000 5.12939032708215
0.00000000000000 0.12271272051609
