-2.549602
-1.096187
-1.470297
-0.778170
-1.439196
-0.496135
-0.738930
-0.209950
-0.710463
-0.041523
-1.723510
-0.330781
-0.206019
-0.008095
-1.429035
-0.399208
-0.485263
-0.735275
 0.077730
-0.406392
-0.848578
-0.428884
 0.252486
-0.215514
-0.268082
-0.371260
-0.570912
-0.808944
-1.025736
-1.058089
-0.890145
-0.629660
-0.438747
-0.325603
-0.192182
-0.289570
-0.618873
-0.942587
-1.080320
-1.007448
-0.389903
-0.278645
-0.250145
-0.150949
-0.081359
-0.009001
-0.273276
-0.716457
-0.946514
-0.972734
-0.666509
-0.310869
-0.181856
-0.165631
-0.131439
-0.034262
-0.398786
-0.751843
-0.755159
-0.653197
-0.089504
-0.148643
-0.249963
-0.130789
-0.066770
-0.191054
-0.539386
-0.552109
-0.538044
-0.250805
-0.022848
 0.082205
-0.035343
-0.354575
-0.214849
-0.141800
-0.417277
-0.395086
-0.134194
 0.171885
 0.195130
 0.092310
 0.027861
-1.054418
-0.890302
-0.729822
-0.570390
-0.438692
-0.191571
 0.440849
 0.306707
 0.179921
-1.956812
-2.456614
-2.116011
-0.882218
 0.092431
 0.236044
 0.466095
 0.486577
 0.328886
 0.181950
-2.117084
-2.556725
-2.083352
-0.068977
 0.161375
 0.345405
 0.346569
 0.197176
-2.107056
-2.567584
-2.413234
-1.544892
-0.725116
-0.578555
-0.110476
 0.013125
 0.045218
-0.011990
-1.785230
-1.863090
-2.045580
-1.195008
-0.669408
-0.457026
-0.340805
-0.289969
-0.263804
-1.703264
-1.871273
-1.985939
-1.824475
-0.627772
-0.471471
-0.440165
-0.419059
-0.444278
-1.590567
-1.718022
-1.995976
-2.051604
-0.541460
-0.399052
-0.491308
-0.495209
-1.539297
-1.762885
-1.870045
-0.886280
-0.449513
-0.352569
-0.309723
-0.427660
-0.507724
-0.572506
-1.329287
-1.396313
-1.209972
-0.825206
-0.454540
-0.217285
-0.241866
-0.279435
-0.485115
-0.613321
-1.250034
-1.216216
-1.040963
-0.807302
-0.254146
-0.209105
-0.274691
-0.432774
-0.572552
-0.623274
-1.190717
-1.133283
-0.977923
-0.812362
-0.548050
-0.321413
-0.195522
-0.265801
-0.383470
-0.482151
-0.572494
