-3.996968
-4.792148
-3.510117
-4.479557
-4.332899
-3.748006
-4.196755
-3.161351
-3.278167
-3.170483
-5.593692
-4.276776
-3.613385
-4.239464
-3.925215
-4.338112
-4.328027
-4.477505
-3.956326
-4.147659
-4.697371
-4.009905
-3.620878
-3.494590
-3.519009
-3.613897
-3.683348
-3.841730
-3.974678
-3.865074
-3.702847
-3.385904
-3.109626
-3.206306
-3.525295
-3.721502
-3.846133
-3.942218
-3.924999
-3.697810
-2.935511
-3.191440
-3.214502
-3.633998
-3.686585
-3.894913
-3.910448
-3.927731
-3.978526
-3.786280
-3.297436
-2.861860
-2.932635
-3.175806
-3.872823
-4.020518
-4.158898
-4.129408
-3.949644
-3.638949
-3.246549
-3.326576
-4.097134
-4.214869
-4.397304
-4.507785
-4.356869
-3.979728
-3.829023
-3.535967
-3.457524
-3.611776
-3.531503
-4.295227
-4.437592
-4.553794
-4.607690
-3.906528
-3.836853
-3.588293
-3.750268
-3.776361
-3.775653
-4.314056
-4.376793
-4.403491
-4.514825
-4.459697
-4.114124
-3.526822
-3.792609
-3.863467
-4.296146
-4.192026
-4.178289
-4.261699
-4.026560
-3.629774
-3.485225
-3.362362
-3.623592
-3.826394
-4.524210
-4.338974
-4.370266
-4.107938
-3.694884
-3.270311
-3.266379
-3.618910
-4.929741
-5.029597
-5.225465
-4.961757
-4.741125
-4.400189
-3.685354
-3.345076
-3.447169
-3.497504
-5.220951
-5.348808
-5.523621
-5.138778
-4.466606
-4.188790
-3.563072
-3.401062
-3.377961
-5.201170
-5.222815
-5.205648
-5.055639
-4.353309
-3.760445
-3.420635
-3.369671
-3.212529
-4.924885
-4.877614
-4.703233
-4.413116
-4.080307
-3.626655
-3.080634
-2.717709
-4.578792
-4.317258
-3.896149
-3.750604
-3.847825
-4.055355
-3.834335
-3.420732
-2.461161
-2.298299
-4.485055
-4.295757
-3.448378
-3.487959
-3.814500
-3.946927
-4.055215
-3.802959
-3.323344
-2.554085
-4.343400
-4.190661
-3.805583
-3.709682
-4.006908
-4.193489
-3.997189
-3.642412
-3.339716
-2.762976
-4.337394
-4.259269
-4.069346
-3.949430
-3.844109
-3.863525
-4.063701
-4.025879
-3.859152
-3.558739
-3.268395
