0.00000000000000 0.38898572454241
0.00000000000000 0.22394123175108
0.00000000000000 0.37219748872636
0.00000000000000 0.57077853566925
0.00000000000000 0.47664056516211
0.00000000000000 0.32690500726363
0.00000000000000 0.37771566950064
0.00000000000000 0.24046567495354
0.00000000000000 0.30728429452838
0.00000000000000 0.26530629236788
0.00000000000000 0.23509147163147
0.00000000000000 0.37027887124493
0.00000000000000 0.24214341106383
0.00000000000000 0.23244873596804
0.00000000000000 0.32741579174000
0.00000000000000 0.38572550977899
0.00000000000000 0.42439397361831
0.00000000000000 0.29044863446017
0.00000000000000 0.46718134189440
0.00000000000000 0.29097189116604
0.00000000000000 0.33285065960313
0.00000000000000 0.50596419731593
0.00000000000000 0.26334492647553
0.00000000000000 0.30669297297688
0.00000000000000 0.19875845257738
0.00000000000000 0.48310768072703
0.00000000000000 0.19523874964965
0.00000000000000 0.48026303009767
0.00000000000000 0.42136518213617
0.00000000000000 0.32398094289673
0.00000000000000 0.85837881930798
0.00000000000000 0.52814700592699
0.00000000000000 0.42344456803885
0.00000000000000 0.35305053099507
0.00000000000000 0.50230699413973
0.00000000000000 0.41068884892957
0.00000000000000 0.25617868522473
0.00000000000000 0.29601687049855
0.00000000000000 0.33345359501774
0.00000000000000 0.26650955206872
0.00000000000000 0.31038731773983
0.00000000000000 0.98793779314921
0.00000000000000 1.44746053770495
0.00000000000000 0.81373680545695
0.00000000000000 0.76968843762953
0.00000000000000 0.96088781685930
0.00000000000000 0.97886683731172
0.00000000000000 1.06068795796420
0.00000000000000 1.07486718324658
0.00000000000000 0.65900286516585
0.00000000000000 0.65443511830617
0.00000000000000 0.87588672023859
0.00000000000000 1.35049555537005
0.00000000000000 0.84260258583064
0.00000000000000 1.46671902074486
0.00000000000000 0.64711189788767
0.00000000000000 0.87464565916219
0.00000000000000 0.98569029434962
0.00000000000000 0.80479275185932
0.00000000000000 0.69181049247987
0.00000000000000 1.45081753853686
0.00000000000000 0.90957885408664
0.00000000000000 3.64716560798978
0.00000000000000 1.03026962596936
0.00000000000000 1.84657774346143
0.00000000000000 1.03647489138284
0.00000000000000 1.14105981672273
0.00000000000000 0.79860929028723
0.00000000000000 1.28372334078960
0.00000000000000 1.85297284447030
0.00000000000000 0.60303581651990
0.00000000000000 0.97175030346531
0.00000000000000 3.05675494756954
0.00000000000000 1.07951222188994
0.00000000000000 0.60224408277252
0.00000000000000 0.38938585328592
0.00000000000000 0.36674590935819
0.00000000000000 0.65757823940134
0.00000000000000 0.34668637347381
0.00000000000000 0.25640938643355
0.00000000000000 0.29737728853129
0.00000000000000 0.86305825192907
0.00000000000000 0.17162954748000
0.00000000000000 0.31100788770492
0.00000000000000 0.53723385224123
0.00000000000000 0.28534678949630
0.00000000000000 0.37813483857872
0.00000000000000 0.36024574190543
0.00000000000000 0.30241686545774
0.00000000000000 0.16053318800849
0.00000000000000 0.21109499348409
0.00000000000000 0.26967247478904
0.00000000000000 0.38114200393174
0.00000000000000 0.37048463694242
0.00000000000000 0.31073800898691
0.00000000000000 0.27269333557990
0.00000000000000 0.20014933772816
0.00000000000000 0.37334042366946
0.00000000000000 0.15604669702358
0.00000000000000 0.91245088305471
0.00000000000000 0.86870225829110
0.00000000000000 1.84623593676003
0.00000000000000 0.21244404890499
0.00000000000000 0.75709621160272
0.00000000000000 0.40164628095787
0.00000000000000 0.15044169086838
0.00000000000000 0.22925053614463
0.00000000000000 0.45157868153754
0.00000000000000 0.26280277482876
0.00000000000000 1.04901546263486
0.00000000000000 0.60224707379265
0.00000000000000 0.61131654062338
0.00000000000000 0.45836092694386
0.00000000000000 1.39188412704819
0.00000000000000 0.32360121622690
0.00000000000000 0.31651962904391
0.00000000000000 0.80879475139464
0.00000000000000 1.25497761927608
0.00000000000000 0.93432232969796
0.00000000000000 0.58656870982420
0.00000000000000 0.39665923894859
0.00000000000000 0.50754151449286
0.00000000000000 0.69447631469988
0.00000000000000 0.50837083261620
0.00000000000000 0.26713298454473
0.00000000000000 0.17322973380608
0.00000000000000 0.68700115568084
0.00000000000000 0.20261637424718
0.00000000000000 1.13919620893666
0.00000000000000 0.41556459642986
0.00000000000000 0.25527597795597
0.00000000000000 0.24723029460746
0.00000000000000 0.61487660496204
0.00000000000000 0.46106369327331
0.00000000000000 0.69551711809622
0.00000000000000 0.43365151165242
0.00000000000000 0.47272205231909
0.00000000000000 0.33580726692687
0.00000000000000 0.22053922459569
0.00000000000000 0.42715444398451
0.00000000000000 0.37159967243653
0.00000000000000 0.64879036408902
0.00000000000000 0.23251057542723
0.00000000000000 0.51044775732083
0.00000000000000 0.32652482638613
0.00000000000000 0.26260796555598
0.00000000000000 0.50644078669996
0.00000000000000 0.71929795444533
0.00000000000000 0.43967364659654
0.00000000000000 1.46002185019721
0.00000000000000 1.27740289193759
0.00000000000000 0.73502854923841
0.00000000000000 0.43023118972761
0.00000000000000 0.53328170590113
0.00000000000000 0.58542381705247
0.00000000000000 0.37836174129690
0.00000000000000 0.46575561825702
0.00000000000000 0.26966347564833
0.00000000000000 0.66392727637457
0.00000000000000 0.33502056837555
0.00000000000000 0.22251242729807
0.00000000000000 0.24059704755733
0.00000000000000 0.55452245338774
0.00000000000000 0.44518079878205
0.00000000000000 0.30362008082459
0.00000000000000 0.55687244692506
0.00000000000000 0.38222148623831
0.00000000000000 0.27184667533547
0.00000000000000 0.48233911565386
0.00000000000000 0.23843211331269
0.00000000000000 0.37589719942423
0.00000000000000 0.70948120966213
0.00000000000000 0.15352811002814
0.00000000000000 0.24509376659195
0.00000000000000 0.11235706346311
0.00000000000000 0.60229759894903
0.00000000000000 0.41681226510924
0.00000000000000 0.24180366574895
0.00000000000000 0.34366772220356
0.00000000000000 0.58701289859468
0.00000000000000 0.72156938841681
0.00000000000000 0.45479944534391
0.00000000000000 0.26051451877477
0.00000000000000 0.14933603048334
0.00000000000000 0.50043972695000
0.00000000000000 0.20673841431335
0.00000000000000 0.38104376175956
0.00000000000000 0.19697409010763
0.00000000000000 0.42695967843143
0.00000000000000 0.27593519451441
0.00000000000000 0.67771003141793
0.00000000000000 0.13040515551734
0.00000000000000 0.21989987907557
0.00000000000000 0.45380751090925
0.00000000000000 0.37036072243403
0.00000000000000 0.12089304703472
0.00000000000000 0.76989915889618
0.00000000000000 0.21341986294549
0.00000000000000 0.22931359400155
0.00000000000000 0.20105361549150
0.00000000000000 0.18612740044142
0.00000000000000 1.12351306256822
0.00000000000000 0.43117149495238
0.00000000000000 0.40655752382039
0.00000000000000 0.42040636031833
0.00000000000000 0.48791839835598
0.00000000000000 0.22680719085462
0.00000000000000 0.18941183475463
0.00000000000000 0.17493166208525
0.00000000000000 0.92177810893547
0.00000000000000 0.33046452210885
0.00000000000000 0.27603368032122
0.00000000000000 0.78762486007870
0.00000000000000 0.38963200923705
0.00000000000000 0.37133801311744
0.00000000000000 0.71976878939009
0.00000000000000 0.82638890246669
0.00000000000000 0.52406864855181
0.00000000000000 0.23138913597477
0.00000000000000 0.10480911097781
0.00000000000000 0.28808402976921
0.00000000000000 0.61730695003109
0.00000000000000 0.90079531045668
0.00000000000000 0.36573142157803
0.00000000000000 0.74314009911857
0.00000000000000 0.73186081680489
0.00000000000000 1.10395986994579
0.00000000000000 0.50830467911640
0.00000000000000 1.16440694038702
0.00000000000000 0.77933545150481
0.00000000000000 0.59660468250171
0.00000000000000 0.83476706030390
0.00000000000000 0.49369320262502
0.00000000000000 0.75559053130122
0.00000000000000 0.84747658312089
0.00000000000000 0.23807480186162
0.00000000000000 0.95304143144853
0.00000000000000 0.63900767166416
0.00000000000000 0.32441183851422
0.00000000000000 0.30858560557596
0.00000000000000 0.20266997170636
0.00000000000000 0.22455900212855
0.00000000000000 0.23877324902956
0.00000000000000 0.36006786458498
0.00000000000000 0.36658213788331
0.00000000000000 0.38422651341196
0.00000000000000 0.19766369248650
0.00000000000000 0.25941958416842
0.00000000000000 0.36073365418915
0.00000000000000 0.58174250523582
0.00000000000000 0.69010506441922
0.00000000000000 0.54136374885993
0.00000000000000 0.35124004102059
0.00000000000000 0.43964374764547
0.00000000000000 0.31937467089540
0.00000000000000 0.27412769562334
0.00000000000000 0.22547810471133
0.00000000000000 0.14390304036977
0.00000000000000 0.27679411236185
0.00000000000000 0.21048570134382
0.00000000000000 0.26986964502736
0.00000000000000 0.64476420574765
0.00000000000000 0.86470561371547
0.00000000000000 0.78752167412882
0.00000000000000 1.09536520824667
0.00000000000000 0.64309565033263
0.00000000000000 0.51452219377051
0.00000000000000 0.74430055503722
0.00000000000000 0.32012755756483
0.00000000000000 0.47239739348275
0.00000000000000 0.39018235127343
0.00000000000000 0.26255227041859
0.00000000000000 0.72929632589570
0.00000000000000 0.29219715802672
0.00000000000000 0.30410912707801
0.00000000000000 0.52330111283531
0.00000000000000 0.27368483232619
0.00000000000000 0.26756999009356
0.00000000000000 0.28980933863961
0.00000000000000 0.28297235733765
0.00000000000000 0.21197227530123
0.00000000000000 0.19920343190449
0.00000000000000 0.33874388668078
0.00000000000000 0.43773341499814
0.00000000000000 0.26614523597093
0.00000000000000 0.47551884737963
0.00000000000000 0.71037313928782
0.00000000000000 0.62066808141027
0.00000000000000 0.30573728104445
0.00000000000000 0.22706033238271
0.00000000000000 0.26639600547032
0.00000000000000 0.54260533230244
0.00000000000000 0.31869887646686
0.00000000000000 0.67519411335940
0.00000000000000 0.31086757595522
0.00000000000000 0.23698041652547
0.00000000000000 0.46336961300018
0.00000000000000 0.71216172258633
0.00000000000000 0.50586064708011
0.00000000000000 0.32408019029658
0.00000000000000 0.74408858851675
0.00000000000000 1.35106598326693
0.00000000000000 0.50715519779280
0.00000000000000 0.51064192559541
0.00000000000000 0.61808212615869
0.00000000000000 1.17859419133895
0.00000000000000 0.77079811191750
0.00000000000000 0.48613205005547
0.00000000000000 1.05406008370032
0.00000000000000 0.73093264888213
0.00000000000000 0.42117256784442
0.00000000000000 0.14667118381465
0.00000000000000 0.17489941166513
0.00000000000000 0.28589921091876
0.00000000000000 0.37698392531010
0.00000000000000 0.22399177144220
0.00000000000000 0.22444470403077
0.00000000000000 0.21992391227644
0.00000000000000 0.20757331160743
0.00000000000000 0.30624603238494
0.00000000000000 0.28576835295566
0.00000000000000 0.66199964139215
0.00000000000000 0.64705582407308
0.00000000000000 0.26286762906247
0.00000000000000 0.54731042854203
0.00000000000000 0.33998339752264
0.00000000000000 0.23894723444727
0.00000000000000 0.25919537194480
0.00000000000000 0.25849539749950
0.00000000000000 0.27132416650520
0.00000000000000 0.25009449295877
0.00000000000000 0.19002836152189
0.00000000000000 0.40647029724313
0.00000000000000 0.52719131194964
0.00000000000000 0.86671106346516
0.00000000000000 1.33150918276106
0.00000000000000 0.82448826419789
0.00000000000000 0.84247134430118
0.00000000000000 0.66721021642796
0.00000000000000 1.61012183517132
0.00000000000000 0.34500499963549
0.00000000000000 0.46861382697513
0.00000000000000 0.14872306255775
0.00000000000000 0.25634774446537
0.00000000000000 0.28121479992361
0.00000000000000 0.25068439752003
0.00000000000000 0.83253978903020
0.00000000000000 0.34164328490892
0.00000000000000 0.30486028274125
0.00000000000000 0.50932614608016
0.00000000000000 0.51129402910300
0.00000000000000 0.45635913411557
0.00000000000000 1.09709610971697
0.00000000000000 0.14656240497482
0.00000000000000 0.32840212741375
0.00000000000000 0.69324242958849
0.00000000000000 0.41093415689741
0.00000000000000 0.21033586082143
0.00000000000000 0.28813623402045
0.00000000000000 0.46120565672445
0.00000000000000 0.38206418446108
0.00000000000000 0.81830658948876
0.00000000000000 0.25671605365929
0.00000000000000 0.19079635513604
0.00000000000000 0.95443669258799
0.00000000000000 0.30738673198183
0.00000000000000 0.25953100710724
0.00000000000000 0.25898581067014
0.00000000000000 0.31150951127268
0.00000000000000 0.36938125031575
0.00000000000000 0.25312659637969
0.00000000000000 0.36028247667245
0.00000000000000 0.16847071815802
0.00000000000000 0.35505680163290
0.00000000000000 0.39486525873613
0.00000000000000 0.44294670751619
0.00000000000000 0.27202845822603
0.00000000000000 0.45112406860930
0.00000000000000 0.28732250184271
0.00000000000000 0.29111260703981
0.00000000000000 0.45724945307603
0.00000000000000 0.31011430567041
0.00000000000000 0.19820669615972
0.00000000000000 0.16077180938389
0.00000000000000 0.31921571521044
0.00000000000000 0.22898358487112
0.00000000000000 0.24742505818553
0.00000000000000 1.09204821818812
0.00000000000000 0.40758985463208
0.00000000000000 0.52140691152621
0.00000000000000 0.18241502624409
0.00000000000000 0.61991979894654
0.00000000000000 0.82054773579812
0.00000000000000 0.58026202902141
0.00000000000000 0.38190271511439
0.00000000000000 0.40500278841712
0.00000000000000 0.36512613762217
0.00000000000000 0.36462753417735
0.00000000000000 0.32497983925529
0.00000000000000 0.30809387423508
0.00000000000000 0.49310326239919
0.00000000000000 0.53927339930802
0.00000000000000 0.33098354594414
0.00000000000000 0.57006124037309
0.00000000000000 0.54904205157304
0.00000000000000 0.33913992459037
0.00000000000000 0.29492346875104
0.00000000000000 0.44332538570609
0.00000000000000 0.48944095645981
0.00000000000000 0.51400900857226
0.00000000000000 0.87295353738761
0.00000000000000 1.14310558495494
0.00000000000000 0.48822955084017
0.00000000000000 0.53541900668960
0.00000000000000 0.42766240526063
0.00000000000000 0.65794718194746
0.00000000000000 0.45520087116829
0.00000000000000 0.68400591270430
0.00000000000000 0.45734104073898
0.00000000000000 0.39220844813844
0.00000000000000 0.40395866564175
0.00000000000000 0.51355669002722
0.00000000000000 0.34270934782791
0.00000000000000 0.19556079144156
0.00000000000000 0.30950964003713
0.00000000000000 0.53031018331290
0.00000000000000 0.61359387325573
0.00000000000000 1.09952321660120
0.00000000000000 1.13349056870896
0.00000000000000 1.12329193965169
0.00000000000000 2.69007091993648
0.00000000000000 1.54602948844608
0.00000000000000 1.76053736321838
0.00000000000000 0.74863486056634
0.00000000000000 0.35860524889634
0.00000000000000 0.43057192130997
0.00000000000000 0.17188201951073
0.00000000000000 0.65878812824435
0.00000000000000 0.83317933628107
0.00000000000000 0.65963963815292
0.00000000000000 0.42041908917650
0.00000000000000 0.73569827633914
0.00000000000000 0.22627526479875
0.00000000000000 0.69584228160316
0.00000000000000 0.29414192073201
0.00000000000000 0.40440625547812
0.00000000000000 0.27333052419027
0.00000000000000 0.46768479304005
0.00000000000000 0.34287283109999
0.00000000000000 1.18665471188205
0.00000000000000 0.22895035816800
0.00000000000000 0.33104237307419
0.00000000000000 0.59254089220867
0.00000000000000 0.41889120327212
0.00000000000000 0.70481731546446
0.00000000000000 1.15561961274207
0.00000000000000 0.90121307264582
0.00000000000000 0.62374571528239
0.00000000000000 0.77013436830383
0.00000000000000 0.64367040973186
0.00000000000000 0.60657552370314
0.00000000000000 0.80491767909250
0.00000000000000 0.32658962655177
0.00000000000000 0.33264830916741
0.00000000000000 0.40585243337072
0.00000000000000 0.74262530022823
0.00000000000000 0.36948549225509
0.00000000000000 0.35734843578763
0.00000000000000 0.21163648267453
0.00000000000000 0.32833439569237
0.00000000000000 0.69279035643136
0.00000000000000 0.57470467362926
0.00000000000000 0.54376255116730
0.00000000000000 0.95337649631311
0.00000000000000 1.17587407899533
0.00000000000000 0.93538831443771
0.00000000000000 0.37865191310615
0.00000000000000 0.78350240713860
0.00000000000000 0.31386704582033
0.00000000000000 0.25264323121954
0.00000000000000 0.31912114108359
0.00000000000000 0.14255302232693
0.00000000000000 0.56636752583924
0.00000000000000 0.36837621844956
0.00000000000000 0.17093752456891
0.00000000000000 0.52952645459718
0.00000000000000 0.62722296045429
0.00000000000000 1.01497599888161
0.00000000000000 0.56092406578748
0.00000000000000 0.21164707348029
0.00000000000000 0.39406458700131
0.00000000000000 0.33437953901712
0.00000000000000 0.27625330014911
0.00000000000000 0.59337889371781
0.00000000000000 0.85614288620209
0.00000000000000 1.15141710165213
0.00000000000000 0.51321910241466
0.00000000000000 0.90011610948193
0.00000000000000 0.63326099129305
0.00000000000000 0.28471642601646
0.00000000000000 0.28240495749256
0.00000000000000 0.31960614160593
0.00000000000000 1.19289833834012
0.00000000000000 1.06934819762643
0.00000000000000 0.75140015501271
0.00000000000000 0.67439037452545
0.00000000000000 1.19885798706598
0.00000000000000 1.44370553880048
0.00000000000000 1.22279530529718
0.00000000000000 0.90369129563261
0.00000000000000 0.89117401991244
0.00000000000000 0.85092935704057
0.00000000000000 1.60491060527898
0.00000000000000 0.49480857771420
0.00000000000000 0.93074187994322
0.00000000000000 0.20573076085972
0.00000000000000 0.21950127643963
0.00000000000000 0.54794567996999
0.00000000000000 0.42802750409586
0.00000000000000 0.50975533490397
0.00000000000000 0.73690555060553
0.00000000000000 0.20256833311403
0.00000000000000 0.42923515868691
0.00000000000000 0.24985968536718
0.00000000000000 0.99880696582529
0.00000000000000 0.22267769993398
0.00000000000000 0.19352606664757
0.00000000000000 0.21277003337600
0.00000000000000 0.21538076686608
0.00000000000000 0.33815215140657
0.00000000000000 0.69742339923873
0.00000000000000 1.05002942334028
0.00000000000000 0.48132235994025
0.00000000000000 0.95838087189541
0.00000000000000 0.69217381506417
0.00000000000000 0.74090029663915
0.00000000000000 0.46105513018106
0.00000000000000 0.53458632123525
0.00000000000000 0.45088817007297
0.00000000000000 0.45147444138367
0.00000000000000 0.35198484051356
0.00000000000000 0.42886176839816
0.00000000000000 0.63776602477972
0.00000000000000 0.64940752809116
0.00000000000000 0.63505842169293
0.00000000000000 0.29939777260661
0.00000000000000 0.38670413118494
0.00000000000000 0.28483959006840
0.00000000000000 0.34544945360379
0.00000000000000 0.84298943427700
0.00000000000000 0.52694286845531
0.00000000000000 0.99767278946999
0.00000000000000 0.55562044283857
0.00000000000000 1.25049032285615
0.00000000000000 0.28226604059054
0.00000000000000 0.51514480098139
0.00000000000000 0.36629135809795
0.00000000000000 0.26435888491316
0.00000000000000 0.29892009114858
0.00000000000000 0.23678853607025
0.00000000000000 0.26629187015669
0.00000000000000 0.24635559698414
0.00000000000000 0.52150324326327
0.00000000000000 0.18796065749427
0.00000000000000 0.37147774628220
0.00000000000000 0.46751726993187
0.00000000000000 0.77520801371797
0.00000000000000 0.70881413485187
0.00000000000000 0.80515635369680
0.00000000000000 1.61193314833956
0.00000000000000 0.52693312622521
0.00000000000000 0.34830012860385
0.00000000000000 0.58190613159825
0.00000000000000 0.40042356814964
0.00000000000000 0.23977546038127
0.00000000000000 0.24730254577795
0.00000000000000 0.51893478082639
0.00000000000000 0.17792786931693
0.00000000000000 0.45108099451362
0.00000000000000 0.16319482747470
0.00000000000000 0.32675771093411
0.00000000000000 0.53585890089052
0.00000000000000 0.35766912508562
0.00000000000000 0.33955380625588
0.00000000000000 0.31142646012692
0.00000000000000 0.24360455567726
0.00000000000000 0.30688251628611
0.00000000000000 0.17308817557809
0.00000000000000 0.32369714090188
0.00000000000000 0.22504890779725
0.00000000000000 0.39911949303220
0.00000000000000 0.49084155842952
0.00000000000000 0.20020586870629
0.00000000000000 0.51371363336581
0.00000000000000 0.31414576674425
0.00000000000000 0.49693249212182
0.00000000000000 0.29190828676983
0.00000000000000 0.48158456850162
0.00000000000000 0.58311988520960
0.00000000000000 0.34240409266004
0.00000000000000 0.45457569198668
0.00000000000000 0.52007513911362
0.00000000000000 0.26345363331576
0.00000000000000 0.34220345593707
0.00000000000000 0.25685551021204
0.00000000000000 0.48885940819106
0.00000000000000 0.28172532103980
0.00000000000000 0.29598014154408
0.00000000000000 0.19387286139783
0.00000000000000 0.46678957765191
0.00000000000000 0.29846948987695
0.00000000000000 0.23798473165287
0.00000000000000 0.26238049909499
0.00000000000000 0.22247094413879
0.00000000000000 0.16093615408919
0.00000000000000 0.18116895512554
0.00000000000000 0.31362606727684
0.00000000000000 0.34927762245443
0.00000000000000 0.75079384704566
0.00000000000000 0.43929529098909
0.00000000000000 0.24623096712167
0.00000000000000 0.77996160781428
0.00000000000000 0.28878241366981
0.00000000000000 0.76967332686825
0.00000000000000 0.42039804171252
0.00000000000000 0.31256150129489
0.00000000000000 0.11791143550867
0.00000000000000 0.39429681229997
0.00000000000000 0.13548182346521
0.00000000000000 0.54642866170602
0.00000000000000 0.18488010057354
0.00000000000000 0.20924105688891
0.00000000000000 0.67716890214320
0.00000000000000 0.16952277666969
0.00000000000000 0.25187723524449
0.00000000000000 0.24283695094025
0.00000000000000 0.29980268738013
0.00000000000000 0.32814874125662
0.00000000000000 0.25823123576847
0.00000000000000 0.60707676125536
0.00000000000000 0.37133324397141
0.00000000000000 0.95189020374338
0.00000000000000 0.82148650262670
0.00000000000000 0.74843205277119
0.00000000000000 0.25178152754008
0.00000000000000 0.25201507925442
0.00000000000000 0.43609177362608
0.00000000000000 0.39916407715302
0.00000000000000 0.38010176921826
0.00000000000000 0.48702320228488
0.00000000000000 0.63065019832168
0.00000000000000 0.34943271115407
0.00000000000000 0.51699092662248
0.00000000000000 0.34884671876812
0.00000000000000 0.86333289961576
0.00000000000000 0.34887323006886
0.00000000000000 0.58421227243762
0.00000000000000 1.13358322386694
0.00000000000000 0.30464061504363
0.00000000000000 0.28419455095158
0.00000000000000 0.36115884306203
0.00000000000000 0.65418147959058
0.00000000000000 1.15207385710304
0.00000000000000 0.33764566855286
0.00000000000000 0.50081804816700
0.00000000000000 0.40848339162323
0.00000000000000 0.44531869890649
0.00000000000000 0.18340025627623
0.00000000000000 0.35033581208233
0.00000000000000 0.63669294624778
0.00000000000000 0.34177218942654
0.00000000000000 0.40924472213503
0.00000000000000 1.10921002815012
0.00000000000000 0.51139518538344
0.00000000000000 0.40970771384453
0.00000000000000 0.34400761777685
0.00000000000000 0.61896213358537
0.00000000000000 0.56169994216128
0.00000000000000 0.31177752480132
0.00000000000000 0.40205486685083
0.00000000000000 0.19334356834672
0.00000000000000 0.17434321918483
0.00000000000000 0.23853085500207
0.00000000000000 0.33730866627445
0.00000000000000 0.38513044724591
0.00000000000000 0.24105656078409
0.00000000000000 0.31506131495738
0.00000000000000 0.29669421250943
0.00000000000000 0.25135087321500
0.00000000000000 0.38400039039651
0.00000000000000 1.21413218490454
0.00000000000000 0.88319959265498
0.00000000000000 0.32296454781194
0.00000000000000 0.51354165071106
0.00000000000000 0.49963864741569
0.00000000000000 0.16151820177024
0.00000000000000 0.78398906909511
0.00000000000000 0.20766511978016
0.00000000000000 0.33849752911430
0.00000000000000 0.70512231948431
0.00000000000000 0.20923847455933
0.00000000000000 0.28480922981339
0.00000000000000 0.34777763279585
0.00000000000000 0.86539600499458
0.00000000000000 0.72420115008475
0.00000000000000 0.62910381716188
0.00000000000000 0.81408131035314
0.00000000000000 0.77090298401784
0.00000000000000 1.18522589822460
0.00000000000000 0.49175717664758
0.00000000000000 0.61477551052029
0.00000000000000 0.32806336261065
0.00000000000000 0.68746728101851
0.00000000000000 0.58966507827134
0.00000000000000 0.33146548532592
0.00000000000000 0.65991890532553
0.00000000000000 0.77621366917722
0.00000000000000 0.71140569193511
0.00000000000000 0.59336644547172
0.00000000000000 0.87982252074088
0.00000000000000 0.63791056770010
0.00000000000000 0.79171653265888
0.00000000000000 0.46108204674997
0.00000000000000 0.43705119115208
0.00000000000000 0.44598134797346
0.00000000000000 0.66159765244898
0.00000000000000 0.79188743209392
0.00000000000000 0.90191150653306
0.00000000000000 0.69551192779141
0.00000000000000 1.22042763880375
0.00000000000000 0.70138504716251
0.00000000000000 1.00553225436285
0.00000000000000 1.16383569472124
0.00000000000000 0.47734645732541
0.00000000000000 1.04363671735507
0.00000000000000 0.69455739218098
0.00000000000000 1.14795784753483
0.00000000000000 0.96461356892306
0.00000000000000 0.97806576297179
0.00000000000000 0.43029952015435
0.00000000000000 0.42113477883731
0.00000000000000 0.43885644440960
0.00000000000000 0.65034773312207
0.00000000000000 0.29378186582007
0.00000000000000 0.69188590976443
0.00000000000000 0.26935233103455
0.00000000000000 0.39753112941264
0.00000000000000 0.25532763405219
0.00000000000000 0.30289556751617
0.00000000000000 0.34947050638984
0.00000000000000 1.00610377595955
0.00000000000000 0.27130144172676
0.00000000000000 0.35231165208091
0.00000000000000 0.34852356577756
0.00000000000000 0.58653484052385
0.00000000000000 0.69678283079698
0.00000000000000 0.80994774537717
0.00000000000000 1.25423302937311
0.00000000000000 0.56737827766248
0.00000000000000 0.35228307395160
0.00000000000000 0.62934981758679
0.00000000000000 0.67665720561277
0.00000000000000 1.06516229419403
0.00000000000000 0.69272149133115
0.00000000000000 0.53364750293778
0.00000000000000 0.44842939983206
0.00000000000000 0.21463299925320
0.00000000000000 0.26080472089922
0.00000000000000 0.17440982508663
0.00000000000000 0.31899687956321
0.00000000000000 0.20168381734987
0.00000000000000 0.25788123143902
0.00000000000000 0.39407810186733
0.00000000000000 0.23473152579293
0.00000000000000 0.62931780725816
0.00000000000000 0.28925677859605
0.00000000000000 0.59736287143136
0.00000000000000 0.51635105770698
0.00000000000000 0.15349676292917
0.00000000000000 0.20272460979983
0.00000000000000 0.18799549514352
0.00000000000000 0.22925840594229
0.00000000000000 0.31979487774888
0.00000000000000 0.27033401748516
0.00000000000000 0.84917933243417
0.00000000000000 0.37298782068910
0.00000000000000 0.78835188774268
0.00000000000000 0.28864231072478
0.00000000000000 0.19932672673136
0.00000000000000 0.23119974025874
0.00000000000000 0.16566578607138
0.00000000000000 0.58195188208626
0.00000000000000 0.44626357394073
0.00000000000000 0.26634521736052
0.00000000000000 0.44239581618277
0.00000000000000 0.52016049723500
0.00000000000000 0.20719112891007
0.00000000000000 0.15385772112041
0.00000000000000 0.23145812302083
0.00000000000000 0.60303069345836
0.00000000000000 1.22626459376558
0.00000000000000 0.30570785970734
0.00000000000000 0.64299942632091
0.00000000000000 0.49402868622522
0.00000000000000 0.45585524838174
0.00000000000000 0.68085039731923
0.00000000000000 0.26781000910224
0.00000000000000 0.14055939609989
0.00000000000000 0.28374563874352
0.00000000000000 0.45403015167289
0.00000000000000 0.27482901569400
0.00000000000000 0.30772424571700
0.00000000000000 0.23389037157701
0.00000000000000 0.32840806126717
0.00000000000000 0.29472640709268
0.00000000000000 0.66341173908435
0.00000000000000 1.32385217943756
0.00000000000000 0.43243575516883
0.00000000000000 0.22591886755441
0.00000000000000 0.55111586521973
0.00000000000000 0.48696034909099
0.00000000000000 0.50809315430043
0.00000000000000 0.21673575645246
0.00000000000000 0.25827791889276
0.00000000000000 0.50974724107614
0.00000000000000 0.30207771803175
0.00000000000000 0.70127485535421
0.00000000000000 0.13339210385352
0.00000000000000 0.53695977400287
0.00000000000000 0.69460763085371
0.00000000000000 0.28057577735322
0.00000000000000 0.37809183634322
0.00000000000000 0.18921939995612
0.00000000000000 0.56211934094458
0.00000000000000 1.11865122341110
0.00000000000000 0.26310446211438
0.00000000000000 0.13908998429018
0.00000000000000 0.37050393268330
0.00000000000000 0.29231540412162
0.00000000000000 0.55138491608379
0.00000000000000 0.18920609301371
0.00000000000000 0.20373317729963
0.00000000000000 0.24569873108860
0.00000000000000 0.18557042630244
0.00000000000000 0.35796764068084
0.00000000000000 0.22054448352924
0.00000000000000 0.31928952688152
0.00000000000000 0.18108253319679
0.00000000000000 0.29950181713709
0.00000000000000 0.86057527375727
0.00000000000000 0.67975714706614
0.00000000000000 0.11320571263825
0.00000000000000 0.22419705440689
0.00000000000000 0.79957441024952
0.00000000000000 0.35564943889535
0.00000000000000 0.16271918528306
0.00000000000000 0.26670840723422
0.00000000000000 0.50933834884363
0.00000000000000 0.17522823976244
0.00000000000000 0.23896861043747
0.00000000000000 0.46786832784695
0.00000000000000 0.29277467475050
0.00000000000000 0.60605379340550
0.00000000000000 0.48849314221509
0.00000000000000 0.46694049889040
0.00000000000000 0.43940477540022
0.00000000000000 0.29250970975171
0.00000000000000 0.29900234253868
0.00000000000000 0.32227550664228
0.00000000000000 0.32469168145017
0.00000000000000 0.43868847852136
0.00000000000000 0.43921032917519
0.00000000000000 0.20023810318197
0.00000000000000 0.45185104811978
0.00000000000000 0.32887197220080
0.00000000000000 1.33899399812500
0.00000000000000 0.61386905890518
0.00000000000000 0.57868287458714
0.00000000000000 0.24751103491522
0.00000000000000 0.62583190752870
0.00000000000000 0.33997159883579
0.00000000000000 1.16812255520653
0.00000000000000 1.51111126428580
0.00000000000000 1.11298733403951
0.00000000000000 0.95047741526328
0.00000000000000 1.51974745278818
0.00000000000000 1.12148448605739
0.00000000000000 2.12371356430016
0.00000000000000 1.03822039541432
0.00000000000000 0.81237316021222
0.00000000000000 1.16746286633578
0.00000000000000 1.66756479867336
0.00000000000000 0.96174735466745
0.00000000000000 1.79143419395520
0.00000000000000 1.68227682150658
0.00000000000000 1.22443507600973
0.00000000000000 0.59173589305914
0.00000000000000 0.44467556101807
0.00000000000000 0.30873516507171
0.00000000000000 0.31083097497286
0.00000000000000 0.34347978703583
0.00000000000000 0.34786584857480
0.00000000000000 1.02534597302569
0.00000000000000 0.34781203051942
0.00000000000000 0.27790073748058
0.00000000000000 0.56699531106074
0.00000000000000 0.42919444791130
0.00000000000000 0.18160135264406
0.00000000000000 0.74570191489688
0.00000000000000 0.20952006532695
0.00000000000000 0.12821836494335
0.00000000000000 0.27255767771752
0.00000000000000 0.37051212979438
0.00000000000000 0.28978788406459
0.00000000000000 0.18772710131146
0.00000000000000 0.43936469956227
0.00000000000000 0.35492891735657
0.00000000000000 0.29814553664794
0.00000000000000 0.14078686168720
0.00000000000000 0.39680930079849
0.00000000000000 0.38118508407780
0.00000000000000 0.54935826595871
0.00000000000000 0.49962022203937
0.00000000000000 0.45280253560858
0.00000000000000 0.63550910760817
0.00000000000000 0.33909316629086
0.00000000000000 0.35220695186918
0.00000000000000 0.36005453399746
0.00000000000000 0.37910329750632
0.00000000000000 0.84544078276933
0.00000000000000 0.92713486876566
0.00000000000000 0.96365294230324
0.00000000000000 0.62689609916022
0.00000000000000 0.92053249809843
0.00000000000000 0.35293707302414
0.00000000000000 0.61131474169568
0.00000000000000 0.36264120982907
0.00000000000000 0.68933249248225
0.00000000000000 0.52860233074012
0.00000000000000 0.30230725741868
0.00000000000000 0.18658880641996
0.00000000000000 0.26696588839333
0.00000000000000 0.24879417018423
0.00000000000000 0.42530668970063
0.00000000000000 0.62259282958498
0.00000000000000 0.54882964752185
0.00000000000000 0.57543858765476
0.00000000000000 0.31173263924679
0.00000000000000 0.27037292317765
0.00000000000000 0.68223811268552
0.00000000000000 0.34840592582499
0.00000000000000 0.25425054050905
0.00000000000000 0.55587416585911
0.00000000000000 0.33255412417864
0.00000000000000 0.98859125630612
0.00000000000000 0.20832487354070
0.00000000000000 0.44878195656679
0.00000000000000 0.22076124488094
0.00000000000000 0.57100825391708
0.00000000000000 0.42144384347366
0.00000000000000 0.49481667085189
0.00000000000000 0.25575226262149
0.00000000000000 0.43534163568265
0.00000000000000 0.78294171619735
0.00000000000000 0.19353680887075
0.00000000000000 0.59500706033385
0.00000000000000 0.69266553947124
0.00000000000000 0.57424896295511
0.00000000000000 0.70795317043063
0.00000000000000 0.44413799885503
0.00000000000000 0.25187916090802
0.00000000000000 1.03502111070851
0.00000000000000 0.77500280783847
0.00000000000000 0.14380644211759
0.00000000000000 0.26160398900904
0.00000000000000 0.40229853042288
0.00000000000000 0.25383492268589
0.00000000000000 0.20107489324915
0.00000000000000 0.43105987847936
0.00000000000000 0.20019244412823
0.00000000000000 0.22142852718271
0.00000000000000 0.31515198560047
0.00000000000000 0.25888351076851
0.00000000000000 0.65730008704305
0.00000000000000 0.43980009708890
0.00000000000000 0.55287424907989
0.00000000000000 0.44718367273028
0.00000000000000 0.79489378369999
0.00000000000000 0.31885935902169
0.00000000000000 0.44601348828876
0.00000000000000 0.71308471795910
0.00000000000000 0.12993374741342
0.00000000000000 0.30494348826237
0.00000000000000 0.54309672998439
0.00000000000000 0.25185361519862
0.00000000000000 0.34512010414688
0.00000000000000 0.14332289838836
0.00000000000000 0.17738265333889
0.00000000000000 0.40325322528847
