     25.72722003159443 -629133.02007911517285
     23.87648159523921 -629130.12079184036702
     24.23551092174103 -629135.64624931360595
     27.66676326779777 -629138.13946992845740
     27.32910222890994 -629135.01941967452876
     32.26324482538362 -629131.57379365758970
     31.33312791616673 -629136.57121259183623
     37.68166022742152 -629135.44072208984289
     29.43088762963699 -629129.36565012193751
     30.66794917041539 -629128.83790658146609
     36.54785223516819 -629131.47875567025039
     34.88913764405735 -629132.63228241435718
     39.54390146520607 -629130.36867625673767
     39.54778385728042 -629135.04891896108165
     30.94883743589503 -629134.61469388904516
     35.92959682702871 -629132.32842134917155
     32.17212884824582 -629129.27305516542401
     29.84851709285796 -629139.85486028890591
     32.87850159176843 -629139.44308828422800
     33.54253040718918 -629136.19093507656362
     33.41636169099912 -629138.40238127310295
     30.19075856634154 -629133.52463307871949
     36.57612775060804 -629134.14186848467216
     31.75051232251368 -629134.70049866626505
     34.80018484233894 -629135.85513508925214
     28.69041091980236 -629134.77093409316149
     31.34851287107874 -629129.56810276862234
     27.75439602533062 -629131.40531503700186
     26.70365240193233 -629132.76258396566845
     28.67344363404060 -629131.18613301159348
     19.53437812417996 -629130.92648620263208
     27.38797145333413 -629131.30262772878632
     23.76201260631000 -629131.48795891215559
     28.10516831929586 -629130.71492128015961
     30.51482700457673 -629131.42539181839675
     28.99941694977729 -629132.35079863434657
     35.10479878547574 -629131.44847373967059
     35.39784875156905 -629134.03137939516455
     34.19939915411580 -629129.25610154669266
     32.77767997791290 -629148.35975371196400
     26.63533880681965 -629134.63235024106689
     20.67804940638199 -629133.75034834479447
     15.19908702080198 -629137.00079884484876
     13.01337220449720 -629138.39412645634729
     19.03547096609558 -629136.65689331118483
     17.56875120426794 -629134.44138913252391
     18.55639520359994 -629140.67014276725240
     16.24753214993322 -629135.51554003637284
     21.14229680812847 -629134.25904847099446
     17.14147654293754 -629136.90441558707971
     10.49910865728878 -629136.86656310327817
     20.14948025707367 -629137.01917915383819
     14.73284310865046 -629128.99795751820784
     16.82842140717087 -629129.36059841443785
     12.91674308551019 -629131.49469040625263
     18.40663126754930 -629134.41105598583817
     15.77075153477399 -629136.59093267342541
     16.25862565575319 -629139.82957304781303
     16.76493054202175 -629134.89862252888270
     17.05870775286137 -629130.36116995580960
     12.83396473450102 -629134.54493425122928
     20.08228652696128 -629131.25116951821838
     13.67612897466943 -629132.69924508547410
     12.80856280801680 -629133.35172087803949
     13.19719538282230 -629124.90175192477182
     13.72222341486317 -629129.64540195302106
     14.70750276697452 -629133.60684677714016
     21.60823798560139 -629136.13399216555990
     18.65842051315083 -629135.07824125175830
     21.99937262088387 -629133.73190089454874
     23.31189222759244 -629139.24476214253809
     17.88042731611741 -629135.75135139841586
     12.99707560861302 -629134.14172052952927
     19.44432282512582 -629134.14187308051623
     21.08652091106766 -629136.19735565024894
     19.66577355049121 -629142.15352408890612
     27.76766535808987 -629132.82957072719000
     22.94266248055914 -629136.19409169896971
     25.40610620858673 -629131.91518932720646
     31.47530365708673 -629139.00095052598044
     29.45416677166919 -629138.74591496936046
     22.47242559532753 -629138.19430027098861
     28.18823787476547 -629140.01781961740926
     28.93960934215758 -629137.67797555471770
     25.54847707554726 -629137.55779838887975
     31.71995152062462 -629133.56698992522433
     29.02014808757881 -629139.77758427883964
     32.55697608365056 -629142.95195370842703
     33.77700385944227 -629134.61791144043673
     36.17012262400662 -629139.88661432685331
     33.26091221267384 -629136.26550344796851
     35.29849593756687 -629135.36174535716418
     32.43765106710135 -629136.25599621376023
     35.36857707486361 -629138.53056323819328
     34.71112704305700 -629137.40411788213532
     34.79288699511681 -629134.18045550200623
     35.54700350126077 -629139.87606959347613
     30.25794268691001 -629133.31804334081244
     38.12740169824976 -629137.06450551410671
     30.13130479492582 -629137.05213269020896
     29.71889566039844 -629137.10034951346461
     27.94321784856740 -629139.61281293211505
     34.58452717023879 -629137.46066205657553
     31.95493310890800 -629136.33150935755111
     31.45863659919059 -629136.79458286589943
     39.53236736086677 -629140.79330973443575
     36.47624740030945 -629140.29006004787516
     36.70856039806736 -629135.34215512906667
     40.81282347383474 -629137.81471593002789
     27.99904336010091 -629135.13459464290645
     29.22098848686455 -629133.61497936490923
     34.80635372775773 -629132.24827172327787
     33.07025047271021 -629136.45437976729590
     27.26672156506611 -629135.37415732617956
     38.82796628460701 -629135.57034337811638
     38.20216378560874 -629134.39071585831698
     33.25228537301471 -629132.33879860281013
     32.14416894356285 -629134.84536795923486
     37.33793343830593 -629132.67264412122313
     37.48932491005448 -629139.64242498460226
     40.09149421448154 -629130.80490785860457
     38.62504765305803 -629136.98820030025672
     36.34688661093988 -629131.80376392335165
     34.93585302776979 -629132.62808222556487
     43.84597547571150 -629143.55907661875244
     52.01829756442887 -629138.48214001581073
     44.60735845870439 -629136.73365725320764
     47.84179001587306 -629137.18089398415759
     36.73599137925513 -629131.22900665272027
     40.65014644866311 -629131.33023207774386
     46.77131080074593 -629133.68192548095249
     45.61168689053805 -629131.09386329771951
     40.88529658184153 -629137.03724238032009
     39.86952179671147 -629132.61777144798543
     37.09096664453096 -629131.77554352558218
     38.31066778379170 -629135.29666689690202
     40.62581590041835 -629132.30501640017610
     44.68086128515429 -629133.69042870018166
     49.31241190106479 -629138.61189334117807
     43.69702127985297 -629135.99366785970051
     46.21645895526451 -629135.30909253144637
     40.32538135082931 -629137.34987884270959
     46.09679044007834 -629135.14799270569347
     40.50376971086257 -629136.41835170553531
     42.25426612265051 -629128.17581868777052
     43.05627382548251 -629136.07246146094985
     39.92185639735899 -629136.22106844815426
     34.40231432645908 -629137.37815116287675
     32.05453606818747 -629137.14457991253585
     30.88324796503622 -629134.97360636934172
     28.44822235942564 -629133.81151087570470
     31.18845436204260 -629127.37211796652991
     34.28184064650070 -629132.70950603100937
     35.56897884237159 -629144.30292581801768
     34.85190333603535 -629141.11936294706538
     35.78439628394204 -629138.27837643807288
     40.59297009701596 -629132.41955652739853
     43.67357619151948 -629135.22412888123654
     38.18389134644537 -629134.66206347162370
     40.68092366842848 -629133.66395264456514
     37.83158938577136 -629138.04933114722371
     38.55388626236286 -629136.83100375719368
     35.15506849147872 -629134.90882309665903
     35.06481671248206 -629136.10164896247443
     37.39248298823885 -629140.20025057846215
     39.44469407629583 -629138.00275205587968
     35.15818517957280 -629139.48230385978241
     36.65322352326512 -629136.05781988438684
     34.24768804612516 -629137.11068023799453
     41.28068740601017 -629132.81361184292473
     33.48193152123329 -629138.63728044205345
     31.92261537277500 -629131.86543875047937
     33.26898736337741 -629135.86082478996832
     35.44915958300577 -629131.43394782592077
     31.30774252834465 -629134.01453370042145
     34.02855382819877 -629132.32776250713505
     34.67778100740239 -629135.83733234612737
     38.03652563694690 -629131.30041994666681
     41.52282958978973 -629130.15361286362167
     40.84558807815011 -629133.16510819736868
     37.14632007415904 -629133.27098750800360
     39.20633060111874 -629133.60534203937277
     42.41104823286236 -629129.88003200653475
     36.83772315659137 -629130.23470391263254
     39.09499254610532 -629134.90625676978379
     43.25831188437844 -629136.62521899992134
     41.98459353078727 -629134.95573455304839
     46.49797634707789 -629137.88904757366981
     41.47398614363776 -629133.29801249946468
     44.56990428514006 -629132.21020538231824
     43.88283181722225 -629135.57540816918481
     53.05212257758631 -629133.15511838532984
     48.41168283749410 -629133.58547178795561
     41.51708393529331 -629136.32998827239498
     43.84917489322077 -629135.07397279189900
     52.68533052754748 -629136.55138729850296
     41.25874061770395 -629137.36555652541574
     44.21126385040392 -629135.15071909502149
     45.01129185012868 -629141.77393279725220
     43.91313637739165 -629132.61657335876953
     31.78852985419230 -629133.55600190779660
     33.55800664026324 -629135.23065406794194
     39.15561477961423 -629134.51316215307452
     43.12617148244681 -629135.28731708275154
     40.99997212521524 -629134.93239064875524
     46.88158582930765 -629138.45608291181270
     49.47442616709736 -629134.13131550897378
     52.85551755622520 -629137.10241920966655
     50.42011478449061 -629141.16484540642705
     42.31986783240727 -629141.95222499070223
     47.88036005654119 -629140.75853494578041
     46.62753127693325 -629131.35495917184744
     45.36718746199845 -629128.94673064234667
     50.71769262137193 -629132.39013980631717
     44.11567720857107 -629132.82145611720625
     38.09112328736595 -629130.54980628029443
     38.38656020806355 -629129.43916137539782
     48.37663045661847 -629134.11553319287486
     51.84825721907073 -629131.86589182436001
     51.91686984565282 -629137.78410372033250
     44.37634627282188 -629133.94291660597082
     36.84402567862334 -629134.49876051757019
     34.05083340939321 -629134.60935574909672
     32.10692432241790 -629132.92610781395342
     36.14414703606787 -629126.71443202334922
     33.34741023349327 -629133.04873346921522
     29.28019224909162 -629133.21696622041054
     31.13829221904052 -629136.77058500226121
     29.88820857513548 -629137.69914631952997
     28.75196731300337 -629137.09541896753944
     26.29327175873466 -629130.56469365081284
     33.37187263100759 -629135.00564668211155
     39.82480496838274 -629139.38242791953962
     34.51443877975959 -629136.00898608600255
     32.51163251096241 -629134.02335985226091
     40.78861546999720 -629128.10530371777713
     32.23895138721591 -629133.85396233946085
     35.66333712009013 -629139.72978575294837
     39.80542119162660 -629138.47470951266587
     39.67098347168110 -629131.53223587747198
     40.08521828662113 -629132.95243352523539
     37.53123765230272 -629129.33149846002925
     36.80317987884735 -629132.40995127568021
     40.93137760039875 -629132.07644807687029
     38.86593793251103 -629138.07754153595306
     41.02745271448206 -629133.56072030973155
     46.54463441818906 -629133.81476497184485
     43.03935456454142 -629136.30506202124525
     43.37364956678476 -629142.05746331100818
     41.54335717776405 -629129.87738173617981
     40.43952279465579 -629129.64232231082860
     40.88159421530527 -629131.75667134462856
     44.70599817055332 -629134.22430236812215
     39.34266035754805 -629132.85968189488631
     41.00012643013613 -629132.55384837021120
     45.23924148296737 -629130.59725758736022
     44.88435628709885 -629130.16811374551617
     46.74635064664495 -629130.32219681399874
     49.84210705890565 -629135.49559473583940
     44.86278107677306 -629132.34442445216700
     44.93070324142442 -629136.70425091439392
     43.82261868658940 -629130.89444666635245
     38.00782543951763 -629134.86539574898779
     39.54045326531459 -629140.91314208065160
     36.94643533598252 -629130.98104087857064
     41.38795541196305 -629131.26696439413354
     41.87598361470342 -629137.15963812032714
     41.95899179811488 -629133.48283881379757
     45.45998735921695 -629135.40892152371816
     44.88756534459495 -629132.12201113149058
     45.31474560646352 -629134.89602038334124
     51.87624023500164 -629134.76350465079304
     42.94475440337042 -629135.51513520919252
     47.78286085327750 -629133.13941795774736
     46.52700770168180 -629134.23865803959779
     42.97776707464302 -629135.68525828444399
     42.85953183716665 -629137.87196835246868
     46.38425316074775 -629135.46851181646343
     44.69786103166683 -629134.96149392286316
     48.14811088274010 -629133.82954553014133
     50.11937019433326 -629134.06387851585168
     49.76124133807947 -629135.23596979235299
     45.13802646383470 -629126.23623115604278
     45.23437829448891 -629131.54706623312086
     44.50344980075258 -629131.85389043844771
     40.02886788670000 -629129.39054189040326
     35.67135232894040 -629132.50873434660025
     34.57188028060138 -629127.66014881304000
     41.72503022911440 -629130.96221313800197
     42.65356742534362 -629134.34385934669990
     45.38338785550417 -629131.80193163163494
     39.49658993931408 -629134.68885987636168
     46.50541554762031 -629131.27982083626557
     35.64465737715355 -629132.37162824056577
     38.58285442604603 -629137.48590304062236
     39.43867580341484 -629133.88864964235108
     36.63187658254186 -629131.95987285242882
     35.29079293223334 -629132.87303598667495
     33.42246601573349 -629132.87038176995702
     35.30329845303868 -629126.63018883438781
     33.95009156496811 -629136.73745851509739
     31.08137122443879 -629140.63193539797794
     34.48124708673396 -629140.86652951117139
     34.94229803969548 -629128.99583620263729
     37.06903968049494 -629133.75300520274322
     30.59992432843134 -629136.52057786495425
     32.22208071303786 -629141.13211041875184
     29.83541719032533 -629135.57079187734053
     25.70460535856916 -629129.40159341890831
     33.14453588994095 -629126.78966242633760
     36.83876012609454 -629125.77752879052423
     41.99410213502320 -629134.56181367568206
     42.62409514099858 -629139.19408146024216
     39.62781705460826 -629133.93242281628773
     39.96809225767871 -629135.60541139624547
     44.38016303835330 -629136.89561421668623
     45.65573811491245 -629136.20049457589630
     46.37506768516663 -629135.35197418835014
     46.47208094258572 -629135.06935490050819
     42.04523253019159 -629136.86323170573451
     42.86689378257530 -629135.62151631584857
     34.42181073911502 -629133.50661721662618
     35.92669185091576 -629131.90777240623720
     48.09896958314242 -629136.18328580609523
     39.17373734022661 -629134.00855574884918
     42.26767448684703 -629132.22028677829076
     46.33970359065880 -629133.55117756093387
     48.86758831063064 -629133.28729829494841
     45.12296933491728 -629134.78928755235393
     44.95502637799257 -629130.75467119726818
     45.90458299752660 -629136.40018617920578
     41.14686434172043 -629140.16144046676345
     44.87127991287721 -629137.34131869068369
     37.11771862807998 -629135.10585335933138
     32.77888859818812 -629131.99564653704874
     27.84937231884888 -629131.65929704811424
     33.03431702454002 -629134.90038720169105
     32.93340209995772 -629134.37671256647445
     31.77843745007112 -629130.92897633078974
     30.58954088417236 -629132.35691971506458
     36.42924428060299 -629128.47307306725997
     39.81346856519944 -629131.48069289408159
     41.03547825414125 -629140.35476891580038
     39.31113011764250 -629125.67037045129109
     39.64991798670004 -629128.11217151302844
     40.28999552230120 -629132.43207160674501
     35.18555650666139 -629130.13262534711976
     38.78267978277960 -629127.20075480581727
     41.48507858581286 -629129.26722851372324
     39.10164027125777 -629127.12146262847818
     36.80565514940341 -629128.81298707006499
     36.89882146231960 -629129.77130467852112
     34.36271076269394 -629130.26051176583860
     43.25587356061569 -629130.31457185873296
     41.36504118218111 -629131.05821194802411
     41.58220164096098 -629132.83803671435453
     41.27029296281570 -629131.27825230662711
     43.21490212720254 -629129.04283417656552
     36.16435306076948 -629134.18446522613522
     35.53788126547071 -629131.26593724358827
     35.12360393332089 -629133.23127237788867
     31.54715520501701 -629131.45009112590924
     43.93685151699040 -629128.54321992723271
     43.31094914038098 -629132.26943090930581
     33.65587674258970 -629141.29177408711985
     35.66160892682959 -629130.92753485648427
     38.00761170629508 -629132.29758172610309
     43.01254296935214 -629139.61716111970600
     38.68827125750244 -629133.22002531890757
     41.40006754626081 -629131.14113102573901
     39.76551221475786 -629129.54062613472342
     40.39930412467849 -629129.57627041242085
     43.21327765738943 -629136.04162716411520
     38.37122039615461 -629134.68832471687347
     36.85254984277945 -629130.30158275377471
     37.02141302473558 -629127.82241236523259
     40.74505924605908 -629134.52009513543453
     38.04825864762356 -629132.40349158586469
     36.80913028540729 -629133.39729228941724
     38.80395953105066 -629138.06622840755153
     37.68158774654119 -629138.01566039107274
     43.23058041349367 -629133.76268351590261
     39.07653243835339 -629132.18489676842000
     36.00310391702721 -629138.53387219959404
     34.43378394305850 -629132.17900352925062
     42.37153330639912 -629137.99118619598448
     40.97387291019023 -629134.70227034669369
     32.68348277709217 -629133.26310503401328
     38.24974733402056 -629135.56525384727865
     38.89180158751712 -629138.92048161895946
     40.89753491291308 -629137.09862473246176
     37.56249768158893 -629143.11407369270455
     35.47923251197440 -629132.33661804953590
     33.25012535694353 -629134.39917156845331
     37.76099982106557 -629130.02760045719333
     39.64135772712499 -629134.95155810471624
     40.10234019724365 -629135.42407462687697
     42.35372339965722 -629137.09188133839052
     42.67324508857548 -629134.63245385128539
     41.07885414947376 -629137.65268643992022
     32.41003713970606 -629135.16930147423409
     34.31572886957510 -629132.70429326104932
     34.52458431813572 -629130.26917333784513
     38.49166327842659 -629137.23954060545657
     36.97120339789862 -629128.63040616572835
     39.96307067167944 -629132.22835076868068
     40.17776286252381 -629133.75908590375911
     39.24276874633251 -629131.94862316537183
     35.02775006185055 -629138.01333357708063
     33.23002444688364 -629132.71309905056842
     33.24750529170082 -629133.42370167374611
     31.14249371028744 -629137.67692142201122
     41.84804853439446 -629142.76637253526133
     41.59044251981370 -629134.70905464107636
     41.01001074382975 -629134.15451000817120
     36.80045539531448 -629131.88089154707268
     38.44078780457283 -629129.74280685733538
     38.45514788415942 -629129.97878562845290
     41.55502268895760 -629127.24815469572786
     35.24757984730696 -629139.28818094066810
     35.32444579075229 -629131.32522649981547
     35.48804779127850 -629135.42778044100851
     41.52965234614794 -629135.12160156876780
     43.98579790871006 -629137.73185988166369
     40.74709792876861 -629132.21289806696586
     30.27381097574779 -629131.04991406167392
     28.90087472100535 -629132.93847285816446
     31.87265887042255 -629135.90045066119637
     19.10223207781351 -629131.88638550485484
     23.63718866969293 -629129.49913975945674
     27.77065960142451 -629131.21071438130457
     26.73218853756521 -629134.68350733199622
     27.85818740615569 -629139.49216560320929
     33.99067650857547 -629139.50006229057908
     38.58126714693160 -629135.18078330834396
     42.49109876573272 -629141.14765179809183
     47.52150140744296 -629136.87773345655296
     42.19585931629462 -629135.11031976796221
     35.75410103792772 -629135.22100373555440
     39.80406238201104 -629138.04394799866714
     40.51819666777168 -629134.01561719819438
     36.97930397169656 -629133.07263357681222
     36.19681066440791 -629126.77743316988926
     38.78528845733634 -629129.95715059363283
     43.72315129709083 -629134.26264973042998
     45.28654471252104 -629142.30583425413352
     41.94736408876843 -629132.24006702145562
     41.65392795903962 -629129.97402105049696
     41.53594491708844 -629131.27089171868283
     36.24111293726889 -629131.70128355594352
     42.70955852797863 -629132.87615069164895
     42.19647465131720 -629130.33849447173998
     39.28177765851999 -629129.29942044115160
     35.87973345491258 -629131.93716118496377
     31.35484036556534 -629130.71666042332072
     26.12019955644732 -629130.66305321233813
     28.47463623844403 -629131.78391009860206
     30.91865324175184 -629128.39438670023810
     30.61402815215594 -629128.67019482108299
     30.96837753418152 -629128.42899639985990
     32.52577615981475 -629135.81316984305158
     32.07159645822107 -629132.93304593244102
     38.90032481914093 -629135.53933670569677
     37.53456769281074 -629135.20166872127447
     38.50301092503869 -629131.84968392038718
     34.69353940604302 -629134.86698618612718
     34.80689049223564 -629131.33597470819950
     38.04623276371377 -629133.14981251663994
     41.08738619260102 -629133.02011573570780
     39.52417579561491 -629139.66249795211479
     40.85495380616763 -629133.00298906222451
     39.97679094605272 -629131.88832379144151
     38.94909167974185 -629132.16518203727901
     36.14153425634050 -629131.22552207787521
     35.38625869359909 -629134.48484567366540
     38.05076742094704 -629129.65725020482205
     39.26722224257193 -629134.15374950028490
     36.00783335244094 -629130.16000638448168
     45.63437263815563 -629130.84467737411615
     44.30411553937991 -629133.44762625976000
     46.22832001518633 -629133.03129834227730
     41.83491311566939 -629140.11626935272943
     41.62631422247230 -629137.79470088076778
     42.94750725494915 -629132.44031088380143
     38.50310935591718 -629135.17696727591101
     39.77956254680032 -629128.07432561845053
     40.28148508555585 -629133.70250528783072
     33.01639946781648 -629128.06152891821694
     40.26260847444225 -629129.89550139766652
     42.92785371377528 -629138.60704826400615
     44.34556106001132 -629129.77673387667164
     41.86083306143474 -629138.87150312401354
     43.08000246996445 -629134.72939830645919
     36.06958192403821 -629142.16241722682025
     33.63384736486483 -629135.62119298102334
     37.37982807463069 -629141.81553303310648
     42.78101720994628 -629138.11923595855478
     37.44138022074940 -629142.89571379416157
     37.76279449555634 -629135.58954966545571
     42.09347137837875 -629139.36241325107403
     39.77271685717885 -629133.09692346688826
     37.36988511708915 -629130.98625302128494
     35.44318727855129 -629132.22983344527893
     35.06604450751635 -629130.80818634375464
     34.01747112508705 -629134.27927712665405
     27.17846316741001 -629134.56820825359318
     28.93368240279943 -629135.83708562480751
     28.61843128884701 -629130.98845763120335
     29.80028083888330 -629134.58955259260256
     27.76030075779689 -629135.35969595122151
     35.25136220463688 -629140.25979616562836
     28.36125512482579 -629135.20322500239126
     32.57872021409660 -629131.87072982103564
     39.40085570569891 -629141.81681353133172
     39.40274036071634 -629139.26246395916678
     46.00244322546762 -629136.47781635145657
     47.87956112257370 -629130.85156356485095
     47.19860962366703 -629134.11334447050467
     45.52041562601093 -629136.24947720381897
     42.63432743439556 -629133.45387152861804
     39.22572059422036 -629127.28806764492765
     47.78537702750842 -629132.92860030953307
     44.14778757102807 -629128.60676582634915
     43.51957434333037 -629133.17804669460747
     41.91282288755837 -629132.68962052580900
     48.49650517304794 -629136.96552570920903
     44.21314902256006 -629134.32862789952196
     49.96807357077437 -629133.75943544646725
     53.72900232016371 -629137.89284566766582
     47.24247998764807 -629138.42149541294202
     40.39382055115126 -629138.42685452534351
     35.75761062557711 -629138.28727772796992
     38.58148200354114 -629139.46997459430713
     38.93065567772872 -629139.37404793500900
     40.80070808815088 -629135.34521886473522
     42.46584466065778 -629135.97296819521580
     45.05572810661440 -629135.06643525231630
     44.07908270604280 -629136.14974259608425
     46.15633552571162 -629131.65127650916111
     42.51193151914445 -629138.03592002450023
     43.24127832320893 -629139.13812394777779
     39.05968096644282 -629136.64400552655570
     37.12507556045229 -629143.10216066124849
     34.75352542815444 -629133.14161960338242
     39.16960602921153 -629135.13298264879268
     35.99167288403916 -629131.66386212257203
     36.76715760290627 -629132.42737381532788
     29.83015236211663 -629134.02470751502551
     32.12988479393240 -629135.20120730006602
     28.15279753443795 -629134.27721143164672
     30.66038650534354 -629132.71903608879074
     24.19997942873540 -629133.93382285302505
     25.73949688748343 -629124.39851266820915
     24.08976714360979 -629126.57394895073958
     34.98895364013531 -629128.23317125509493
     36.39387558428921 -629135.40538970672060
     36.67364341503716 -629134.56397470703814
     35.50672503336313 -629133.01402338617481
     41.38425049870673 -629130.12126280902885
     42.68555242165689 -629131.08209164568689
     42.16793048220787 -629135.85754101502243
     44.43244080186695 -629135.36651083361357
     38.78102794966271 -629130.90614081453532
     45.70363749515707 -629137.99275391362607
     45.49472002931728 -629134.01279665401671
     38.87068353049096 -629130.09024558309466
     34.21595799789562 -629131.51662498887163
     37.68405728501079 -629130.85678311320953
     33.11680945703201 -629136.70184104423970
     31.22898220503130 -629130.92848632007372
     29.72950791590506 -629137.62528760719579
     34.88101877307249 -629134.22310991759878
     37.71346733377253 -629136.04062366648577
     41.78546798693894 -629138.76401376840658
     47.81844400928437 -629132.66315460600890
     47.92041678015612 -629135.34088569472078
     40.32597078835562 -629135.34097757004201
     49.06279781917611 -629133.71071143704467
     43.05645835701785 -629136.10644412646070
     45.98554853230048 -629132.81952242972329
     47.82384588533005 -629138.46531738468911
     43.12486151620396 -629133.55676817812491
     46.69693301483675 -629134.98027430276852
     43.61724986575114 -629138.95863685314544
     45.65407451304586 -629138.74162176321261
     44.87477978026172 -629138.41186238126829
     42.24940367725799 -629134.38521549839061
     43.64093323482510 -629132.43406946130563
     46.03488449788219 -629133.94048644124996
     43.37970768697254 -629131.48856857733335
     41.97523221264527 -629132.18562153307721
     40.39797548679062 -629131.08130208379589
     44.13062037928675 -629133.39648268348537
     39.05858784995630 -629135.54198191023897
     44.57570619302206 -629132.19018578180112
     39.44318826269119 -629135.68888187943958
     41.98431474921399 -629135.76720084820408
     41.73518814214491 -629133.14421253977343
     39.72961353926021 -629133.55419161333703
     43.13728502163021 -629131.80156683013774
     42.18835630088844 -629137.18455170397647
     39.87235935031357 -629131.66287084331270
     43.92391854041190 -629137.97890615824144
     43.86205534811007 -629139.93715112959035
     43.49608302294826 -629140.67887888348196
     34.70710748450139 -629137.21835309185553
     35.67766805722650 -629136.34282652288675
     37.43119038183575 -629135.57273065077607
     39.09178670405826 -629139.05711096967570
     36.12042648556933 -629137.83810185804032
     41.05977270156812 -629139.97957741376013
     42.13628610636688 -629137.78592199902050
     49.89510776058688 -629137.02924676786643
     44.60214549187123 -629135.21428730490152
     44.74962087384182 -629134.82628013018984
     45.67514975240979 -629145.45695096720010
     42.15864644305709 -629133.32771656615660
     39.75796925497502 -629134.45693654648494
     38.85538329884042 -629140.49481054616626
     41.20829637847772 -629130.58196339255664
     43.44374948380829 -629132.99357004021294
     36.18148962203432 -629130.92122578201815
     45.50413741590580 -629133.01131041732151
     42.39244195600322 -629132.25607953465078
     42.18461253817456 -629134.84338647592813
     42.93375104598385 -629136.09386936982628
     50.69735877539755 -629136.00633052864578
     47.12279715816747 -629131.88613437837921
     47.98492179042793 -629130.10970782418735
     44.98844679429990 -629138.93064173555467
     45.14463721233378 -629133.68411392520647
     46.93891462449232 -629136.24705724953674
     42.09463585448956 -629133.23737543181051
     41.72752467171802 -629137.48406721721403
     44.84971966734923 -629137.29923711891752
     43.98755415365689 -629137.39398605329916
     50.09401691339109 -629135.22919891809579
     45.81349904112216 -629139.83370064175688
     38.09057784505286 -629137.57448137865867
     37.82390679111613 -629138.20204608445056
     36.35487330295811 -629136.52567677665502
     34.75670855728902 -629133.54677907424048
     35.19119940528656 -629134.83817386988085
     36.81206094038200 -629133.51803370635025
     40.77867758126774 -629133.83874085324351
     43.82584594172159 -629142.46210767340381
     41.85957663910470 -629137.74403043137863
     37.92551758478928 -629138.16411017521750
     40.10506523679289 -629137.36183537251782
     34.36516792574275 -629135.62048202275764
     36.26728958953635 -629142.28563544526696
     38.09490001016296 -629133.16249912430067
     38.04230029383913 -629142.58717379649170
     40.56028716915119 -629138.00810833007563
     37.20887948941380 -629138.33265017566737
     45.22639226379907 -629134.45926119433716
     43.36566580753061 -629137.64408337778877
     37.55073325302732 -629137.67311951261945
     40.87900531025918 -629134.72266373096500
     43.35620578863590 -629132.25697957759257
     43.43911073893400 -629131.86864103225525
     36.77701677387876 -629135.58242063713260
     32.93106245232574 -629140.53689208952710
     37.95705461753277 -629138.26951589575037
     38.06742011450202 -629139.80981902929489
     37.57196808845408 -629139.52603680070024
     41.02022791597906 -629137.78160638373811
     45.84226435659748 -629133.19043222873006
     41.96644414891995 -629132.97835571831092
     34.58764871100372 -629134.30193075852003
     41.23815113374986 -629131.84208043350372
     36.90633693162226 -629136.67068961774930
     31.32607287735717 -629131.43008379323874
     31.80686711910088 -629136.71010742720682
     32.17128921491581 -629142.35586918017361
     31.68944051152846 -629134.67448604828678
     35.65608533822211 -629135.52487429790199
     37.66496849693930 -629136.74402867234312
     39.16847484693419 -629133.77716765995137
     40.49888836128518 -629136.73991796839982
     46.18054172144186 -629137.28782555740327
     43.36649301139768 -629139.02618223417085
     40.73226187751531 -629141.86012039543130
     43.12811938528517 -629136.18263953214046
     42.48337330731719 -629137.71958643558901
     41.00028818281997 -629132.85236172040459
     39.65695446109387 -629136.59441949077882
     41.52058778667413 -629134.80760605935939
     44.32648303444679 -629134.10941386967897
     46.46893548169997 -629134.96919319720473
     36.58777179862550 -629138.44357647036668
     40.11384994177097 -629134.90939700626768
     43.41749599956702 -629137.70186456525698
     40.99476611217686 -629145.35714870539960
     36.99250434637160 -629136.85941651347093
     40.16146850590916 -629137.19100179569796
     34.98811417454466 -629134.42792059818748
     39.25776710597733 -629129.23402765044011
     33.52229624528063 -629134.60459478572011
     38.25109420820798 -629136.53772142238449
     40.35807080301085 -629135.04969064146280
     38.58585152360942 -629133.58632118371315
     35.00946381391294 -629143.94120263948571
     35.06257375753040 -629133.89785090461373
     35.38997111065316 -629136.33568542671856
     34.76829886858543 -629141.85452986450400
     30.63555281039088 -629135.56244052608963
     29.31973983357342 -629131.97075860656332
     31.62643064946075 -629138.86193716479465
     33.67216918949058 -629139.44982542039361
     35.72089782273061 -629141.72523953358177
     40.09366163328996 -629137.13039529602975
     32.03060026063658 -629136.55099360365421
     33.96172028881841 -629144.12682987411972
     32.42760714416143 -629130.66015416767914
     32.02673403726213 -629135.57041457481682
     28.75955134379606 -629130.84870471653994
     31.79974808353084 -629132.93790620076470
     35.80787455068486 -629135.20817408827133
     30.68460880261123 -629140.85495834634639
     30.65156516429708 -629135.41481216729153
     30.95230806588204 -629139.24849790986627
     29.19579137190655 -629140.37671535054687
     39.91613778370328 -629134.47936920833308
     36.43477073740929 -629139.40640888910275
     29.56695343251731 -629131.50052187847905
     30.34255108175860 -629134.41732821345795
     27.26495678203504 -629133.88726409710944
     25.14771290620806 -629137.08753489633091
     25.41293847374533 -629134.52583726763260
     21.72536144652241 -629134.53594003233593
     24.54355531418960 -629141.63751337130088
     28.07751913819368 -629138.32560387905687
     34.35275188391878 -629137.61581391619984
     31.02941936185870 -629141.77611971145961
     34.74722865196637 -629142.38146367645822
     30.11657654874506 -629139.57619106187485
     30.24608196403249 -629143.40707987057976
     29.81230815937996 -629142.40528284269385
     37.09919158186417 -629141.66733804950491
     37.30056059179265 -629141.57065874163527
     23.80224301712194 -629143.09214745112695
     31.39194255809793 -629140.35137333150487
     31.61174568762038 -629135.68118107190821
     32.82620039180978 -629136.00726600189228
     39.42823462499459 -629142.52261012257077
     40.16807586362626 -629139.26234135974664
     34.52562133746611 -629146.76404015859589
     39.25098922862183 -629140.68172857584432
     37.34809597155210 -629134.53932162234560
     29.62359560308229 -629134.80251759954263
     42.96133395709861 -629135.44656450662296
     44.06920859706266 -629138.27730855741538
     40.69800628248893 -629139.71507044963073
     38.50285636873834 -629136.79135239683092
     36.71829302346938 -629136.44403453357518
     35.90805052505376 -629139.42714328097645
     32.46015441894279 -629135.76588217366952
     37.14073009735346 -629137.48560785641894
     35.07729912661063 -629139.59270033962093
     37.70684509505758 -629142.19067112880293
     42.03598000632035 -629147.08629161573481
     43.19994491008828 -629147.89789940137416
     38.60064550820584 -629142.07060489407741
     41.50785251946956 -629133.42777866043616
     43.44196671141415 -629139.88854057178833
     54.92734892440113 -629140.21531758189667
     44.09069802675889 -629142.05647648649756
     47.06577292004095 -629136.25609018735122
     41.93087413653916 -629140.22267815214582
     43.46428589577023 -629137.12794427096378
     46.79283286847977 -629141.67695189896040
     41.28925802945958 -629134.74999584071338
     41.24667829411678 -629134.25593599048443
     42.02166803977888 -629140.80741845676675
     41.85941758264504 -629134.95791969494894
     42.46086955039566 -629137.39719846751541
     43.90376043558950 -629135.45622893667314
     48.92545824656687 -629139.10503832809627
     45.46947969567597 -629139.55675707140472
     42.22036657951953 -629139.64765881781932
     40.63705408132558 -629137.29693163500633
     44.43446979008076 -629134.04277135001030
     44.82023803785984 -629135.26159518957138
     38.92862437187753 -629134.40103239193559
     44.50761368978267 -629135.67411406990141
     39.27857542908519 -629139.37104457616806
     41.71715806301607 -629130.67758500354830
     43.04495424363089 -629135.92563092056662
     41.90031669213143 -629137.45295325666666
     40.99332045574223 -629136.17485256923828
     36.39680434567357 -629132.98998991132248
     40.56156900044306 -629136.08523293840699
     44.68725356289549 -629136.80537172942422
     37.02579890265039 -629132.57896009716205
     37.46790266141241 -629135.39354299113620
     40.81467761715261 -629136.14213718683459
     39.64021692606939 -629137.21201531402767
     37.87490899821086 -629135.00881583790760
     35.97648777952679 -629136.60571509355213
     35.20380829376652 -629133.39336322003510
     37.07019338605217 -629134.69284243788570
     29.85670800195223 -629139.61334452137817
     35.85816696745817 -629141.43465370475315
     36.00042564859151 -629140.90095431136433
     37.00966444384225 -629139.91183091967832
     39.94898182826944 -629138.15080671396572
     38.64457190707168 -629135.52127374813426
     40.77877135193739 -629134.96977195830550
     37.75648331967969 -629137.71811399294529
     38.73086873726397 -629143.14613857259974
     36.91144715524145 -629149.10031541704666
     42.18098709290278 -629142.79732405371033
     40.15486010429432 -629137.64377998677082
     41.73242459044038 -629138.63698359939735
     36.94293507820026 -629145.54217990615871
     31.70690246531750 -629137.75733236037195
     39.29199449737464 -629143.44074334623292
     40.46365027635425 -629142.96075934637338
     39.63993196274562 -629138.79325879120734
     38.80977304573438 -629145.33537916990463
     41.21917137186200 -629136.95138590491842
     43.73489529880314 -629140.68672575207893
     48.87692820211142 -629142.32136189518496
     41.49602578999993 -629148.69349047588184
     41.34568493713586 -629142.01427716750186
     38.26299647770138 -629147.37655029178131
     42.59119836705710 -629140.29242885881104
     36.70365101934219 -629139.15617113583721
     39.68632663623191 -629138.60637914005201
     43.10004364901349 -629135.65090307150967
     44.09115820022205 -629136.15130763128400
     43.92478398831445 -629144.57572883286048
     39.97387939676827 -629137.00524947920348
     37.47450994439269 -629141.51737970113754
     44.57670341916115 -629139.43460748356301
     44.82497991223986 -629137.84380544710439
     40.18657883742707 -629139.38255579362158
     37.53670243193056 -629140.79751429276075
     41.00997882160097 -629141.32724818203133
     42.28198806212469 -629137.21821756393183
     41.73091692559334 -629133.69723573315423
     44.66149454280713 -629138.51628953660838
     44.82867517418421 -629134.78267364413477
     41.15355404417532 -629138.29987223492935
     39.62355603589114 -629139.09555621724576
     32.03630387910948 -629134.07853447715752
     40.11060514373856 -629136.89311451069079
     37.44684127704097 -629136.92872479697689
     30.80316491839739 -629141.91829110390972
     33.47491935444918 -629131.48264871339779
     38.56511766135662 -629139.76545222697314
     41.86953590259744 -629134.71232284780126
     34.13689962206084 -629134.22508899192326
     39.02434352964189 -629132.72987165197264
     37.21381752101298 -629133.15669387741946
     40.61848522250119 -629133.53786103101447
     36.87238561194464 -629130.80810483265668
     39.42889432149921 -629133.33166587480810
     37.31488733467730 -629138.61452359519899
     35.90182901148810 -629132.78490319405682
     38.57757041372826 -629135.80588228045963
     33.56054714968990 -629136.67135775601491
     32.73208982330741 -629143.79750852100551
     35.10137243824258 -629137.51402437058277
     31.40187076875360 -629136.27470247470774
     35.98037748360882 -629140.42840236518532
     40.20428291634023 -629142.44398828607518
     40.15187908558729 -629139.95075855532195
     36.60640245382974 -629143.72098475205712
     38.12929942905375 -629145.29486173740588
     38.85185197598258 -629137.44393155048601
     43.55103492041601 -629139.44305981753860
     37.00899347983189 -629140.61176721414085
     37.24249861726634 -629137.90402031410486
     27.02263914264427 -629137.42152967373841
     34.71499954578549 -629139.86826094088610
     34.41510468758410 -629134.95094318722840
     41.83877038117388 -629129.75471540901344
     37.65347446532407 -629134.33654599299189
     35.73082276671051 -629135.06710445065983
     30.66922853782891 -629134.21837463253178
     28.86470717141318 -629125.27216568647418
     22.67105970535297 -629132.81718771799933
     25.67409610117829 -629129.41276811819989
     25.76787519140084 -629127.04786794167012
     26.68246677963214 -629125.67011458915658
     28.66500433919461 -629134.28683199908119
     35.52830662044996 -629128.83363985759206
     31.08703854051527 -629127.96178810438141
     26.78679148839877 -629124.94252495153341
     27.34514311742418 -629130.88569267117418
     36.39259432091962 -629126.70095491060056
     25.48462894263091 -629129.92925281089265
     32.34076108798356 -629130.29349669709336
     28.58934090221946 -629134.72478413558565
     36.57045450405872 -629139.59766899328679
     40.64342646515924 -629140.17345851100981
     43.72474152035645 -629137.49301131791435
     42.98881510689898 -629132.89353713626042
     42.73026167039462 -629134.47444378456566
     39.80747147509322 -629137.75835949578322
     34.43055320565060 -629144.19351439562161
     40.98661697410377 -629136.05247743101791
     40.89839843891602 -629137.94430565484799
     36.79093682139132 -629145.60267105663661
     38.94238109114448 -629133.66491213080008
     43.27482755580086 -629140.53579741658177
     33.98025471104815 -629139.95731740538031
     40.14533992334381 -629138.52842767373659
     39.44128711287063 -629139.23586224275641
     37.54378572133290 -629138.98913944175001
     36.73378188550248 -629141.47109886107501
     37.71843035342169 -629133.67649626231287
     36.12436750717658 -629141.98058390687220
     33.95817979645479 -629143.33496261516120
     37.08216370917483 -629143.19075441488530
     34.83236421466186 -629136.57714929257054
     38.86237348047980 -629138.09515393350739
     32.84690706105614 -629138.14083270949777
     31.11778590312591 -629137.49367250921205
     29.71492288662305 -629138.74754162749741
     33.63102999835207 -629128.77178897138219
     35.99632360823842 -629140.45147428917699
     33.27267198240992 -629132.32512037770357
     35.63527865257598 -629132.28441486810334
     36.24031440088470 -629134.87075820798054
     40.27557713462209 -629135.73529236286413
     37.40705488330821 -629137.99235531082377
     31.25103235363665 -629133.46042474417482
     26.63539291859527 -629134.68751905718818
     24.70713663233299 -629133.17128911311738
     27.99210710764022 -629132.84253147698473
     28.39418735046780 -629132.56603653950151
     34.47289293415914 -629136.79575337085407
     30.52183822137197 -629134.58831375371665
     28.52225035758313 -629136.51743902079761
     32.93125158209585 -629140.61443388182670
     35.03590692544879 -629140.85120419505984
     41.09904897049599 -629134.02963095682207
     47.35852149756834 -629133.06037210382055
     41.55076851451464 -629134.12252223666292
     42.09997004859751 -629139.86130431538913
     38.56978182211229 -629125.93601771397516
     33.91466273351892 -629131.45652806130238
     35.03388140527836 -629135.55410401162226
     32.65664810568628 -629132.50523062550928
     35.47601611434321 -629132.63979210087564
     33.30093062205492 -629129.86613941914402
     30.31106038853668 -629131.13741710304748
     33.69031240340914 -629131.14015342225321
     35.79900827262831 -629132.19314531702548
     33.72367722806111 -629133.55416060274001
     34.00454669487233 -629131.70862072461750
     28.29868520442912 -629133.06123181956355
     39.89250717114268 -629133.43894213577732
     36.75347978099669 -629140.73980126157403
     42.21161612182362 -629136.52040579321329
     37.92564862491574 -629137.73738967266399
     39.45478039624486 -629139.13918782188557
     40.30578910457391 -629137.34162989736069
     37.92367651485235 -629137.92885304021183
     34.76458152300673 -629132.37030430615414
     36.99094128254782 -629134.87667844397947
     40.00390769461568 -629142.49279501405545
     37.43742113048106 -629134.33230464986991
     34.87060072299626 -629135.42837506637443
     36.80186031495114 -629131.27938715473283
     32.40032355840339 -629133.73915114661213
     32.66902537379661 -629139.31280989863444
     32.40432154651398 -629137.60314281377941
     30.57828040169046 -629136.79459898942150
     33.51004918483176 -629142.19642824563198
     35.27577921801051 -629136.23560737958178
     35.34209795039904 -629135.24142028379720
     35.27045784953709 -629137.38552916748449
     39.41122952242255 -629135.35047042195220
     33.04765953615406 -629132.05185871105641
     37.58215946721758 -629135.32866721344180
     38.46674501553724 -629136.89714112889487
     42.20532922147655 -629131.87133091094438
     40.88333397293383 -629135.06111574138049
     40.34617456653980 -629127.42863308417145
     34.96393430242460 -629133.96424885385204
     32.53085372698257 -629135.33107926778030
     35.21352344689635 -629132.36410048068501
     36.00873135599689 -629138.15881956054363
     33.11036645676808 -629133.68615922064055
     35.99884508030209 -629132.13382971915416
     35.89417073154014 -629140.35772605973762
     29.86722616699767 -629134.28355306212325
     34.59630609211771 -629134.51555074739736
     37.95077493194607 -629132.06129573681392
     33.45881504089177 -629138.98188818641938
     35.65022634392653 -629132.89872503536753
     35.83020294247855 -629137.22043207648676
     37.41148395420281 -629135.31705147668254
     37.12529515166234 -629137.06615515181329
     35.59598260077602 -629143.10120980592910
