25.00000000000000
32.00000000000000
20.00000000000000
31.00000000000000
26.00000000000000
17.00000000000000
22.00000000000000
23.00000000000000
16.00000000000000
21.00000000000000
32.00000000000000
36.00000000000000
28.00000000000000
32.00000000000000
22.00000000000000
26.00000000000000
21.00000000000000
14.00000000000000
22.00000000000000
26.00000000000000
18.00000000000000
22.00000000000000
25.00000000000000
19.00000000000000
20.00000000000000
19.00000000000000
19.00000000000000
20.00000000000000
19.00000000000000
18.00000000000000
22.00000000000000
18.00000000000000
21.00000000000000
24.00000000000000
26.00000000000000
22.00000000000000
30.00000000000000
21.00000000000000
16.00000000000000
25.00000000000000
22.00000000000000
22.00000000000000
24.00000000000000
29.00000000000000
35.00000000000000
33.00000000000000
31.00000000000000
32.00000000000000
24.00000000000000
35.00000000000000
36.00000000000000
27.00000000000000
27.00000000000000
31.00000000000000
25.00000000000000
23.00000000000000
26.00000000000000
26.00000000000000
29.00000000000000
26.00000000000000
25.00000000000000
23.00000000000000
21.00000000000000
24.00000000000000
27.00000000000000
28.00000000000000
29.00000000000000
25.00000000000000
19.00000000000000
17.00000000000000
22.00000000000000
21.00000000000000
19.00000000000000
15.00000000000000
19.00000000000000
19.00000000000000
26.00000000000000
22.00000000000000
19.00000000000000
24.00000000000000
31.00000000000000
20.00000000000000
17.00000000000000
23.00000000000000
21.00000000000000
17.00000000000000
10.00000000000000
13.00000000000000
14.00000000000000
15.00000000000000
17.00000000000000
20.00000000000000
23.00000000000000
19.00000000000000
16.00000000000000
12.00000000000000
11.00000000000000
11.00000000000000
15.00000000000000
 9.00000000000000
10.00000000000000
10.00000000000000
 9.00000000000000
14.00000000000000
11.00000000000000
15.00000000000000
13.00000000000000
20.00000000000000
23.00000000000000
18.00000000000000
16.00000000000000
14.00000000000000
13.00000000000000
19.00000000000000
17.00000000000000
18.00000000000000
11.00000000000000
 9.00000000000000
13.00000000000000
15.00000000000000
15.00000000000000
25.00000000000000
23.00000000000000
22.00000000000000
21.00000000000000
20.00000000000000
18.00000000000000
20.00000000000000
20.00000000000000
22.00000000000000
21.00000000000000
22.00000000000000
 8.00000000000000
11.00000000000000
12.00000000000000
15.00000000000000
11.00000000000000
17.00000000000000
20.00000000000000
14.00000000000000
17.00000000000000
20.00000000000000
26.00000000000000
27.00000000000000
35.00000000000000
29.00000000000000
18.00000000000000
21.00000000000000
24.00000000000000
20.00000000000000
22.00000000000000
21.00000000000000
21.00000000000000
13.00000000000000
13.00000000000000
14.00000000000000
15.00000000000000
21.00000000000000
17.00000000000000
12.00000000000000
 7.00000000000000
11.00000000000000
20.00000000000000
18.00000000000000
12.00000000000000
14.00000000000000
 8.00000000000000
 8.00000000000000
10.00000000000000
15.00000000000000
 9.00000000000000
 8.00000000000000
 8.00000000000000
14.00000000000000
 5.00000000000000
 7.00000000000000
 8.00000000000000
18.00000000000000
19.00000000000000
13.00000000000000
10.00000000000000
14.00000000000000
19.00000000000000
13.00000000000000
11.00000000000000
18.00000000000000
22.00000000000000
14.00000000000000
10.00000000000000
11.00000000000000
17.00000000000000
20.00000000000000
17.00000000000000
30.00000000000000
25.00000000000000
19.00000000000000
11.00000000000000
10.00000000000000
15.00000000000000
19.00000000000000
17.00000000000000
23.00000000000000
21.00000000000000
24.00000000000000
28.00000000000000
25.00000000000000
24.00000000000000
20.00000000000000
24.00000000000000
15.00000000000000
18.00000000000000
14.00000000000000
11.00000000000000
14.00000000000000
20.00000000000000
20.00000000000000
20.00000000000000
20.00000000000000
25.00000000000000
25.00000000000000
24.00000000000000
18.00000000000000
21.00000000000000
28.00000000000000
24.00000000000000
22.00000000000000
23.00000000000000
21.00000000000000
22.00000000000000
20.00000000000000
21.00000000000000
17.00000000000000
15.00000000000000
16.00000000000000
13.00000000000000
15.00000000000000
17.00000000000000
19.00000000000000
22.00000000000000
18.00000000000000
20.00000000000000
16.00000000000000
18.00000000000000
12.00000000000000
12.00000000000000
13.00000000000000
18.00000000000000
12.00000000000000
19.00000000000000
20.00000000000000
20.00000000000000
15.00000000000000
22.00000000000000
20.00000000000000
12.00000000000000
18.00000000000000
20.00000000000000
14.00000000000000
21.00000000000000
14.00000000000000
16.00000000000000
16.00000000000000
24.00000000000000
21.00000000000000
18.00000000000000
25.00000000000000
18.00000000000000
25.00000000000000
24.00000000000000
25.00000000000000
34.00000000000000
43.00000000000000
29.00000000000000
27.00000000000000
21.00000000000000
22.00000000000000
21.00000000000000
17.00000000000000
11.00000000000000
22.00000000000000
21.00000000000000
24.00000000000000
31.00000000000000
20.00000000000000
19.00000000000000
23.00000000000000
25.00000000000000
29.00000000000000
29.00000000000000
19.00000000000000
19.00000000000000
13.00000000000000
19.00000000000000
15.00000000000000
18.00000000000000
18.00000000000000
14.00000000000000
20.00000000000000
17.00000000000000
19.00000000000000
19.00000000000000
13.00000000000000
12.00000000000000
15.00000000000000
15.00000000000000
22.00000000000000
25.00000000000000
32.00000000000000
25.00000000000000
19.00000000000000
15.00000000000000
15.00000000000000
15.00000000000000
 8.00000000000000
11.00000000000000
19.00000000000000
19.00000000000000
23.00000000000000
25.00000000000000
20.00000000000000
21.00000000000000
25.00000000000000
22.00000000000000
21.00000000000000
10.00000000000000
14.00000000000000
20.00000000000000
20.00000000000000
20.00000000000000
18.00000000000000
15.00000000000000
17.00000000000000
17.00000000000000
16.00000000000000
18.00000000000000
20.00000000000000
18.00000000000000
20.00000000000000
17.00000000000000
17.00000000000000
18.00000000000000
15.00000000000000
23.00000000000000
27.00000000000000
25.00000000000000
20.00000000000000
18.00000000000000
18.00000000000000
18.00000000000000
21.00000000000000
23.00000000000000
19.00000000000000
18.00000000000000
18.00000000000000
14.00000000000000
21.00000000000000
15.00000000000000
14.00000000000000
15.00000000000000
10.00000000000000
10.00000000000000
18.00000000000000
17.00000000000000
26.00000000000000
19.00000000000000
20.00000000000000
20.00000000000000
28.00000000000000
24.00000000000000
27.00000000000000
21.00000000000000
15.00000000000000
17.00000000000000
17.00000000000000
22.00000000000000
20.00000000000000
24.00000000000000
19.00000000000000
18.00000000000000
19.00000000000000
18.00000000000000
21.00000000000000
11.00000000000000
14.00000000000000
14.00000000000000
21.00000000000000
17.00000000000000
15.00000000000000
15.00000000000000
16.00000000000000
13.00000000000000
14.00000000000000
14.00000000000000
21.00000000000000
15.00000000000000
12.00000000000000
18.00000000000000
29.00000000000000
24.00000000000000
19.00000000000000
18.00000000000000
13.00000000000000
17.00000000000000
21.00000000000000
15.00000000000000
14.00000000000000
16.00000000000000
14.00000000000000
15.00000000000000
18.00000000000000
16.00000000000000
16.00000000000000
16.00000000000000
13.00000000000000
17.00000000000000
15.00000000000000
15.00000000000000
15.00000000000000
19.00000000000000
20.00000000000000
21.00000000000000
26.00000000000000
24.00000000000000
24.00000000000000
22.00000000000000
27.00000000000000
30.00000000000000
23.00000000000000
28.00000000000000
26.00000000000000
18.00000000000000
23.00000000000000
28.00000000000000
25.00000000000000
24.00000000000000
15.00000000000000
11.00000000000000
13.00000000000000
15.00000000000000
17.00000000000000
16.00000000000000
13.00000000000000
15.00000000000000
15.00000000000000
19.00000000000000
16.00000000000000
19.00000000000000
14.00000000000000
12.00000000000000
11.00000000000000
13.00000000000000
15.00000000000000
16.00000000000000
20.00000000000000
24.00000000000000
25.00000000000000
22.00000000000000
23.00000000000000
25.00000000000000
20.00000000000000
20.00000000000000
21.00000000000000
18.00000000000000
18.00000000000000
29.00000000000000
26.00000000000000
18.00000000000000
15.00000000000000
13.00000000000000
14.00000000000000
14.00000000000000
18.00000000000000
18.00000000000000
19.00000000000000
17.00000000000000
16.00000000000000
16.00000000000000
18.00000000000000
14.00000000000000
14.00000000000000
17.00000000000000
18.00000000000000
14.00000000000000
12.00000000000000
 9.00000000000000
18.00000000000000
19.00000000000000
21.00000000000000
16.00000000000000
10.00000000000000
15.00000000000000
12.00000000000000
14.00000000000000
14.00000000000000
18.00000000000000
15.00000000000000
18.00000000000000
16.00000000000000
24.00000000000000
25.00000000000000
21.00000000000000
23.00000000000000
24.00000000000000
21.00000000000000
26.00000000000000
23.00000000000000
19.00000000000000
18.00000000000000
18.00000000000000
23.00000000000000
18.00000000000000
19.00000000000000
17.00000000000000
18.00000000000000
19.00000000000000
18.00000000000000
17.00000000000000
23.00000000000000
17.00000000000000
22.00000000000000
18.00000000000000
14.00000000000000
18.00000000000000
22.00000000000000
12.00000000000000
18.00000000000000
14.00000000000000
14.00000000000000
16.00000000000000
14.00000000000000
19.00000000000000
19.00000000000000
18.00000000000000
20.00000000000000
16.00000000000000
24.00000000000000
22.00000000000000
18.00000000000000
21.00000000000000
22.00000000000000
22.00000000000000
26.00000000000000
23.00000000000000
18.00000000000000
19.00000000000000
20.00000000000000
26.00000000000000
22.00000000000000
26.00000000000000
32.00000000000000
38.00000000000000
31.00000000000000
32.00000000000000
32.00000000000000
32.00000000000000
34.00000000000000
30.00000000000000
38.00000000000000
32.00000000000000
21.00000000000000
16.00000000000000
23.00000000000000
19.00000000000000
23.00000000000000
29.00000000000000
22.00000000000000
22.00000000000000
23.00000000000000
27.00000000000000
23.00000000000000
24.00000000000000
26.00000000000000
25.00000000000000
26.00000000000000
27.00000000000000
26.00000000000000
22.00000000000000
23.00000000000000
21.00000000000000
22.00000000000000
22.00000000000000
18.00000000000000
18.00000000000000
14.00000000000000
23.00000000000000
20.00000000000000
18.00000000000000
24.00000000000000
15.00000000000000
10.00000000000000
16.00000000000000
17.00000000000000
23.00000000000000
18.00000000000000
28.00000000000000
18.00000000000000
23.00000000000000
23.00000000000000
15.00000000000000
18.00000000000000
22.00000000000000
14.00000000000000
15.00000000000000
28.00000000000000
18.00000000000000
18.00000000000000
20.00000000000000
20.00000000000000
19.00000000000000
19.00000000000000
20.00000000000000
16.00000000000000
24.00000000000000
26.00000000000000
12.00000000000000
11.00000000000000
11.00000000000000
 9.00000000000000
16.00000000000000
12.00000000000000
15.00000000000000
11.00000000000000
12.00000000000000
 8.00000000000000
10.00000000000000
10.00000000000000
15.00000000000000
14.00000000000000
20.00000000000000
16.00000000000000
11.00000000000000
15.00000000000000
16.00000000000000
16.00000000000000
17.00000000000000
12.00000000000000
17.00000000000000
20.00000000000000
27.00000000000000
17.00000000000000
23.00000000000000
15.00000000000000
19.00000000000000
20.00000000000000
19.00000000000000
22.00000000000000
22.00000000000000
26.00000000000000
20.00000000000000
24.00000000000000
17.00000000000000
13.00000000000000
13.00000000000000
15.00000000000000
12.00000000000000
19.00000000000000
17.00000000000000
13.00000000000000
19.00000000000000
14.00000000000000
14.00000000000000
15.00000000000000
16.00000000000000
22.00000000000000
18.00000000000000
22.00000000000000
24.00000000000000
29.00000000000000
23.00000000000000
24.00000000000000
29.00000000000000
26.00000000000000
26.00000000000000
29.00000000000000
34.00000000000000
35.00000000000000
25.00000000000000
27.00000000000000
27.00000000000000
18.00000000000000
23.00000000000000
15.00000000000000
16.00000000000000
13.00000000000000
20.00000000000000
10.00000000000000
14.00000000000000
16.00000000000000
17.00000000000000
16.00000000000000
11.00000000000000
12.00000000000000
12.00000000000000
18.00000000000000
14.00000000000000
17.00000000000000
17.00000000000000
21.00000000000000
18.00000000000000
17.00000000000000
20.00000000000000
22.00000000000000
26.00000000000000
19.00000000000000
23.00000000000000
23.00000000000000
24.00000000000000
25.00000000000000
28.00000000000000
25.00000000000000
24.00000000000000
21.00000000000000
31.00000000000000
27.00000000000000
24.00000000000000
17.00000000000000
22.00000000000000
19.00000000000000
19.00000000000000
22.00000000000000
24.00000000000000
24.00000000000000
21.00000000000000
25.00000000000000
28.00000000000000
26.00000000000000
34.00000000000000
31.00000000000000
33.00000000000000
33.00000000000000
44.00000000000000
36.00000000000000
30.00000000000000
31.00000000000000
34.00000000000000
27.00000000000000
25.00000000000000
26.00000000000000
25.00000000000000
22.00000000000000
23.00000000000000
23.00000000000000
26.00000000000000
26.00000000000000
25.00000000000000
25.00000000000000
22.00000000000000
16.00000000000000
12.00000000000000
12.00000000000000
13.00000000000000
15.00000000000000
17.00000000000000
15.00000000000000
17.00000000000000
16.00000000000000
18.00000000000000
18.00000000000000
18.00000000000000
15.00000000000000
27.00000000000000
20.00000000000000
20.00000000000000
22.00000000000000
23.00000000000000
29.00000000000000
33.00000000000000
13.00000000000000
21.00000000000000
26.00000000000000
17.00000000000000
16.00000000000000
15.00000000000000
13.00000000000000
14.00000000000000
14.00000000000000
12.00000000000000
17.00000000000000
16.00000000000000
16.00000000000000
13.00000000000000
14.00000000000000
13.00000000000000
16.00000000000000
16.00000000000000
18.00000000000000
18.00000000000000
14.00000000000000
15.00000000000000
14.00000000000000
15.00000000000000
12.00000000000000
13.00000000000000
13.00000000000000
12.00000000000000
16.00000000000000
14.00000000000000
14.00000000000000
12.00000000000000
12.00000000000000
 6.00000000000000
 8.00000000000000
10.00000000000000
 9.00000000000000
10.00000000000000
12.00000000000000
 8.00000000000000
 8.00000000000000
10.00000000000000
12.00000000000000
 9.00000000000000
10.00000000000000
14.00000000000000
16.00000000000000
10.00000000000000
13.00000000000000
13.00000000000000
12.00000000000000
 9.00000000000000
11.00000000000000
15.00000000000000
13.00000000000000
11.00000000000000
16.00000000000000
12.00000000000000
17.00000000000000
13.00000000000000
15.00000000000000
14.00000000000000
15.00000000000000
14.00000000000000
18.00000000000000
15.00000000000000
15.00000000000000
11.00000000000000
16.00000000000000
21.00000000000000
13.00000000000000
11.00000000000000
16.00000000000000
19.00000000000000
23.00000000000000
23.00000000000000
26.00000000000000
26.00000000000000
19.00000000000000
20.00000000000000
19.00000000000000
14.00000000000000
16.00000000000000
16.00000000000000
13.00000000000000
17.00000000000000
12.00000000000000
14.00000000000000
22.00000000000000
14.00000000000000
14.00000000000000
14.00000000000000
23.00000000000000
24.00000000000000
23.00000000000000
15.00000000000000
18.00000000000000
17.00000000000000
15.00000000000000
20.00000000000000
18.00000000000000
21.00000000000000
23.00000000000000
17.00000000000000
26.00000000000000
24.00000000000000
18.00000000000000
23.00000000000000
21.00000000000000
18.00000000000000
18.00000000000000
21.00000000000000
15.00000000000000
17.00000000000000
21.00000000000000
21.00000000000000
25.00000000000000
24.00000000000000
23.00000000000000
23.00000000000000
18.00000000000000
20.00000000000000
21.00000000000000
21.00000000000000
20.00000000000000
16.00000000000000
18.00000000000000
14.00000000000000
17.00000000000000
23.00000000000000
22.00000000000000
20.00000000000000
24.00000000000000
25.00000000000000
28.00000000000000
26.00000000000000
24.00000000000000
22.00000000000000
14.00000000000000
14.00000000000000
18.00000000000000
 9.00000000000000
17.00000000000000
16.00000000000000
15.00000000000000
16.00000000000000
16.00000000000000
12.00000000000000
17.00000000000000
15.00000000000000
17.00000000000000
18.00000000000000
11.00000000000000
17.00000000000000
17.00000000000000
19.00000000000000
26.00000000000000
19.00000000000000
21.00000000000000
17.00000000000000
24.00000000000000
20.00000000000000
20.00000000000000
16.00000000000000
16.00000000000000
23.00000000000000
23.00000000000000
23.00000000000000
25.00000000000000
17.00000000000000
18.00000000000000
18.00000000000000
22.00000000000000
28.00000000000000
26.00000000000000
25.00000000000000
22.00000000000000
18.00000000000000
20.00000000000000
22.00000000000000
23.00000000000000
25.00000000000000
25.00000000000000
28.00000000000000
33.00000000000000
28.00000000000000
25.00000000000000
24.00000000000000
25.00000000000000
21.00000000000000
19.00000000000000
26.00000000000000
23.00000000000000
16.00000000000000
19.00000000000000
18.00000000000000
15.00000000000000
17.00000000000000
18.00000000000000
14.00000000000000
15.00000000000000
16.00000000000000
15.00000000000000
12.00000000000000
13.00000000000000
18.00000000000000
15.00000000000000
13.00000000000000
11.00000000000000
16.00000000000000
13.00000000000000
24.00000000000000
21.00000000000000
22.00000000000000
17.00000000000000
16.00000000000000
21.00000000000000
26.00000000000000
21.00000000000000
29.00000000000000
13.00000000000000
18.00000000000000
23.00000000000000
20.00000000000000
19.00000000000000
12.00000000000000
10.00000000000000
14.00000000000000
15.00000000000000
18.00000000000000
13.00000000000000
15.00000000000000
