0.00000000000000 1.09093096533671
0.00000000000000 1.11119757042476
0.00000000000000 0.90979717677378
0.00000000000000 1.07830662599598
0.00000000000000 0.73603580383522
0.00000000000000 0.87294451414406
0.00000000000000 0.80090866006659
0.00000000000000 0.78344127251401
0.00000000000000 1.26000098971467
0.00000000000000 0.96893180676145
0.00000000000000 0.89767041799953
0.00000000000000 0.79849901150975
0.00000000000000 1.14960951736628
0.00000000000000 0.65998395056407
0.00000000000000 2.74908167973852
0.00000000000000 1.06805662415510
0.00000000000000 0.45228529400215
0.00000000000000 0.46116428533619
0.00000000000000 0.63632592628614
0.00000000000000 1.03249866114580
0.00000000000000 0.77748104890218
0.00000000000000 0.91867826550722
0.00000000000000 0.52365045470957
0.00000000000000 1.55651980645423
0.00000000000000 0.50408592420449
0.00000000000000 0.83570637392789
0.00000000000000 1.44811465012851
0.00000000000000 1.12450984403277
0.00000000000000 1.69427976694107
0.00000000000000 1.00272408332058
0.00000000000000 2.24539373120138
0.00000000000000 0.79844928913031
0.00000000000000 1.06244493765035
0.00000000000000 0.98650336819990
0.00000000000000 0.93321006520657
0.00000000000000 1.15212092039342
0.00000000000000 1.06211752122462
0.00000000000000 1.02200696584959
0.00000000000000 0.98413385669273
0.00000000000000 1.64581463821905
0.00000000000000 1.04976796541642
0.00000000000000 1.61182616306935
0.00000000000000 0.94838187737057
0.00000000000000 1.94329270146162
0.00000000000000 1.13071856155454
0.00000000000000 2.28320235577737
0.00000000000000 1.53193201435403
0.00000000000000 1.37782888739512
0.00000000000000 0.72939122430261
0.00000000000000 1.45871435559853
0.00000000000000 2.16722602301788
0.00000000000000 0.95726322698671
0.00000000000000 1.30088081670346
0.00000000000000 1.34296323303993
0.00000000000000 1.40494359399564
0.00000000000000 1.66561366529936
0.00000000000000 1.44475738879316
0.00000000000000 0.58998757539592
0.00000000000000 1.43323390500374
0.00000000000000 1.23817677603312
0.00000000000000 1.61916855713679
0.00000000000000 0.92614277384629
0.00000000000000 0.53737662190230
0.00000000000000 0.73562185212885
0.00000000000000 1.16191343029869
0.00000000000000 1.62243886917094
0.00000000000000 2.03557818192347
0.00000000000000 1.16821395336630
0.00000000000000 1.60914172399195
0.00000000000000 0.94849864538954
0.00000000000000 1.05077919053870
0.00000000000000 1.45887291107558
0.00000000000000 0.72021271333062
0.00000000000000 1.08889201421952
0.00000000000000 1.06220380913778
0.00000000000000 1.20480866215241
0.00000000000000 0.85933326761143
0.00000000000000 1.56783790385354
0.00000000000000 0.77126634630764
0.00000000000000 1.62819234976299
0.00000000000000 2.00770449273679
0.00000000000000 1.23243799211408
0.00000000000000 1.23851514676114
0.00000000000000 0.64809084014232
0.00000000000000 0.90960971580841
0.00000000000000 1.41701939948780
0.00000000000000 1.56882640670211
0.00000000000000 0.73843221031613
0.00000000000000 0.72251375179084
0.00000000000000 0.42600968837529
0.00000000000000 0.48754974464491
0.00000000000000 0.57442029765987
0.00000000000000 0.98599768544921
0.00000000000000 0.87944144207084
0.00000000000000 0.62940391504649
0.00000000000000 0.71660324035988
0.00000000000000 0.71694197739325
0.00000000000000 1.11941318138171
0.00000000000000 0.78300339332858
0.00000000000000 1.05690331920015
0.00000000000000 0.75847839833710
0.00000000000000 0.53665504543509
0.00000000000000 0.82084035515125
0.00000000000000 0.68620958094684
0.00000000000000 0.69137118151776
0.00000000000000 0.76549624097612
0.00000000000000 0.59969263791886
0.00000000000000 1.10125895785279
0.00000000000000 0.35298455408735
0.00000000000000 1.34291678490140
0.00000000000000 1.22410017803230
0.00000000000000 0.69866797841189
0.00000000000000 0.61765225901976
0.00000000000000 0.85263342305593
0.00000000000000 0.58897372234229
0.00000000000000 0.62248963768700
0.00000000000000 0.49173670840021
0.00000000000000 0.61299703952984
0.00000000000000 0.51839294202315
0.00000000000000 0.34146082883937
0.00000000000000 0.41946707516932
0.00000000000000 0.44801763767688
0.00000000000000 0.46336126443927
0.00000000000000 0.84341957798835
0.00000000000000 0.23968289973412
0.00000000000000 0.27615452250618
0.00000000000000 0.37483576363803
0.00000000000000 0.33577944072088
0.00000000000000 0.34643405143065
0.00000000000000 0.19811904698454
0.00000000000000 0.25531826782216
0.00000000000000 0.18621206533565
0.00000000000000 0.34163213690135
0.00000000000000 0.49300687826250
0.00000000000000 0.56958398981617
0.00000000000000 0.25360603662761
0.00000000000000 0.36746453910085
0.00000000000000 0.29244056479267
0.00000000000000 0.45254301992042
0.00000000000000 0.33604529065571
0.00000000000000 0.30181918853548
0.00000000000000 0.34428790593981
0.00000000000000 0.28350872362083
0.00000000000000 0.22229823549370
0.00000000000000 0.40417244521072
0.00000000000000 0.26617147019149
0.00000000000000 0.31819191102170
0.00000000000000 0.57769864719675
0.00000000000000 0.41646047351242
0.00000000000000 0.28926643305670
0.00000000000000 0.49628019090613
0.00000000000000 0.82264101908831
0.00000000000000 0.79867842823668
0.00000000000000 0.63646381402998
0.00000000000000 0.68337267610207
0.00000000000000 0.72887915242168
0.00000000000000 0.32450867179355
0.00000000000000 0.33410712595508
0.00000000000000 0.38580559404265
0.00000000000000 0.35587698586402
0.00000000000000 0.47985845378048
0.00000000000000 0.51632441516769
0.00000000000000 0.55450357282340
0.00000000000000 0.99345237493911
0.00000000000000 0.71451385551686
0.00000000000000 0.46004758487594
0.00000000000000 1.63980201930783
0.00000000000000 1.36028593978070
0.00000000000000 1.05033640956176
0.00000000000000 1.22746332337675
0.00000000000000 2.51521347236803
0.00000000000000 1.84618972225128
0.00000000000000 0.97912905365297
0.00000000000000 0.40570851502561
0.00000000000000 1.80709171926577
0.00000000000000 1.59205277101753
0.00000000000000 2.66758426624737
0.00000000000000 1.51259900306268
0.00000000000000 0.89891709246734
0.00000000000000 0.25597305262915
0.00000000000000 1.09899655914227
0.00000000000000 0.39294982417094
0.00000000000000 0.95529248249666
0.00000000000000 1.82920068010185
0.00000000000000 0.57205331923311
0.00000000000000 0.41219599361871
0.00000000000000 0.69338688104811
0.00000000000000 0.31451873223150
0.00000000000000 0.31202301834213
0.00000000000000 0.41487720715158
0.00000000000000 0.50450408469953
0.00000000000000 0.23458444522438
0.00000000000000 0.28201677956751
0.00000000000000 0.33032821704389
0.00000000000000 0.28380736330803
0.00000000000000 0.25487404525480
0.00000000000000 0.20461988238027
0.00000000000000 0.32876916888883
0.00000000000000 0.56777374897933
0.00000000000000 0.55833337709734
0.00000000000000 0.64470704863479
0.00000000000000 0.17127942668896
0.00000000000000 0.29766423268401
0.00000000000000 0.28349383905075
0.00000000000000 0.37478985137843
0.00000000000000 0.19671653821205
0.00000000000000 0.16481248776036
0.00000000000000 0.41535760785483
0.00000000000000 0.21246139148630
0.00000000000000 0.33006581223215
0.00000000000000 0.20386356455199
0.00000000000000 0.21696013759406
0.00000000000000 0.16577509270737
0.00000000000000 0.16050597758450
0.00000000000000 0.29951214979776
0.00000000000000 0.20851082879810
0.00000000000000 0.24142609109421
0.00000000000000 0.33860390629910
0.00000000000000 0.24746436926564
0.00000000000000 0.20212025869517
0.00000000000000 0.32150970714171
0.00000000000000 0.53497971922666
0.00000000000000 0.35048910635317
0.00000000000000 0.20630922068842
0.00000000000000 0.33142114569746
0.00000000000000 0.42265389307430
0.00000000000000 0.27260284688816
0.00000000000000 0.56317816648983
0.00000000000000 0.34076191098074
0.00000000000000 0.66912375779276
0.00000000000000 0.86028424932468
0.00000000000000 0.35615281489011
0.00000000000000 0.35179711460323
0.00000000000000 0.84402730358733
0.00000000000000 1.63346232930548
0.00000000000000 0.47852972308617
0.00000000000000 1.09726116620685
0.00000000000000 0.68353311460036
0.00000000000000 1.11146459728352
0.00000000000000 1.19006253597450
0.00000000000000 1.24495377557936
0.00000000000000 1.17059879748031
0.00000000000000 0.90526064725577
0.00000000000000 0.84830421498163
0.00000000000000 1.27958641800754
0.00000000000000 0.53790350701422
0.00000000000000 0.42718274727605
0.00000000000000 0.37502230195094
0.00000000000000 0.48969082533545
0.00000000000000 0.29307681258375
0.00000000000000 0.41428435696934
0.00000000000000 0.34905899926541
0.00000000000000 0.35108088471740
0.00000000000000 0.65076634677846
0.00000000000000 0.34422606816176
0.00000000000000 0.48610672337776
0.00000000000000 0.59428399105077
0.00000000000000 0.38323238562090
0.00000000000000 0.28430564789761
0.00000000000000 0.53927205596446
0.00000000000000 0.32045337762209
0.00000000000000 0.23527108345610
0.00000000000000 0.21678474317493
0.00000000000000 0.21818037980586
0.00000000000000 0.29431919948604
0.00000000000000 0.19115142207366
0.00000000000000 0.41138301507877
0.00000000000000 0.33478195108296
0.00000000000000 0.48040670226569
0.00000000000000 0.20972467324659
0.00000000000000 0.31400665126651
0.00000000000000 0.19357869412022
0.00000000000000 0.29662667099763
0.00000000000000 0.21510715725321
0.00000000000000 0.34660281651227
0.00000000000000 0.25273812330264
0.00000000000000 0.23797850493348
0.00000000000000 0.32026471686277
0.00000000000000 0.39068063559103
0.00000000000000 0.40904584811428
0.00000000000000 0.35520177165456
0.00000000000000 0.39114617308701
0.00000000000000 0.31999947402891
0.00000000000000 0.34630053205135
0.00000000000000 0.47520548275380
0.00000000000000 0.44314032821565
0.00000000000000 0.29563241970823
0.00000000000000 0.31244313337874
0.00000000000000 0.41675731038459
0.00000000000000 0.38394002552300
0.00000000000000 0.34697220735640
0.00000000000000 0.34424166759879
0.00000000000000 0.40274735891995
0.00000000000000 0.35019936560010
0.00000000000000 0.85226790420560
0.00000000000000 0.46337569785749
0.00000000000000 0.58457919565704
0.00000000000000 0.41858844068177
0.00000000000000 0.36679872324203
0.00000000000000 0.67368215991152
0.00000000000000 0.48907514287725
0.00000000000000 0.35536561570071
0.00000000000000 0.90172387014975
0.00000000000000 0.70669271033737
0.00000000000000 0.32380936060949
0.00000000000000 0.59621168750303
0.00000000000000 0.39180546324451
0.00000000000000 0.70472806485659
0.00000000000000 1.80325117637304
0.00000000000000 1.34905295298761
0.00000000000000 0.46024279945530
0.00000000000000 0.97620865630509
0.00000000000000 1.11211645907376
0.00000000000000 0.55243408679885
0.00000000000000 1.05712927491484
0.00000000000000 1.23015918834030
0.00000000000000 0.65681920980031
0.00000000000000 0.70788509338572
0.00000000000000 0.52032156964705
0.00000000000000 0.71099612027684
0.00000000000000 0.44432325924854
0.00000000000000 1.04671375422493
0.00000000000000 0.41157518416113
0.00000000000000 0.43697656276126
0.00000000000000 0.56481980876425
0.00000000000000 0.62869467008123
0.00000000000000 0.55370555091966
0.00000000000000 0.39234873659192
0.00000000000000 0.44525644991628
0.00000000000000 0.42226064688987
0.00000000000000 0.40559485697796
0.00000000000000 0.73114299105206
0.00000000000000 0.39557157558577
0.00000000000000 0.25433971039806
0.00000000000000 0.24980838424301
0.00000000000000 1.10579671179034
0.00000000000000 0.53581023131447
0.00000000000000 0.74890807117740
0.00000000000000 0.48781280017921
0.00000000000000 0.44791844707939
0.00000000000000 0.47776889525968
0.00000000000000 0.73502982315769
0.00000000000000 0.53923044409391
0.00000000000000 1.06312948116048
0.00000000000000 1.20483967885441
0.00000000000000 0.94503118841334
0.00000000000000 0.44816617266924
0.00000000000000 0.76840112281702
0.00000000000000 0.25479322794015
0.00000000000000 0.32943815099787
0.00000000000000 0.62924836257757
0.00000000000000 0.36229890165326
0.00000000000000 0.38091909250481
0.00000000000000 0.42635943357810
0.00000000000000 0.42522339890157
0.00000000000000 0.25020881462326
0.00000000000000 0.56410313122286
0.00000000000000 0.59330951011059
0.00000000000000 2.50807901684175
0.00000000000000 1.10064982382746
0.00000000000000 0.60533182890640
0.00000000000000 0.85690680104956
0.00000000000000 0.43211277540554
0.00000000000000 0.52730388208113
0.00000000000000 0.48273846521036
0.00000000000000 1.18194525165643
0.00000000000000 1.48102123264066
0.00000000000000 0.58108263897138
0.00000000000000 1.08663060111654
0.00000000000000 0.47929814772630
0.00000000000000 0.81615081711928
0.00000000000000 0.82787712668450
0.00000000000000 0.43183757956378
0.00000000000000 0.41419065765137
0.00000000000000 0.73392129135517
0.00000000000000 0.90075651069768
0.00000000000000 0.68294348411838
0.00000000000000 0.63656533739130
0.00000000000000 0.43356684460265
0.00000000000000 0.52479277322664
0.00000000000000 0.80708750753960
0.00000000000000 0.44624633156865
0.00000000000000 0.80026584546260
0.00000000000000 0.68491747418476
0.00000000000000 0.74659417700874
0.00000000000000 0.53136115920179
0.00000000000000 0.64637824736122
0.00000000000000 0.77532336808353
0.00000000000000 0.74730998583813
0.00000000000000 0.67787628267229
0.00000000000000 0.35934076611268
0.00000000000000 0.63197072464547
0.00000000000000 0.60211790488914
0.00000000000000 0.39093478184072
0.00000000000000 0.66862992345586
0.00000000000000 0.50427533055818
0.00000000000000 0.42433870686528
0.00000000000000 0.57516955016435
0.00000000000000 0.60437465871614
0.00000000000000 0.45741632523224
0.00000000000000 1.16389861042897
0.00000000000000 0.60836111284920
0.00000000000000 0.76827782148602
0.00000000000000 0.53399737027792
0.00000000000000 0.37902766389294
0.00000000000000 0.62663930948671
0.00000000000000 0.85138807784137
0.00000000000000 0.60789021223775
0.00000000000000 0.46961994149144
0.00000000000000 0.43107024235254
0.00000000000000 0.61304175715785
0.00000000000000 0.47656018103561
0.00000000000000 0.47082109154362
0.00000000000000 0.32840680316377
0.00000000000000 0.46902599982428
0.00000000000000 0.59138050328421
0.00000000000000 0.80633947373036
0.00000000000000 0.28492461007655
0.00000000000000 0.41014143299313
0.00000000000000 0.32983692621124
0.00000000000000 0.49080319980942
0.00000000000000 0.40160389080352
0.00000000000000 0.43387986020071
0.00000000000000 0.30025323556248
0.00000000000000 0.66321183024383
0.00000000000000 1.10705688748341
0.00000000000000 0.15903555391692
0.00000000000000 0.20554356898448
0.00000000000000 0.89989329592476
0.00000000000000 0.37814236577532
0.00000000000000 0.24704860362997
0.00000000000000 0.34444798916763
0.00000000000000 0.24226230747824
0.00000000000000 0.61319209948921
0.00000000000000 0.33151058570374
0.00000000000000 0.30922166230716
0.00000000000000 0.29444201340156
0.00000000000000 0.36233077258237
0.00000000000000 0.58065645673904
0.00000000000000 0.44102149143456
0.00000000000000 0.43095329909133
0.00000000000000 0.85072392582287
0.00000000000000 0.44988289787176
0.00000000000000 0.49128164061722
0.00000000000000 0.42057319769821
0.00000000000000 0.33353149894757
0.00000000000000 0.63042128999872
0.00000000000000 0.48513376885849
0.00000000000000 0.51732184384970
0.00000000000000 0.67966327388497
0.00000000000000 0.75825736305991
0.00000000000000 0.36709217527771
0.00000000000000 0.56685197175532
0.00000000000000 0.32176251713975
0.00000000000000 0.38248129146009
0.00000000000000 0.87757627715046
0.00000000000000 0.77857300958022
0.00000000000000 0.76342173585767
0.00000000000000 0.54350261415771
0.00000000000000 0.65348757145836
0.00000000000000 0.37023253467639
0.00000000000000 1.08467989250735
0.00000000000000 0.41972026871743
0.00000000000000 0.70075862946814
0.00000000000000 0.47276029764918
0.00000000000000 0.77774577785346
0.00000000000000 0.64889618175057
0.00000000000000 0.67101514986707
0.00000000000000 0.53841999103968
0.00000000000000 0.42834480448885
0.00000000000000 0.41248459037610
0.00000000000000 0.47997866429586
0.00000000000000 0.35843376222706
0.00000000000000 0.31439910104762
0.00000000000000 0.49932195406290
0.00000000000000 0.46403701302944
0.00000000000000 0.21145420211045
0.00000000000000 0.50483068702089
0.00000000000000 0.34226070714186
0.00000000000000 0.50540210967185
0.00000000000000 0.57423260077537
0.00000000000000 0.95719417235440
0.00000000000000 0.37603666882500
0.00000000000000 0.19638444112593
0.00000000000000 0.42559650591006
0.00000000000000 0.71412393132334
0.00000000000000 0.28925692000750
0.00000000000000 0.46345094888852
0.00000000000000 0.74270344945552
0.00000000000000 0.29259983054022
0.00000000000000 0.45353328855109
0.00000000000000 0.48495338047019
0.00000000000000 0.71537802318965
0.00000000000000 0.94393036157923
0.00000000000000 0.48762722829624
0.00000000000000 0.42255007962107
0.00000000000000 0.25659694841371
0.00000000000000 0.59009557657323
0.00000000000000 0.20899673682922
0.00000000000000 0.46637939780009
0.00000000000000 0.40608606943642
0.00000000000000 0.39254502421019
0.00000000000000 0.40662438971256
0.00000000000000 0.20878451153606
0.00000000000000 0.36666553258840
0.00000000000000 0.54110330113151
0.00000000000000 0.32941448154535
0.00000000000000 0.78054721278078
0.00000000000000 0.41438466549494
0.00000000000000 0.71143082357510
0.00000000000000 0.40556025344743
0.00000000000000 0.34071945351798
0.00000000000000 0.26611011933262
0.00000000000000 0.28765795261780
0.00000000000000 0.21874392443454
0.00000000000000 0.23592367039553
0.00000000000000 0.27601191729154
0.00000000000000 0.19918184510266
0.00000000000000 0.42666200545135
0.00000000000000 0.17615601729472
0.00000000000000 0.45505940055671
0.00000000000000 0.35710154384484
0.00000000000000 0.44285533586651
0.00000000000000 0.34879589412644
0.00000000000000 0.28786939456466
0.00000000000000 0.43028962374897
0.00000000000000 0.40789739225423
0.00000000000000 0.27915979393737
0.00000000000000 0.18778500084964
0.00000000000000 0.30154314907841
0.00000000000000 0.58177230750354
0.00000000000000 0.63157413129971
0.00000000000000 0.36103525075195
0.00000000000000 0.22453984829055
0.00000000000000 0.32632802651259
0.00000000000000 0.23485519257528
0.00000000000000 0.31167430181529
0.00000000000000 0.43028144839851
0.00000000000000 0.35180916907075
0.00000000000000 0.19828619527987
0.00000000000000 0.49687251782273
0.00000000000000 0.46299268964790
0.00000000000000 0.54393773666345
0.00000000000000 0.84141858903581
0.00000000000000 0.40741575222528
0.00000000000000 0.43634830145061
0.00000000000000 0.99080373386340
0.00000000000000 0.83378880584218
0.00000000000000 0.62216380915051
0.00000000000000 0.59196502695198
0.00000000000000 0.35749957626653
0.00000000000000 1.10239500817346
0.00000000000000 0.67589234251956
0.00000000000000 0.59560712476334
0.00000000000000 0.83700798070787
0.00000000000000 0.66955860280636
0.00000000000000 0.23192550664389
0.00000000000000 0.84785643286147
0.00000000000000 0.39042437546094
0.00000000000000 0.30071485320170
0.00000000000000 0.29051961453459
0.00000000000000 0.41126194126903
0.00000000000000 0.68511832426076
0.00000000000000 0.36919707902085
0.00000000000000 0.42792595683965
0.00000000000000 0.26818784300583
0.00000000000000 0.36623132549360
0.00000000000000 0.55959577042854
0.00000000000000 0.52528731178174
0.00000000000000 0.25031634149427
0.00000000000000 0.27099582226918
0.00000000000000 0.29238586861987
0.00000000000000 0.44843306594437
0.00000000000000 0.56224754012346
0.00000000000000 0.49891244146170
0.00000000000000 0.51924886860796
0.00000000000000 0.71774346051760
0.00000000000000 0.37228170178391
0.00000000000000 0.53437602139525
0.00000000000000 0.97486985503403
0.00000000000000 0.37873231108537
0.00000000000000 0.29519339936849
0.00000000000000 0.42139570172386
0.00000000000000 0.30646029983613
0.00000000000000 1.48228573330646
0.00000000000000 0.60654035522156
0.00000000000000 0.25353929654969
0.00000000000000 0.81171108264891
0.00000000000000 0.30382009867603
0.00000000000000 0.41848480075455
0.00000000000000 0.63464550508569
0.00000000000000 0.40242403700814
0.00000000000000 0.27364641799506
0.00000000000000 0.65095297361814
0.00000000000000 0.66642450830973
0.00000000000000 0.33134627632546
0.00000000000000 0.36514018042934
0.00000000000000 0.63209541611751
0.00000000000000 0.27636303657266
0.00000000000000 0.40446174852565
0.00000000000000 0.28796928812416
0.00000000000000 0.74264277380945
0.00000000000000 0.42880620135060
0.00000000000000 0.67384241536018
0.00000000000000 0.83464387221997
0.00000000000000 1.20200694275265
0.00000000000000 1.10386594837224
0.00000000000000 1.38131303518106
0.00000000000000 0.76789733381339
0.00000000000000 0.46411744970577
0.00000000000000 0.48447011018030
0.00000000000000 0.21558517045244
0.00000000000000 0.49902219119195
0.00000000000000 1.58119248801908
0.00000000000000 0.39272302656840
0.00000000000000 0.23810168226291
0.00000000000000 0.17155200833884
0.00000000000000 0.70192785694229
0.00000000000000 0.52964202593423
0.00000000000000 0.34854763642310
0.00000000000000 0.28303980609186
0.00000000000000 0.14321805184941
0.00000000000000 0.32549762697628
0.00000000000000 0.29697347871646
0.00000000000000 0.30499649250625
0.00000000000000 0.35608651868910
0.00000000000000 0.31711533343495
0.00000000000000 0.25840677770352
0.00000000000000 0.27785609925486
0.00000000000000 0.38841334448432
0.00000000000000 0.47360963259797
0.00000000000000 0.29324532091797
0.00000000000000 0.26992563090255
0.00000000000000 0.17555074883239
0.00000000000000 0.22355077994274
0.00000000000000 0.35170940944103
0.00000000000000 0.27272937936433
0.00000000000000 0.23411616652077
0.00000000000000 1.13062238932033
0.00000000000000 0.67371399627675
0.00000000000000 0.36985864476201
0.00000000000000 0.54784017925651
0.00000000000000 0.80533254953957
0.00000000000000 0.42357507421875
0.00000000000000 0.75876554033571
0.00000000000000 0.38187109066838
0.00000000000000 0.34950218772864
0.00000000000000 0.46990835776199
0.00000000000000 0.44026157243095
0.00000000000000 0.64538788615435
0.00000000000000 0.82612556164960
0.00000000000000 1.06953137885508
0.00000000000000 0.45298172296790
0.00000000000000 1.02547009185976
0.00000000000000 0.90798017162357
0.00000000000000 0.58304813129933
0.00000000000000 0.27735225626857
0.00000000000000 0.49318893694196
0.00000000000000 0.53007304786559
0.00000000000000 0.54858368077722
0.00000000000000 0.60687290506543
0.00000000000000 0.28543357977504
0.00000000000000 0.49345617295176
0.00000000000000 0.31307367538401
0.00000000000000 0.22329080150624
0.00000000000000 0.42896147480780
0.00000000000000 0.36657080340517
0.00000000000000 0.37011163429817
0.00000000000000 0.61468821903769
0.00000000000000 1.60493686675679
0.00000000000000 0.31825886865096
0.00000000000000 0.61141774178376
0.00000000000000 0.41311290848721
0.00000000000000 0.61495347436475
0.00000000000000 0.69841037861246
0.00000000000000 0.63330313956801
0.00000000000000 0.39367526689826
0.00000000000000 0.70075023006005
0.00000000000000 0.51126802193597
0.00000000000000 0.63270942953928
0.00000000000000 0.68735749250307
0.00000000000000 0.89568534710589
0.00000000000000 0.39423870188843
0.00000000000000 0.58418917350712
0.00000000000000 0.49795055630342
0.00000000000000 0.43147511061719
0.00000000000000 0.38174286524930
0.00000000000000 0.26320917772386
0.00000000000000 0.49597488431561
0.00000000000000 0.28364244364975
0.00000000000000 0.41352717575069
0.00000000000000 0.42270389002684
0.00000000000000 0.48811819852600
0.00000000000000 0.38001267789007
0.00000000000000 0.44979726886060
0.00000000000000 0.35149612448751
0.00000000000000 0.49878274848820
0.00000000000000 1.03003440135096
0.00000000000000 0.33981693858964
0.00000000000000 0.78813151898386
0.00000000000000 1.08807032114415
0.00000000000000 1.27242547135293
0.00000000000000 0.42182383898626
0.00000000000000 0.42927153862947
0.00000000000000 0.67250085887019
0.00000000000000 0.38511926756008
0.00000000000000 0.76336124391632
0.00000000000000 1.11774378855472
0.00000000000000 0.34513661038363
0.00000000000000 0.54748308107510
0.00000000000000 0.47345133790168
0.00000000000000 0.39355638538137
0.00000000000000 0.63624303075202
0.00000000000000 0.85756706448047
0.00000000000000 0.35064103823959
0.00000000000000 0.90169148529304
0.00000000000000 0.55832024401896
0.00000000000000 0.50189305006927
0.00000000000000 0.44868042854771
0.00000000000000 0.75830404750962
0.00000000000000 0.63042312414678
0.00000000000000 0.48551823750737
0.00000000000000 2.35998202513613
0.00000000000000 0.37108767099937
0.00000000000000 0.30867318039791
0.00000000000000 0.99148272081004
0.00000000000000 0.44850017745090
0.00000000000000 0.34310411079026
0.00000000000000 0.38998128385589
0.00000000000000 0.43060147779071
0.00000000000000 0.48299528963475
0.00000000000000 0.43414072467022
0.00000000000000 0.30695460978517
0.00000000000000 0.30193024883877
0.00000000000000 0.33189498219085
0.00000000000000 0.29639756205062
0.00000000000000 0.45897618543705
0.00000000000000 0.24645975123815
0.00000000000000 0.54159348455467
0.00000000000000 0.19873550891794
0.00000000000000 0.55985105951298
0.00000000000000 2.03415484130714
0.00000000000000 0.45191598443518
0.00000000000000 0.59761994668757
0.00000000000000 0.84870768470445
0.00000000000000 0.77963120434091
0.00000000000000 0.48589942555039
0.00000000000000 0.64664673293429
0.00000000000000 0.76462964294629
0.00000000000000 0.45416713526298
0.00000000000000 1.58337607599877
0.00000000000000 0.34476519954050
0.00000000000000 0.53930084312471
0.00000000000000 0.77067442324677
0.00000000000000 0.45808773811456
0.00000000000000 0.53740085370172
0.00000000000000 0.33962488906252
0.00000000000000 0.68655853640686
0.00000000000000 0.67314235826197
0.00000000000000 0.68348383338539
0.00000000000000 0.38505627300694
0.00000000000000 0.30404712205078
0.00000000000000 0.17110365152042
0.00000000000000 0.23177857082391
0.00000000000000 0.37913754826014
0.00000000000000 0.47337097798939
0.00000000000000 0.28795117276310
0.00000000000000 0.24207547098119
0.00000000000000 0.42264639491549
0.00000000000000 0.66034178151302
0.00000000000000 0.43330032799531
0.00000000000000 0.33849372446314
0.00000000000000 0.46623792752833
0.00000000000000 1.08858266231660
0.00000000000000 0.24849757418130
0.00000000000000 0.70749558561406
0.00000000000000 0.45704444424100
0.00000000000000 0.57736459926784
0.00000000000000 0.33881599263369
0.00000000000000 0.48101981811794
0.00000000000000 0.70727372291276
0.00000000000000 0.70509732346207
0.00000000000000 0.22256718820336
0.00000000000000 0.25504919686106
0.00000000000000 0.40084041679514
0.00000000000000 0.47404430524266
0.00000000000000 0.33919877896755
0.00000000000000 0.71295610424408
0.00000000000000 0.65584062495110
0.00000000000000 0.41154898695701
0.00000000000000 0.36386684882430
0.00000000000000 0.58399591491676
0.00000000000000 0.80662592998126
0.00000000000000 0.68826976894667
0.00000000000000 0.72990067667055
0.00000000000000 0.65984115601676
0.00000000000000 0.61337145320438
0.00000000000000 0.90840260186022
0.00000000000000 0.95420011340375
0.00000000000000 0.91699888447535
0.00000000000000 0.41407055337027
0.00000000000000 0.78949470199523
0.00000000000000 1.74081588800069
0.00000000000000 0.43691699650630
0.00000000000000 0.90558857634115
0.00000000000000 0.58166618082921
0.00000000000000 0.57131476980044
0.00000000000000 0.86717093643973
0.00000000000000 0.74281442403686
0.00000000000000 0.34680909222601
0.00000000000000 0.35622656770939
0.00000000000000 0.37659613596812
0.00000000000000 0.46994353999482
0.00000000000000 0.43542521511438
0.00000000000000 0.35825424640752
0.00000000000000 0.54276282150396
0.00000000000000 0.40107354642513
0.00000000000000 0.41143231486097
0.00000000000000 0.46203962802619
0.00000000000000 0.61770647420900
0.00000000000000 0.68375824390669
0.00000000000000 0.31365920644285
0.00000000000000 0.62032847543186
0.00000000000000 0.39592468121721
0.00000000000000 0.33054175704968
0.00000000000000 0.30260333648633
0.00000000000000 0.66715821582345
0.00000000000000 0.73407963651502
0.00000000000000 0.70308526137320
0.00000000000000 0.38840096253590
0.00000000000000 0.65983414812591
0.00000000000000 0.28613162483773
0.00000000000000 0.43838606569130
0.00000000000000 0.74357706001571
0.00000000000000 0.48564047861918
0.00000000000000 0.47296215800977
0.00000000000000 0.55654002797698
0.00000000000000 0.49645427479134
0.00000000000000 0.26980233777943
0.00000000000000 0.41980460510750
0.00000000000000 0.61390862835209
0.00000000000000 0.67498739125003
0.00000000000000 0.48475803413756
0.00000000000000 0.60671089700181
0.00000000000000 0.83565518927395
0.00000000000000 1.64393295335881
0.00000000000000 2.25986802101127
0.00000000000000 1.02029805258166
0.00000000000000 0.83782665264631
0.00000000000000 0.46417506578989
0.00000000000000 0.87526085656524
0.00000000000000 1.43459812535233
0.00000000000000 1.16905441591363
0.00000000000000 0.51826802992294
0.00000000000000 0.67592189995809
0.00000000000000 2.67869938630842
0.00000000000000 0.68787113503076
0.00000000000000 0.92690934817801
0.00000000000000 0.66675324137041
0.00000000000000 1.29731906566392
0.00000000000000 0.32772504223987
0.00000000000000 0.41866480876121
0.00000000000000 0.80480815857155
0.00000000000000 0.66382170076998
0.00000000000000 0.84167361308636
0.00000000000000 0.91005215774714
0.00000000000000 1.42424520705213
0.00000000000000 1.28311476074965
0.00000000000000 1.04365526751942
0.00000000000000 1.07065911928630
0.00000000000000 0.71747648297557
0.00000000000000 0.51907920911344
0.00000000000000 0.79744649607403
0.00000000000000 0.81283804065366
0.00000000000000 0.72599498457084
0.00000000000000 0.96461416907780
0.00000000000000 0.56645009061783
0.00000000000000 0.51452582045118
0.00000000000000 0.46745667312370
0.00000000000000 0.42157645244727
0.00000000000000 0.42182263235316
0.00000000000000 0.33554379296472
0.00000000000000 0.59680065709781
0.00000000000000 0.81915118574621
0.00000000000000 0.44231159686193
0.00000000000000 0.63637188729862
0.00000000000000 0.48564842804269
0.00000000000000 0.41981878002023
0.00000000000000 0.26789230214245
0.00000000000000 0.27135924728923
0.00000000000000 0.52050794954271
0.00000000000000 0.56557479662428
0.00000000000000 0.32745286065239
0.00000000000000 1.18006625317162
0.00000000000000 0.38995837492632
0.00000000000000 0.72519460771828
0.00000000000000 0.39558806362664
0.00000000000000 0.55551991930710
0.00000000000000 0.68210578339446
0.00000000000000 0.61707880757142
0.00000000000000 0.49139798739757
0.00000000000000 0.96774623824123
0.00000000000000 0.58295442278658
0.00000000000000 0.40086262803304
0.00000000000000 1.22138193745307
0.00000000000000 0.89718839749311
0.00000000000000 0.64303163421461
0.00000000000000 0.71579584682598
0.00000000000000 0.54416554470460
0.00000000000000 1.05637399929149
0.00000000000000 1.04576334062268
0.00000000000000 1.08689817725177
0.00000000000000 1.17955021905322
0.00000000000000 0.78279329332095
0.00000000000000 0.84040914552707
0.00000000000000 0.38918456368378
0.00000000000000 0.68059889226857
0.00000000000000 1.04455598294795
0.00000000000000 0.64711930562857
0.00000000000000 1.19437467414515
0.00000000000000 0.44686925264404
0.00000000000000 0.91076914717069
0.00000000000000 0.54677002642361
0.00000000000000 0.66926976237150
0.00000000000000 0.72635202844346
0.00000000000000 0.61100011840425
0.00000000000000 0.47499244637567
0.00000000000000 0.61832202660132
0.00000000000000 0.79787796130990
0.00000000000000 1.07859296904505
0.00000000000000 0.59797168338939
0.00000000000000 0.94853132931649
0.00000000000000 0.80486488486354
0.00000000000000 0.92794980355376
0.00000000000000 0.54815192735549
0.00000000000000 1.72567300071629
0.00000000000000 0.62718634653026
0.00000000000000 0.65779170275423
0.00000000000000 0.57774294140317
0.00000000000000 0.72764925580258
0.00000000000000 0.45255962960465
0.00000000000000 0.37095357989428
0.00000000000000 0.81240029183494
0.00000000000000 0.96283715920398
0.00000000000000 0.47557253945022
0.00000000000000 0.60694576417856
0.00000000000000 0.43654592220798
0.00000000000000 0.47219120771173
0.00000000000000 1.10990487840166
0.00000000000000 0.86966129779035
0.00000000000000 0.97055926656800
0.00000000000000 0.57446632849363
0.00000000000000 0.52458449342593
0.00000000000000 0.61729317996388
0.00000000000000 1.67893871674912
0.00000000000000 0.58172249154533
0.00000000000000 0.81378825274133
0.00000000000000 0.32379680725633
0.00000000000000 0.49055020893017
0.00000000000000 0.75793402879611
0.00000000000000 0.42661414555006
0.00000000000000 0.66164047175773
0.00000000000000 0.65206012678477
0.00000000000000 0.55922077079656
0.00000000000000 0.32797756142342
0.00000000000000 0.50478459758233
0.00000000000000 0.46359737738995
0.00000000000000 0.54037091838864
0.00000000000000 0.59316696910271
0.00000000000000 1.03172768894310
0.00000000000000 0.94432708927327
0.00000000000000 0.90033588179806
0.00000000000000 0.41985827986089
0.00000000000000 0.71428680450162
0.00000000000000 0.48205319034615
0.00000000000000 0.80022490846635
0.00000000000000 0.63182447382730
0.00000000000000 0.78002072535514
0.00000000000000 0.74090651164797
0.00000000000000 0.95016167529369
0.00000000000000 0.55070226403569
0.00000000000000 0.67276726173711
0.00000000000000 1.21667046579582
0.00000000000000 0.75340361147481
0.00000000000000 0.93975303813944
0.00000000000000 0.88655544201873
0.00000000000000 0.79768614949479
0.00000000000000 0.69586059477878
0.00000000000000 0.79762370463609
0.00000000000000 0.79689640907352
0.00000000000000 1.19022671155427
0.00000000000000 0.65863279418304
0.00000000000000 0.52074304088038
0.00000000000000 1.16862976247636
0.00000000000000 0.60870512704729
0.00000000000000 0.87874497258659
0.00000000000000 1.15228170693114
0.00000000000000 0.62937984347527
0.00000000000000 0.85519153884402
