 -3.31868   57.4697
  -5.3304   56.0873
 -5.66569    55.396
 -5.83333   55.7416
 -4.82747   55.7416
 -4.49219   55.0504
 -4.65983    55.396
 -6.50391   55.7416
 -4.49219   55.7416
 -4.99512   54.7048
 -6.83919   57.8153
  -4.1569   55.7416
 -5.16276   56.4329
 -4.32454   57.4697
 -6.33626   58.1609
 -7.34212   57.4697
 -6.16862   55.7416
 -2.14518   57.8153
 -1.97754   57.4697
  -2.9834   57.4697
 -3.15104   56.4329
 -2.14518   57.1241
 -2.48047   57.1241
 -2.64811   57.4697
 -2.81576   57.1241
 -2.81576   57.8153
 -2.31283   57.4697
 -2.48047   57.8153
 -2.31283   53.3224
  -2.9834   53.3224
 -2.64811   53.3224
 -2.14518   52.9768
 -1.97754   53.3224
 -2.48047   52.9768
 -2.81576   52.9768
 -5.16276   50.2119
 -4.82747   50.2119
 -4.49219   50.9031
 -5.49805   50.2119
 -4.32454   50.5575
 -5.83333   50.2119
  -4.1569   50.2119
 -4.99512   50.5575
  -4.1569   50.9031
 -4.49219   50.2119
 -4.65983   50.5575
 -3.98926   50.5575
 -3.65397   54.7048
 -3.15104   55.0504
 -2.81576   54.3592
 -3.15104   54.3592
 -2.64811   54.7048
 -3.48633   54.3592
 -3.31868   54.7048
 -3.31868   54.0136
 -2.31283   54.7048
 -2.48047   55.0504
  -2.9834   54.7048
 -2.31283   54.0136
 -2.81576   55.0504
  -1.8099   55.0504
 -1.30697   53.3224
 -2.48047   54.3592
 -2.14518   54.3592
 -1.47461   54.3592
 -2.64811   54.0136
 -1.47461   52.9768
 -1.64225   53.3224
 -1.47461    53.668
 -1.13932   52.9768
 -3.15104   50.9031
 -3.48633   50.9031
 -3.82161   50.9031
 -3.65397   50.5575
  -2.9834   50.5575
 -3.98926   51.2487
 -3.65397   51.2487
 -3.31868   50.5575
 -3.31868   51.2487
  -2.9834   51.2487
 -3.48633   50.2119
 -2.48047   50.9031
 -2.81576   50.9031
 -2.31283   50.5575
 -2.14518   50.9031
  -1.8099   50.9031
 -1.97754   50.5575
 -2.64811   51.2487
 -3.48633   51.5944
 -1.47461   55.0504
  1.37533   51.2487
 -2.48047   51.5944
 -2.64811     51.94
 -2.31283     51.94
 -2.14518   52.2856
  -1.8099   51.5944
 -1.97754     51.94
 -2.14518   51.5944
 -3.15104   51.5944
 -1.13932   50.9031
 -1.30697   50.5575
 -1.47461   50.9031
 -1.64225   51.2487
 -1.30697   51.2487
 -0.97168   51.2487
-0.804036   51.5944
 -3.31868     51.94
  -2.9834     51.94
 -2.48047   52.2856
 -2.81576   52.2856
 0.201823   51.5944
 0.537109   50.9031
  1.04004   51.2487
 0.369466   51.2487
0.0341797   51.2487
 0.704753   51.2487
-0.133464   51.5944
 0.537109   51.5944
 -2.14518    53.668
 -2.81576    53.668
 -3.15104    53.668
 -2.48047    53.668
  -1.8099    53.668
 -0.97168   52.6312
 -1.30697   52.6312
  -1.8099   52.2856
 -1.64225   52.6312
 -1.13932   52.2856
  -1.8099   52.9768
-0.636393   52.6312
-0.636393     51.94
-0.804036   52.9768
 -1.47461   52.2856
 -0.46875   52.2856
-0.133464    53.668
0.0341797   52.6312
 -0.46875    53.668
 0.201823   52.9768
-0.301107   53.3224
 -0.46875   52.9768
-0.636393   53.3224
-0.804036    53.668
-0.133464   52.9768
0.0341797   53.3224
 0.369466   52.6312
 0.369466   53.3224
 -0.97168   53.3224
 -1.64225    55.396
 -1.30697   54.7048
 -2.14518   55.0504
 -1.97754    55.396
 -1.64225   54.7048
 -2.14518   55.7416
 -1.97754   54.7048
 -0.46875   54.3592
 -2.64811    55.396
 -2.81576   55.7416
 -2.48047   55.7416
  -1.8099   55.7416
 -6.00098   54.7048
 -7.50977   54.3592
 -6.33626   54.7048
 -7.17448   55.0504
 -6.16862   54.3592
 -6.50391   54.3592
 -6.67155   54.7048
 -2.64811   56.7785
 -5.83333   55.0504
 -6.16862   55.0504
 -6.83919   54.3592
 -5.66569   54.7048
 -7.34212   54.7048
 -7.00684   54.7048
 -6.50391   55.0504
  1.20768   52.9768
  1.37533   52.6312
 0.872396   52.9768
  1.71061   52.6312
  1.20768   52.2856
 0.872396   52.2856
  1.54297   52.2856
 0.704753     51.94
  1.04004   52.6312
  1.87826   52.2856
  1.37533     51.94
 0.704753   52.6312
 0.537109   52.2856
  1.04004     51.94
-0.804036   52.2856
 -4.65983     51.94
 -4.99512     51.94
 -4.32454     51.94
 -4.82747   51.5944
 -4.49219   52.2856
  -4.1569   52.2856
 -0.97168     51.94
 -1.30697     51.94
0.0341797     51.94
-0.133464   52.2856
  -4.1569   52.9768
 -4.32454   53.3224
 -4.65983   53.3224
 -3.98926   53.3224
 -4.49219   52.9768
 -3.48633   52.9768
 -3.31868   53.3224
 -3.65397   53.3224
 -3.82161   52.9768
 -3.31868   58.8521
  -2.9834   58.8521
 -3.15104   59.1977
 -1.13932   51.5944
 -0.46875   51.5944
 -1.47461   51.5944
-0.636393   51.2487
 -1.64225     51.94
  -4.1569   51.5944
 -5.16276   51.5944
 -3.82161   51.5944
 0.201823   52.2856
-0.133464   50.9031
 0.201823   50.9031
-0.301107   51.2487
 -0.46875   50.9031
-0.804036   50.9031
 -1.97754   52.6312
 -2.31283   52.6312
-0.301107   54.0136
 -1.13932   54.3592
 -1.64225   54.0136
 -0.97168   54.0136
-0.636393   54.0136
-0.804036   54.3592
 -0.97168   54.7048
 -1.30697   54.0136
  -1.8099   54.3592
 -1.97754   54.0136
 -3.82161   50.2119
0.0341797   54.0136
 -1.13932    53.668
 -3.15104   50.2119
 -2.81576   50.2119
 -5.66569   50.5575
  -5.3304   50.5575
 -2.64811   50.5575
 -1.64225   50.5575
 -5.49805   50.9031
 -5.16276   50.9031
 -4.82747   50.9031
 -9.35384   51.2487
 -9.01855   51.2487
 -5.66569   51.2487
  -5.3304   51.2487
 -4.99512   51.2487
 -4.65983   51.2487
 -4.32454   51.2487
 -2.31283   51.2487
 -1.97754   51.2487
  1.71061   51.2487
 -9.85677   51.5944
 -9.52148   51.5944
  -9.1862   51.5944
 -8.85091   51.5944
 -8.51562   51.5944
 -8.18034   51.5944
 -7.84505   51.5944
 -7.50977   51.5944
 -7.17448   51.5944
 -6.83919   51.5944
 -6.50391   51.5944
 -6.16862   51.5944
 -5.83333   51.5944
 -5.49805   51.5944
 -4.49219   51.5944
 -2.81576   51.5944
 0.872396   51.5944
  1.20768   51.5944
  1.54297   51.5944
  1.87826   51.5944
 -10.3597     51.94
 -10.0244     51.94
 -9.68913     51.94
 -9.35384     51.94
 -9.01855     51.94
 -8.68327     51.94
 -8.34798     51.94
 -8.01269     51.94
 -7.67741     51.94
 -7.34212     51.94
 -7.00684     51.94
 -6.67155     51.94
 -6.33626     51.94
 -6.00098     51.94
 -5.66569     51.94
  -5.3304     51.94
 -3.98926     51.94
 -3.65397     51.94
-0.301107     51.94
 0.369466     51.94
  1.71061     51.94
   2.0459     51.94
 -10.8626   52.2856
 -10.5273   52.2856
 -10.1921   52.2856
 -9.85677   52.2856
 -9.52148   52.2856
  -9.1862   52.2856
 -8.85091   52.2856
 -8.51562   52.2856
 -8.18034   52.2856
 -7.84505   52.2856
 -7.50977   52.2856
 -7.17448   52.2856
 -6.83919   52.2856
 -6.50391   52.2856
 -6.16862   52.2856
 -5.83333   52.2856
 -5.49805   52.2856
 -5.16276   52.2856
 -4.82747   52.2856
 -3.82161   52.2856
 -3.48633   52.2856
 -3.15104   52.2856
  2.21354   52.2856
  -10.695   52.6312
 -10.3597   52.6312
 -10.0244   52.6312
 -9.68913   52.6312
 -9.35384   52.6312
 -9.01855   52.6312
 -8.68327   52.6312
 -8.34798   52.6312
 -8.01269   52.6312
 -7.67741   52.6312
 -7.34212   52.6312
 -7.00684   52.6312
 -6.67155   52.6312
 -6.33626   52.6312
 -6.00098   52.6312
 -5.66569   52.6312
  -5.3304   52.6312
 -4.99512   52.6312
 -4.65983   52.6312
 -4.32454   52.6312
 -3.98926   52.6312
 -3.65397   52.6312
 -3.31868   52.6312
  -2.9834   52.6312
 -2.64811   52.6312
-0.301107   52.6312
   2.0459   52.6312
 -10.5273   52.9768
 -10.1921   52.9768
 -9.85677   52.9768
 -9.52148   52.9768
  -9.1862   52.9768
 -8.85091   52.9768
 -8.51562   52.9768
 -8.18034   52.9768
 -7.84505   52.9768
 -7.50977   52.9768
 -7.17448   52.9768
 -6.83919   52.9768
 -6.50391   52.9768
 -6.16862   52.9768
 -5.83333   52.9768
 -5.49805   52.9768
 -5.16276   52.9768
 -4.82747   52.9768
 -3.15104   52.9768
 0.537109   52.9768
  1.54297   52.9768
  1.87826   52.9768
  -10.695   53.3224
 -10.3597   53.3224
 -10.0244   53.3224
 -9.68913   53.3224
 -9.35384   53.3224
 -9.01855   53.3224
 -8.68327   53.3224
 -8.34798   53.3224
 -8.01269   53.3224
 -7.67741   53.3224
 -7.34212   53.3224
 -7.00684   53.3224
 -6.67155   53.3224
 -6.33626   53.3224
 -6.00098   53.3224
 -5.66569   53.3224
  -5.3304   53.3224
 -4.99512   53.3224
 0.704753   53.3224
  1.04004   53.3224
  1.37533   53.3224
  1.71061   53.3224
 -10.5273    53.668
 -10.1921    53.668
 -9.85677    53.668
 -9.52148    53.668
  -9.1862    53.668
 -8.85091    53.668
 -8.51562    53.668
 -8.18034    53.668
 -7.84505    53.668
 -7.50977    53.668
 -7.17448    53.668
 -6.83919    53.668
 -6.50391    53.668
 -6.16862    53.668
 -5.83333    53.668
 -5.49805    53.668
 -5.16276    53.668
 -4.82747    53.668
 -4.49219    53.668
  -4.1569    53.668
 -3.82161    53.668
 -3.48633    53.668
 0.201823    53.668
 0.537109    53.668
 0.872396    53.668
  1.20768    53.668
 -10.3597   54.0136
 -10.0244   54.0136
 -9.68913   54.0136
 -9.35384   54.0136
 -9.01855   54.0136
 -8.68327   54.0136
 -8.34798   54.0136
 -8.01269   54.0136
 -7.67741   54.0136
 -7.34212   54.0136
 -7.00684   54.0136
 -6.67155   54.0136
 -6.33626   54.0136
 -6.00098   54.0136
 -5.66569   54.0136
  -5.3304   54.0136
 -4.99512   54.0136
 -4.65983   54.0136
 -4.32454   54.0136
 -3.98926   54.0136
 -3.65397   54.0136
  -2.9834   54.0136
 0.369466   54.0136
 0.704753   54.0136
  1.04004   54.0136
 -9.85677   54.3592
 -9.52148   54.3592
  -9.1862   54.3592
 -8.85091   54.3592
 -8.51562   54.3592
 -8.18034   54.3592
 -7.84505   54.3592
 -7.17448   54.3592
 -5.83333   54.3592
 -5.49805   54.3592
 -5.16276   54.3592
 -4.82747   54.3592
 -4.49219   54.3592
  -4.1569   54.3592
 -3.82161   54.3592
-0.133464   54.3592
 0.201823   54.3592
 0.537109   54.3592
 0.872396   54.3592
 -9.68913   54.7048
 -9.35384   54.7048
 -9.01855   54.7048
 -8.68327   54.7048
 -8.34798   54.7048
 -8.01269   54.7048
 -7.67741   54.7048
  -5.3304   54.7048
 -4.65983   54.7048
 -4.32454   54.7048
 -3.98926   54.7048
-0.636393   54.7048
-0.301107   54.7048
0.0341797   54.7048
 0.369466   54.7048
 -9.52148   55.0504
  -9.1862   55.0504
 -8.85091   55.0504
 -8.51562   55.0504
 -8.18034   55.0504
 -7.84505   55.0504
 -7.50977   55.0504
 -6.83919   55.0504
 -5.49805   55.0504
 -5.16276   55.0504
 -4.82747   55.0504
  -4.1569   55.0504
 -3.82161   55.0504
 -3.48633   55.0504
 -1.13932   55.0504
-0.804036   55.0504
 -0.46875   55.0504
-0.133464   55.0504
 0.201823   55.0504
 -8.68327    55.396
 -8.34798    55.396
 -8.01269    55.396
 -7.67741    55.396
 -7.34212    55.396
 -7.00684    55.396
 -6.67155    55.396
 -6.33626    55.396
 -6.00098    55.396
  -5.3304    55.396
 -4.99512    55.396
 -4.32454    55.396
 -3.98926    55.396
 -3.65397    55.396
 -3.31868    55.396
  -2.9834    55.396
 -2.31283    55.396
 -1.30697    55.396
 -0.97168    55.396
-0.636393    55.396
-0.301107    55.396
 -8.18034   55.7416
 -7.84505   55.7416
 -7.50977   55.7416
 -7.17448   55.7416
 -6.83919   55.7416
 -5.49805   55.7416
 -5.16276   55.7416
 -3.82161   55.7416
 -3.48633   55.7416
 -3.15104   55.7416
 -1.47461   55.7416
 -1.13932   55.7416
-0.804036   55.7416
 -0.46875   55.7416
 -8.01269   56.0873
 -7.67741   56.0873
 -7.34212   56.0873
 -7.00684   56.0873
 -6.67155   56.0873
 -6.33626   56.0873
 -6.00098   56.0873
 -5.66569   56.0873
 -4.99512   56.0873
 -4.65983   56.0873
 -4.32454   56.0873
 -3.98926   56.0873
 -3.65397   56.0873
 -3.31868   56.0873
  -2.9834   56.0873
 -2.64811   56.0873
 -2.31283   56.0873
 -1.97754   56.0873
 -1.64225   56.0873
 -1.30697   56.0873
 -0.97168   56.0873
-0.636393   56.0873
 -7.84505   56.4329
 -7.50977   56.4329
 -7.17448   56.4329
 -6.83919   56.4329
 -6.50391   56.4329
 -6.16862   56.4329
 -5.83333   56.4329
 -5.49805   56.4329
 -4.82747   56.4329
 -4.49219   56.4329
  -4.1569   56.4329
 -3.82161   56.4329
 -3.48633   56.4329
 -2.81576   56.4329
 -2.48047   56.4329
 -2.14518   56.4329
  -1.8099   56.4329
 -1.47461   56.4329
 -1.13932   56.4329
 -8.01269   56.7785
 -7.67741   56.7785
 -7.34212   56.7785
 -7.00684   56.7785
 -6.67155   56.7785
 -6.33626   56.7785
 -6.00098   56.7785
 -5.66569   56.7785
  -5.3304   56.7785
 -4.99512   56.7785
 -4.65983   56.7785
 -4.32454   56.7785
 -3.98926   56.7785
 -3.65397   56.7785
 -3.31868   56.7785
  -2.9834   56.7785
 -2.31283   56.7785
 -1.97754   56.7785
 -1.64225   56.7785
 -1.30697   56.7785
 -7.84505   57.1241
 -7.50977   57.1241
 -7.17448   57.1241
 -6.83919   57.1241
 -6.50391   57.1241
 -6.16862   57.1241
 -5.83333   57.1241
 -5.49805   57.1241
 -5.16276   57.1241
 -4.82747   57.1241
 -4.49219   57.1241
  -4.1569   57.1241
 -3.82161   57.1241
 -3.48633   57.1241
 -3.15104   57.1241
  -1.8099   57.1241
 -1.47461   57.1241
 -7.67741   57.4697
 -7.00684   57.4697
 -6.67155   57.4697
 -6.33626   57.4697
 -6.00098   57.4697
 -5.66569   57.4697
  -5.3304   57.4697
 -4.99512   57.4697
 -4.65983   57.4697
 -3.98926   57.4697
 -3.65397   57.4697
 -7.84505   57.8153
 -7.50977   57.8153
 -7.17448   57.8153
 -6.50391   57.8153
 -6.16862   57.8153
 -5.83333   57.8153
 -5.49805   57.8153
 -5.16276   57.8153
 -4.82747   57.8153
 -4.49219   57.8153
  -4.1569   57.8153
 -3.82161   57.8153
 -3.48633   57.8153
 -3.15104   57.8153
 -7.34212   58.1609
 -7.00684   58.1609
 -6.67155   58.1609
 -6.00098   58.1609
 -5.66569   58.1609
  -5.3304   58.1609
 -4.99512   58.1609
 -4.65983   58.1609
 -4.32454   58.1609
 -3.98926   58.1609
 -3.65397   58.1609
 -3.31868   58.1609
  -2.9834   58.1609
 -2.64811   58.1609
 -2.31283   58.1609
 -6.50391   58.5065
 -6.16862   58.5065
 -5.83333   58.5065
 -5.49805   58.5065
 -5.16276   58.5065
 -4.82747   58.5065
 -4.49219   58.5065
  -4.1569   58.5065
 -3.82161   58.5065
 -3.48633   58.5065
 -3.15104   58.5065
 -2.81576   58.5065
 -6.00098   58.8521
 -5.66569   58.8521
  -5.3304   58.8521
 -4.99512   58.8521
 -4.65983   58.8521
 -4.32454   58.8521
 -3.98926   58.8521
 -3.65397   58.8521
 -5.16276   59.1977
 -4.82747   59.1977
 -4.49219   59.1977
  -4.1569   59.1977
 -3.82161   59.1977
 -3.48633   59.1977
 -4.32454   59.5433
 -3.98926   59.5433
 -3.65397   59.5433
