 41 243
 41  39
 39 243
 39 244
 39  36
 36 244
 36  43
 36  37
 37  43
 37  46
 37  45
 45  46
 45  40
 45  42
 42  40
 42  47
 42 238
238  47
238  74
238  81
 81  74
 81  78
 81 241
241  78
241  75
241 242
242  75
242 245
243 247
243 244
244 247
244 248
244  43
 43 248
 43 249
 43  46
 46 249
 46  38
 46  40
 40  38
 40  44
 40  47
 47  44
 47  73
 47  74
 74  73
 74  72
 74  78
 78  72
 78  71
 78  75
 75  71
 75  83
 75 245
245  83
245  82
245  84
 84  82
 84  85
 84  87
 87  85
 87  86
 87 246
246  86
246 102
246 101
101 102
101 100
247 252
247 253
247 248
248 253
248 254
248 249
249 254
249 255
249  38
 38 255
 38 256
 38  44
 44 256
 44  76
 44  73
 73  76
 73  77
 73  72
 72  77
 72  79
 72  71
 71  79
 71  80
 71  83
 83  80
 83  88
 83  82
 82  88
 82 257
 82  85
 85 257
 85 258
 85  86
 86 258
 86 103
 86 102
102 103
102 104
102 100
100 104
100 105
100 225
225 105
225 215
225 224
224 215
224 223
224 221
221 223
221 115
221 222
222 115
222 114
222 112
112 114
112 116
250 261
250 262
250 251
251 262
251 263
252 272
252 273
252 253
253 273
253 218
253 254
254 218
254 193
254 255
255 193
255 274
255 256
256 274
256 217
256  76
 76 217
 76 219
 76  77
 77 219
 77  89
 77  79
 79  89
 79  99
 79  80
 80  99
 80 275
 80  88
 88 275
 88  92
 88 257
257  92
257  98
257 258
258  98
258  96
258 103
103  96
103 214
103 104
104 214
104 212
104 105
105 212
105 106
105 215
215 106
215 213
215 223
223 213
223 117
223 115
115 117
115 111
115 114
114 111
114 118
114 116
116 118
116 276
116 113
113 276
113 277
113  91
 91 277
 91 278
 91 259
259 278
259 279
260 281
260 282
260 261
261 282
261 283
261 262
262 283
262 284
262 263
263 284
263 285
263 264
264 285
264 286
264 265
265 286
265 287
265 266
266 287
266 288
266 267
267 288
267 289
267 268
268 289
268 290
268 269
269 290
269 291
269 270
270 291
270 292
270 271
271 292
271 293
271 272
272 293
272 294
272 273
273 294
273 295
273 218
218 295
218 191
218 193
193 191
193 190
193 274
274 190
274 192
274 217
217 192
217 296
217 219
219 296
219 297
219  89
 89 297
 89 107
 89  99
 99 107
 99 108
 99 275
275 108
275  93
275  92
 92  93
 92  94
 92  98
 98  94
 98  97
 98  96
 96  97
 96 216
 96 214
214 216
214 197
214 212
212 197
212 196
212 106
106 196
106 131
106 213
213 131
213 298
213 117
117 298
117 198
117 111
111 198
111 299
111 118
118 299
118 182
118 276
276 182
276 188
276 277
277 188
277 185
277 278
278 185
278 300
278 279
279 300
279 301
280 303
280 304
280 281
281 304
281 305
281 282
282 305
282 306
282 283
283 306
283 307
283 284
284 307
284 308
284 285
285 308
285 309
285 286
286 309
286 310
286 287
287 310
287 311
287 288
288 311
288 312
288 289
289 312
289 313
289 290
290 313
290 314
290 291
291 314
291 315
291 292
292 315
292 316
292 293
293 316
293 317
293 294
294 317
294 318
294 295
295 318
295 319
295 191
191 319
191 320
191 190
190 320
190 194
190 192
192 194
192 195
192 296
296 195
296 321
296 297
297 321
297 322
297 107
107 322
107 323
107 108
108 323
108 110
108  93
 93 110
 93 109
 93  94
 94 109
 94  95
 94  97
 97  95
 97 126
 97 216
216 126
216 133
216 197
197 133
197 128
197 196
196 128
196 189
196 131
131 189
131 134
131 298
298 134
298 199
298 198
198 199
198 220
198 299
299 220
299 187
299 182
182 187
182 180
182 188
188 180
188 179
188 185
185 179
185 181
185 300
300 181
300 184
300 301
301 184
301 324
302 325
302 303
303 325
303 326
303 304
304 326
304 327
304 305
305 327
305 328
305 306
306 328
306 329
306 307
307 329
307 330
307 308
308 330
308 331
308 309
309 331
309 332
309 310
310 332
310 333
310 311
311 333
311 334
311 312
312 334
312 335
312 313
313 335
313 336
313 314
314 336
314 337
314 315
315 337
315 338
315 316
316 338
316 339
316 317
317 339
317 340
317 318
318 340
318 341
318 319
319 341
319 342
319 320
320 342
320 343
320 194
194 343
194 344
194 195
195 344
195 345
195 321
321 345
321 346
321 322
322 346
322 347
322 323
323 347
323 348
323 110
110 348
110 349
110 109
109 349
109 227
109  95
 95 227
 95 226
 95 126
126 226
126 127
126 133
133 127
133 125
133 128
128 125
128 124
128 189
189 124
189 130
189 134
134 130
134 350
134 199
199 350
199 136
199 220
220 136
220 145
220 187
187 145
187 186
187 180
180 186
180 183
180 179
179 183
179 176
179 181
181 176
181 178
181 184
184 178
184 351
184 324
324 351
325 352
325 326
326 352
326 353
326 327
327 353
327 354
327 328
328 354
328 355
328 329
329 355
329 356
329 330
330 356
330 357
330 331
331 357
331 358
331 332
332 358
332 359
332 333
333 359
333 360
333 334
334 360
334 361
334 335
335 361
335 362
335 336
336 362
336 363
336 337
337 363
337 364
337 338
338 364
338 365
338 339
339 365
339 366
339 340
340 366
340 367
340 341
341 367
341 368
341 342
342 368
342 369
342 343
343 369
343 204
343 344
344 204
344 200
344 345
345 200
345 208
345 346
346 208
346 205
346 347
347 205
347 370
347 348
348 370
348  35
348 349
349  35
349  34
349 227
227  34
227  32
227 226
226  32
226 129
226 127
127 129
127  67
127 125
125  67
125  70
125 124
124  70
124 132
124 130
130 132
130 140
130 350
350 140
350 143
350 136
136 143
136 138
136 145
145 138
145 371
145 186
186 371
186 177
186 183
183 177
183 175
183 176
176 175
176 372
176 178
178 372
178 373
178 351
351 373
352 374
352 375
352 353
353 375
353 376
353 354
354 376
354 377
354 355
355 377
355 378
355 356
356 378
356 379
356 357
357 379
357 380
357 358
358 380
358 381
358 359
359 381
359 382
359 360
360 382
360 383
360 361
361 383
361 384
361 362
362 384
362 385
362 363
363 385
363 386
363 364
364 386
364 387
364 365
365 387
365 388
365 366
366 388
366 389
366 367
367 389
367 390
367 368
368 390
368 391
368 369
369 391
369 202
369 204
204 202
204 201
204 200
200 201
200 203
200 208
208 203
208 207
208 205
205 207
205 206
205 370
370 206
370  30
370  35
 35  30
 35  31
 35  34
 34  31
 34  29
 34  32
 32  29
 32  33
 32 129
129  33
129  68
129  67
 67  68
 67  62
 67  70
 70  62
 70 147
 70 132
132 147
132 141
132 140
140 141
140 139
140 143
143 139
143 144
143 138
138 144
138 146
138 371
371 146
371 392
371 177
177 392
177 393
177 175
175 393
175 394
175 372
372 394
372 395
372 373
373 395
374 396
374 375
375 396
375 397
375 376
376 397
376 398
376 377
377 398
377 399
377 378
378 399
378 400
378 379
379 400
379 401
379 380
380 401
380 402
380 381
381 402
381 403
381 382
382 403
382 404
382 383
383 404
383 405
383 384
384 405
384 406
384 385
385 406
385 407
385 386
386 407
386 408
386 387
387 408
387 409
387 388
388 409
388 410
388 389
389 410
389 411
389 390
390 411
390 412
390 391
391 412
391 413
391 202
202 413
202 414
202 201
201 414
201 415
201 203
203 415
203 416
203 207
207 416
207 417
207 206
206 417
206 121
206  30
 30 121
 30 120
 30  31
 31 120
 31 122
 31  29
 29 122
 29 119
 29  33
 33 119
 33 123
 33  68
 68 123
 68  69
 68  62
 62  69
 62 240
 62 147
147 240
147 142
147 141
141 142
141 137
141 139
139 137
139 135
139 144
144 135
144 418
144 146
146 418
146 419
146 392
392 419
392 420
392 393
393 420
393 421
393 394
394 421
394 395
396 422
396 397
397 422
397 423
397 398
398 423
398 424
398 399
399 424
399 425
399 400
400 425
400 426
400 401
401 426
401 427
401 402
402 427
402 428
402 403
403 428
403 429
403 404
404 429
404 430
404 405
405 430
405 431
405 406
406 431
406 432
406 407
407 432
407 433
407 408
408 433
408 434
408 409
409 434
409 435
409 410
410 435
410 436
410 411
411 436
411 437
411 412
412 437
412 438
412 413
413 438
413 439
413 414
414 439
414 440
414 415
415 440
415 441
415 416
416 441
416 442
416 417
417 442
417  55
417 121
121  55
121 443
121 120
120 443
120  66
120 122
122  66
122  59
122 119
119  59
119 237
119 123
123 237
123 230
123  69
 69 230
 69 235
 69 240
240 235
240 231
240 142
142 231
142 232
142 137
137 232
137 228
137 135
135 228
135 239
135 418
418 239
418 444
418 419
419 444
419 445
419 420
420 445
420 446
420 421
421 446
422 423
423 447
423 424
424 447
424 448
424 425
425 448
425 449
425 426
426 449
426 450
426 427
427 450
427 451
427 428
428 451
428 452
428 429
429 452
429 453
429 430
430 453
430 161
430 431
431 161
431 454
431 432
432 454
432 170
432 433
433 170
433 165
433 434
434 165
434 164
434 435
435 164
435 455
435 436
436 455
436 456
436 437
437 456
437 457
437 438
438 457
438 458
438 439
439 458
439 459
439 440
440 459
440 460
440 441
441 460
441 461
441 442
442 461
442  53
442  55
 55  53
 55  51
 55 443
443  51
443  50
443  66
 66  50
 66  63
 66  59
 59  63
 59  64
 59 237
237  64
237 236
237 230
230 236
230  65
230 235
235  65
235 229
235 231
231 229
231 233
231 232
232 233
232 155
232 228
228 155
228 462
228 239
239 462
239 463
239 444
444 463
444 464
444 445
445 464
445 465
445 446
446 465
447 466
447 448
448 466
448 467
448 449
449 467
449 468
449 450
450 468
450 469
450 451
451 469
451 470
451 452
452 470
452 471
452 453
453 471
453 472
453 161
161 472
161 172
161 454
454 172
454 173
454 170
170 173
170 166
170 165
165 166
165 162
165 164
164 162
164 160
164 455
455 160
455 171
455 456
456 171
456 473
456 457
457 473
457  10
457 458
458  10
458 474
458 459
459 474
459 475
459 460
460 475
460 476
460 461
461 476
461  48
461  53
 53  48
 53  54
 53  51
 51  54
 51  58
 51  50
 50  58
 50  52
 50  63
 63  52
 63  56
 63  64
 64  56
 64 154
 64 236
236 154
236 152
236  65
 65 152
 65 149
 65 229
229 149
229 234
229 233
233 234
233 477
233 155
155 477
155 478
155 462
462 478
462 479
462 463
463 479
463 480
463 464
464 480
464 465
466 481
466 467
467 481
467 482
467 468
468 482
468 483
468 469
469 483
469 484
469 470
470 484
470 485
470 471
471 485
471 486
471 472
472 486
472 487
472 172
172 487
172 163
172 173
173 163
173 488
173 166
166 488
166 174
166 162
162 174
162 169
162 160
160 169
160 168
160 171
171 168
171 489
171 473
473 489
473 490
473  10
 10 490
 10 491
 10 474
474 491
474   6
474 475
475   6
475 492
475 476
476 492
476 493
476  48
 48 493
 48 494
 48  54
 54 494
 54  49
 54  58
 58  49
 58  60
 58  52
 52  60
 52  57
 52  56
 56  57
 56 150
 56 154
154 150
154  61
154 152
152  61
152  90
152 149
149  90
149 495
149 234
234 495
234 496
234 477
477 496
477 497
477 478
478 497
478 498
478 479
479 498
479 499
479 480
480 499
481 482
482 483
483 500
483 484
484 500
484 501
484 485
485 501
485 502
485 486
486 502
486 503
486 487
487 503
487 504
487 163
163 504
163 505
163 488
488 505
488 506
488 174
174 506
174 507
174 169
169 507
169 508
169 168
168 508
168   3
168 489
489   3
489 509
489 490
490 509
490 510
490 491
491 510
491   7
491   6
  6   7
  6 511
  6 492
492 511
492 512
492 493
493 512
493 513
493 494
494 513
494 514
494  49
 49 514
 49 515
 49  60
 60 515
 60 156
 60  57
 57 156
 57 516
 57 150
150 516
150 151
150  61
 61 151
 61 148
 61  90
 90 148
 90 517
 90 495
495 517
495 518
495 496
496 518
496 519
496 497
497 519
497 520
497 498
498 520
498 499
500 501
501 521
501 502
502 521
502 522
502 503
503 522
503 523
503 504
504 523
504 524
504 505
505 524
505 525
505 506
506 525
506   8
506 507
507   8
507  17
507 508
508  17
508   4
508   3
  3   4
  3 526
  3 509
509 526
509 527
509 510
510 527
510   5
510   7
  7   5
  7   9
  7 511
511   9
511  12
511 512
512  12
512 528
512 513
513 528
513 529
513 514
514 529
514 530
514 515
515 530
515 157
515 156
156 157
156 158
156 516
516 158
516 153
516 151
151 153
151 159
151 148
148 159
148 531
148 517
517 531
517 532
517 518
518 532
518 533
518 519
519 533
519 534
519 520
520 534
521 535
521 522
522 535
522 536
522 523
523 536
523 537
523 524
524 537
524 538
524 525
525 538
525 539
525   8
  8 539
  8 540
  8  17
 17 540
 17 541
 17   4
  4 541
  4 542
  4 526
526 542
526   2
526 527
527   2
527 543
527   5
  5 543
  5 544
  5   9
  9 544
  9 545
  9  12
 12 545
 12 546
 12 528
528 546
528 547
528 529
529 547
529 548
529 530
530 548
530 549
530 157
157 549
157 550
157 158
158 550
158 551
158 153
153 551
153 552
153 159
159 552
159 553
159 531
531 553
531 554
531 532
532 554
532 555
532 533
533 555
533 556
533 534
534 556
535 557
535 536
536 557
536 558
536 537
537 558
537 559
537 538
538 559
538 560
538 539
539 560
539 561
539 540
540 561
540 562
540 541
541 562
541 563
541 542
542 563
542 564
542   2
  2 564
  2  13
  2 543
543  13
543 565
543 544
544 565
544 566
544 545
545 566
545 567
545 546
546 567
546 568
546 547
547 568
547 569
547 548
548 569
548  21
548 549
549  21
549 570
549 550
550 570
550 571
550 551
551 571
551 572
551 552
552 572
552 573
552 553
553 573
553 574
553 554
554 574
554 575
554 555
555 575
555 556
557 576
557 577
557 558
558 577
558 578
558 559
559 578
559 579
559 560
560 579
560 580
560 561
561 580
561 581
561 562
562 581
562 582
562 563
563 582
563 583
563 564
564 583
564 584
564  13
 13 584
 13 585
 13 565
565 585
565 586
565 566
566 586
566 587
566 567
567 587
567 588
567 568
568 588
568 589
568 569
569 589
569 590
569  21
 21 590
 21 591
 21 570
570 591
570 167
570 571
571 167
571 592
571 572
572 592
572 593
572 573
573 593
573 594
573 574
574 594
574 595
574 575
575 595
576 596
576 577
577 596
577 597
577 578
578 597
578 598
578 579
579 598
579 599
579 580
580 599
580 600
580 581
581 600
581 601
581 582
582 601
582 602
582 583
583 602
583 603
583 584
584 603
584 604
584 585
585 604
585 605
585 586
586 605
586 606
586 587
587 606
587 607
587 588
588 607
588 608
588 589
589 608
589 609
589 590
590 609
590 610
590 591
591 610
591  25
591 167
167  25
167  23
167 592
592  23
592  22
592 593
593  22
593 611
593 594
594 611
594 612
594 595
595 612
596 613
596 597
597 613
597  16
597 598
598  16
598 614
598 599
599 614
599 615
599 600
600 615
600 616
600 601
601 616
601 617
601 602
602 617
602 618
602 603
603 618
603 619
603 604
604 619
604 620
604 605
605 620
605 621
605 606
606 621
606  14
606 607
607  14
607 622
607 608
608 622
608 623
608 609
609 623
609   1
609 610
610   1
610  20
610  25
 25  20
 25  24
 25  23
 23  24
 23  27
 23  22
 22  27
 22  19
 22 611
611  19
611 612
613 624
613 625
613  16
 16 625
 16 626
 16 614
614 626
614  11
614 615
615  11
615 627
615 616
616 627
616 628
616 617
617 628
617 629
617 618
618 629
618 630
618 619
619 630
619 631
619 620
620 631
620 632
620 621
621 632
621 633
621  14
 14 633
 14 634
 14 622
622 634
622 635
622 623
623 635
623 636
623   1
  1 636
  1 637
  1  20
 20 637
 20  26
 20  24
 24  26
 24  28
 24  27
 27  28
 27  18
 27  19
 19  18
624 625
625 638
625 626
626 638
626 639
626  11
 11 639
 11 640
 11 627
627 640
627  15
627 628
628  15
628 641
628 629
629 641
629 642
629 630
630 642
630 643
630 631
631 643
631 644
631 632
632 644
632 645
632 633
633 645
633 646
633 634
634 646
634 647
634 635
635 647
635 648
635 636
636 648
636 649
636 637
637 649
637 650
637  26
 26 650
 26 651
 26  28
 28 651
 28 652
 28  18
 18 652
638 639
639 640
640 653
640  15
 15 653
 15 654
 15 641
641 654
641 655
641 642
642 655
642 656
642 643
643 656
643 657
643 644
644 657
644 658
644 645
645 658
645 659
645 646
646 659
646 660
646 647
647 660
647 661
647 648
648 661
648 662
648 649
649 662
649 663
649 650
650 663
650 664
650 651
651 664
651 652
653 654
654 665
654 655
655 665
655 666
655 656
656 666
656 667
656 657
657 667
657 668
657 658
658 668
658 669
658 659
659 669
659 670
659 660
660 670
660 671
660 661
661 671
661 672
661 662
662 672
662 209
662 663
663 209
663 210
663 664
664 210
665 666
666 667
667 673
667 668
668 673
668 674
668 669
669 674
669 675
669 670
670 675
670 676
670 671
671 676
671 677
671 672
672 677
672 678
672 209
209 678
209 211
209 210
210 211
673 674
674 675
675 679
675 676
676 679
676 680
676 677
677 680
677 681
677 678
678 681
678 211
679 680
680 681
