  1
  2
  3
  3
  3
  3
  4
  3
  3
  5
  5
  6
  7
  8
  7
  9
  5
  9
 10
  7
  7
 11
  6
  7
  7
 12
 13
 14
 15
 14
 16
 17
 17
 17
 17
  8
  8
 17
 17
 18
 18
 19
 19
 20
 19
 19
 21
 22
 23
 24
 22
 20
 25
 22
 22
 20
 26
 27
 19
 18
 26
 20
 18
 19
 18
 18
 28
 26
 18
 18
 19
 19
 23
 19
 22
 19
 22
 19
 22
 23
 19
 19
 19
 27
 22
 20
 20
 26
 20
 19
 19
 29
 30
 31
 31
 32
 33
 31
 34
 29
 33
 31
 31
 29
 29
 31
 31
 35
 31
 29
 30
 34
 33
 33
 31
 31
 29
 30
 33
 29
 29
 30
 31
 35
 31
 31
 29
 31
 31
 33
 31
 36
 37
 38
 36
 39
 40
 36
 40
 41
 36
 37
 36
 37
 36
 40
 36
 37
 36
 42
 40
 42
 43
 36
 37
 44
 45
 36
 43
 36
 46
 47
 47
 43
 43
 37
 36
 37
 40
 37
 39
 36
 37
 37
 39
 43
 36
 37
 37
 36
 37
 43
 37
 45
 36
 36
 36
 36
 39
 43
 39
 36
 39
 39
 36
 39
 39
 39
 36
 39
 39
 37
 36
 39
 39
 39
 37
 37
 36
 39
 36
 36
 36
 39
 36
 41
 45
 36
 39
 48
 49
 48
 48
 48
 48
 49
 48
 48
 48
 50
 48
 51
 52
 48
 53
 48
 54
 53
 48
 49
 48
 48
 53
 53
 53
 48
 53
 55
 48
 52
 48
 48
 53
 48
 48
 51
 53
 52
 56
 57
 53
 58
 48
 52
 54
 58
 51
 59
 58
 53
 49
 48
 54
 54
 54
 52
 56
 48
 54
 58
 48
 58
 48
 54
 48
 48
 58
 58
 48
 52
 48
 53
 48
 52
 54
 60
 58
 54
 48
 48
 52
 55
 58
 61
 48
 54
 53
 48
 48
 53
 53
 53
 48
 48
 62
 51
 60
 48
 58
 52
 58
 48
 48
 54
 58
 58
 48
 51
 51
 50
 55
 60
 51
 51
 58
 51
 55
 53
 53
 48
 54
 54
 54
 51
 53
 53
 54
 48
 53
 48
 48
 48
 53
 53
 53
 63
 51
 60
 64
 64
 56
 56
 52
 64
 48
 54
 54
 54
 53
 53
 65
 60
 53
 52
 60
 60
 56
 50
 61
 53
 48
 54
 49
 54
 48
 54
 51
 58
 48
 58
 54
 66
 48
 49
 53
 54
 58
 58
 58
 58
 58
 53
 48
 54
 48
 53
 55
 54
 54
 48
 58
 51
 51
 53
 54
 53
 48
 54
 52
 58
 54
 53
 62
 67
 62
 67
 67
 68
 69
 68
 67
 67
 70
 44
 71
 72
 72
 47
 45
 71
 72
 73
 74
 75
 72
 73
 74
 72
 72
 76
 77
 72
 44
 47
 47
 42
 72
 72
 78
 74
 47
 44
 79
 72
 72
 42
 44
 40
 40
 72
 74
 40
 40
 71
 71
 72
 47
 42
 40
 74
 76
 45
 71
 72
 80
 78
 72
 74
 42
 72
 47
 72
 44
 73
 78
 72
 74
 72
 44
 47
 71
 42
 72
 73
 42
 81
 76
 82
 82
 82
 83
 84
 85
 82
 12
 82
 83
 85
 83
 83
 82
 86
 82
 82
 82
 85
 85
 86
 85
 85
 84
 84
 87
 83
 82
 86
 84
 88
 87
 89
 83
 87
 90
 91
 87
 85
 82
 92
 93
 93
 94
 92
 93
 92
 93
 93
 93
 92
 92
 92
 93
 93
 94
 93
 93
 93
 93
 93
 93
 93
 93
 93
 93
 93
 95
 93
 93
 93
 93
 93
 93
 93
 93
 93
 93
 93
 93
 96
 93
 97
 97
 92
 94
 97
 97
 94
 92
 94
 89
 97
 97
 97
 94
 98
 97
 97
 94
 97
 98
 97
 96
 97
 97
 97
 93
 99
 92
 92
 92
 96
 96
 98
 94
 96
 96
100
101
102
 86
103
100
102
101
 86
104
102
 36
103
101
103
102
 82
 86
 85
101
105
106
103
101
100
101
102
100
102
102
 94
107
108
 93
 94
 93
 93
 93
 93
 93
109
 95
108
 93
110
110
107
 93
108
 99
108
 93
110
109
 93
 93
 93
111
112
113
112
114
 91
113
113
114
114
115
113
114
111
116
114
114
115
114
114
117
118
114
114
113
112
 91
114
116
116
116
113
113
114
 32
113
 91
116
112
113
116
 91
 91
113
 66
 29
119
120
 29
120
121
 29
119
 66
122
119
 66
122
122
122
 30
119
122
123
 54
122
122
120
 30
120
122
120
122
119
120
120
119
122
121
122
124
125
126
124
124
125
124
124
127
 67
125
124
125
124
125
125
 70
125
125
125
124
124
125
124
128
129
125
124
124
125
130
125
 70
 70
125
131
125
127
 67
 70
124
124
124
125
132
124
124
130
125
124
 70
124
133
125
124
125
124
125
124
124
124
124
124
132
124
125
134
124
125
124
128
124
127
135
136
137
135
138
139
140
141
135
141
137
142
143
140
144
141
138
143
135
141
143
145
138
146
130
144
141
135
139
 70
124
130
143
143
143
143
143
138
143
144
143
136
140
130
143
143
146
136
143
141
136
143
143
138
144
143
143
143
143
141
143
143
136
140
143
139
143
147
143
140
132
139
143
138
140
143
143
140
138
143
143
141
143
140
144
142
135
135
144
144
135
135
138
144
135
143
143
144
135
135
139
141
139
141
141
 90
 90
 61
148
 56
 90
 61
149
 90
148
 57
 49
150
 90
 61
151
152
152
149
 90
 61
153
148
148
154
 90
149
 90
 90
152
 65
 90
155
149
 90
 90
149
152
149
 90
150
 90
122
 61
 90
152
 61
 90
148
153
148
150
 90
151
149
 90
 61
 61
 90
150
 90
 90
150
 90
 90
 90
 90
 90
156
148
152
 90
150
152
156
 90
150
 90
 90
 90
 57
152
152
 65
 61
 90
 90
 61
152
 90
152
 90
157
 61
150
150
151
150
 90
 90
 90
 57
158
 90
 90
148
 57
 90
 90
152
152
150
152
149
 61
 65
 90
159
152
 61
 90
154
152
152
152
152
 61
150
 90
 61
 32
151
 90
152
149
 90
 61
 90
 90
152
 90
149
149
 90
152
143
 90
143
149
 90
 90
152
153
 61
 90
 90
149
 90
 90
160
161
162
160
163
164
165
166
167
168
160
169
160
164
164
160
160
168
166
170
171
172
173
165
174
160
160
160
166
165
172
172
160
166
173
160
160
160
174
172
160
164
160
166
163
175
176
177
176
176
176
178
176
176
179
179
180
180
181
182
183
176
177
176
145
176
176
184
176
178
179
183
176
185
183
175
176
181
181
179
176
176
176
178
176
183
176
176
176
176
176
176
175
175
186
176
176
178
176
183
176
183
186
176
178
180
145
176
176
183
176
176
145
176
187
175
145
180
145
176
181
179
188
179
177
176
176
145
183
186
183
176
176
177
177
136
176
176
183
189
179
176
176
176
177
186
183
175
 70
 70
 70
 70
 70
 29
127
 70
 70
 70
 70
 70
125
 70
147
 70
 70
 70
 67
 70
 70
 70
 67
 70
 70
 70
 70
 67
 70
 70
 67
 70
 70
 70
 70
 67
132
 70
 70
 70
 70
 70
 70
124
 70
 70
 70
147
 70
 70
 70
 70
 70
124
 70
 70
132
 67
 70
 70
 70
 70
 70
127
190
191
191
191
191
191
190
190
191
192
193
191
191
191
191
194
195
195
190
190
190
190
191
192
190
190
190
192
190
192
191
195
194
190
190
190
195
190
191
192
192
189
196
196
189
196
128
128
197
189
189
189
196
198
189
189
189
189
189
189
128
189
124
189
128
189
199
189
189
189
189
189
189
128
136
189
189
 56
189
134
200
201
200
201
201
201
202
201
201
203
203
200
201
202
201
201
201
201
204
203
205
201
201
200
200
206
206
207
206
201
201
203
200
200
200
201
203
201
205
200
202
207
203
201
201
208
202
201
201
201
201
205
201
202
201
201
201
201
201
201
200
200
201
202
201
208
201
201
201
202
204
201
201
201
201
202
209
210
210
211
210
211
211
209
210
211
209
209
210
210
209
211
210
210
210
211
211
210
210
211
210
209
210
210
210
211
211
211
209
211
210
211
209
210
211
211
211
211
211
211
211
211
211
211
211
211
211
210
210
210
210
209
210
209
211
211
210
211
210
211
211
211
210
210
211
210
210
210
210
210
210
210
211
210
211
210
210
210
211
210
211
211
211
210
210
211
211
210
211
210
210
210
197
212
197
213
214
105
105
212
197
214
 94
197
197
197
215
 98
214
197
197
 94
197
197
197
197
197
197
188
197
197
197
197
212
197
212
197
197
212
212
197
212
197
212
216
216
212
197
197
216
197
 96
197
214
106
197
212
197
212
212
214
196
214
216
197
212
197
214
197
214
197
216
216
133
196
212
 96
197
197
214
197
197
 96
197
212
214
197
197
197
197
197
197
193
190
217
218
219
191
190
193
191
191
218
191
180
220
145
179
180
188
180
181
183
181
181
186
187
220
187
187
187
187
180
199
187
185
178
176
179
187
180
184
178
188
181
180
180
180
188
188
181
180
179
180
180
179
185
179
179
187
188
185
182
188
181
181
178
176
118
178
178
178
178
178
178
136
123
180
186
178
179
179
185
188
181
178
181
182
179
178
178
180
221
188
188
188
188
222
114
223
222
222
115
114
222
222
221
222
222
222
223
222
222
114
222
221
222
213
222
223
223
224
112
222
112
100
224
224
221
221
221
221
221
223
221
221
221
225
224
223
224
221
222
221
222
224
222
224
224
117
224
224
222
224
222
224
222
 95
 94
 93
126
 97
 95
226
226
 97
 95
 95
 95
 95
 95
227
 95
 95
 93
227
226
227
109
109
226
 95
 95
 95
 95
 95
 95
 95
 95
 95
226
 69
228
229
 65
230
231
 65
231
142
232
231
123
 65
123
231
230
 59
233
155
234
155
155
142
228
231
 64
230
 69
123
229
 69
230
149
123
123
232
123
235
 59
236
 69
230
 62
 69
230
123
237
155
119
142
233
 90
155
 69
123
155
232
123
119
231
155
233
123
220
230
 69
235
122
149
123
123
123
 69
123
 69
228
137
 69
155
155
233
137
238
137
228
239
231
137
137
137
155
152
123
231
119
 69
235
137
235
232
142
137
137
 62
237
 62
123
123
 69
229
 69
240
123
 69
234
233
 69
123
123
123
 69
230
 62
 69
231
154
237
 69
231
 62
 69
 62
 69
231
240
230
123
230
 62
149
149
 62
155
123
 69
 62
 62
 69
240
123
123
230
 69
123
228
233
 64
 62
123
123
229
123
 62
 65
123
230
232
 69
 62
231
123
123
 69
 69
231
230
  1
  2
  3
  3
  3
  3
  4
  3
  3
  5
  5
  6
  7
  8
  7
  9
  5
  9
 10
  7
  7
 11
  6
  7
  7
 12
 13
 14
 15
 14
 16
 17
 17
 17
 17
  8
  8
 17
 17
 18
 18
 19
 19
 20
 19
 19
 21
 22
 23
 24
 22
 20
 25
 22
 22
 20
 26
 27
 19
 18
 26
 20
 18
 19
 18
 18
 28
 26
 18
 18
 19
 19
 23
 19
 22
 19
 22
 19
 22
 23
 19
 19
 19
 27
 22
 20
 20
 26
 20
 19
 19
 29
 30
 31
 31
 32
 33
 31
 34
 29
 33
 31
 31
 29
 29
 31
 31
 35
 31
 29
 30
 34
 33
 33
 31
 31
 29
 30
 33
 29
 29
 30
 31
 35
 31
 31
 29
 31
 31
 33
 31
 36
 37
 38
 36
 39
 40
 36
 40
 41
 36
 37
 36
 37
 36
 40
 36
 37
 36
 42
 40
 42
 43
 36
 37
 44
 45
 36
 43
 36
 46
 47
 47
 43
 43
 37
 36
 37
 40
 37
 39
 36
 37
 37
 39
 43
 36
 37
 37
 36
 37
 43
 37
 45
 36
 36
 36
 36
 39
 43
 39
 36
 39
 39
 36
 39
 39
 39
 36
 39
 39
 37
 36
 39
 39
 39
 37
 37
 36
 39
 36
 36
 36
 39
 36
 41
 45
 36
 39
 48
 49
 48
 48
 48
 48
 49
 48
 48
 48
 50
 48
 51
 52
 48
 53
 48
 54
 53
 48
 49
 48
 48
 53
 53
 53
 48
 53
 55
 48
 52
 48
 48
 53
 48
 48
 51
 53
 52
 56
 57
 53
 58
 48
 52
 54
 58
 51
 59
 58
 53
 49
 48
 54
 54
 54
 52
 56
 48
 54
 58
 48
 58
 48
 54
 48
 48
 58
 58
 48
 52
 48
 53
 48
 52
 54
 60
 58
 54
 48
 48
 52
 55
 58
 61
 48
 54
 53
 48
 48
 53
 53
 53
 48
 48
 62
 51
 60
 48
 58
 52
 58
 48
 48
 54
 58
 58
 48
 51
 51
 50
 55
 60
 51
 51
 58
 51
 55
 53
 53
 48
 54
 54
 54
 51
 53
 53
 54
 48
 53
 48
 48
 48
 53
 53
 53
 63
 51
 60
 64
 64
 56
 56
 52
 64
 48
 54
 54
 54
 53
 53
 65
 60
 53
 52
 60
 60
 56
 50
 61
 53
 48
 54
 49
 54
 48
 54
 51
 58
 48
 58
 54
 66
 48
 49
 53
 54
 58
 58
 58
 58
 58
 53
 48
 54
 48
 53
 55
 54
 54
 48
 58
 51
 51
 53
 54
 53
 48
 54
 52
 58
 54
 53
 62
 67
 62
 67
 67
 68
 69
 68
 67
 67
 70
 44
 71
 72
 72
 47
 45
 71
 72
 73
 74
 75
 72
 73
 74
 72
 72
 76
 77
 72
 44
 47
 47
 42
 72
 72
 78
 74
 47
 44
 79
 72
 72
 42
 44
 40
 40
 72
 74
 40
 40
 71
 71
 72
 47
 42
 40
 74
 76
 45
 71
 72
 80
 78
 72
 74
 42
 72
 47
 72
 44
 73
 78
 72
 74
 72
 44
 47
 71
 42
 72
 73
 42
 81
 76
 82
 82
 82
 83
 84
 85
 82
 12
 82
 83
 85
 83
 83
 82
 86
 82
 82
 82
 85
 85
 86
 85
 85
 84
 84
 87
 83
 82
 86
 84
 88
 87
 89
 83
 87
 90
 91
 87
 85
 82
 92
 93
 93
 94
 92
 93
 92
 93
 93
 93
 92
 92
 92
 93
 93
 94
 93
 93
 93
 93
 93
 93
 93
 93
 93
 93
 93
 95
 93
 93
 93
 93
 93
 93
 93
 93
 93
 93
 93
 93
 96
 93
 97
 97
 92
 94
 97
 97
 94
 92
 94
 89
 97
 97
 97
 94
 98
 97
 97
 94
 97
 98
 97
 96
 97
 97
 97
 93
 99
 92
 92
 92
 96
 96
 98
 94
 96
 96
100
101
102
 86
103
100
102
101
 86
104
102
 36
103
101
103
102
 82
 86
 85
101
105
106
103
101
100
101
102
100
102
102
 94
107
108
 93
 94
 93
 93
 93
 93
 93
109
 95
108
 93
110
110
107
 93
108
 99
108
 93
110
109
 93
 93
 93
111
112
113
112
114
 91
113
113
114
114
115
113
114
111
116
114
114
115
114
114
117
118
114
114
113
112
 91
114
116
116
116
113
113
114
 32
113
 91
116
112
113
116
 91
 91
113
 66
 29
119
120
 29
120
121
 29
119
 66
122
119
 66
122
122
122
 30
119
122
123
 54
122
122
120
 30
120
122
120
122
119
120
120
119
122
121
122
124
125
126
124
124
125
124
124
127
 67
125
124
125
124
125
125
 70
125
125
125
124
124
125
124
128
129
125
124
124
125
130
125
 70
 70
125
131
125
127
 67
 70
124
124
124
125
132
124
124
130
125
124
 70
124
133
125
124
125
124
125
124
124
124
124
124
132
124
125
134
124
125
124
128
124
127
135
136
137
135
138
139
140
141
135
141
137
142
143
140
144
141
138
143
135
141
143
145
138
146
130
144
141
135
139
 70
124
130
143
143
143
143
143
138
143
144
143
136
140
130
143
143
146
136
143
141
136
143
143
138
144
143
143
143
143
141
143
143
136
140
143
139
143
147
143
140
132
139
143
138
140
143
143
140
138
143
143
141
143
140
144
142
135
135
144
144
135
135
138
144
135
143
143
144
135
135
139
141
139
141
141
 90
 90
 61
148
 56
 90
 61
149
 90
148
 57
 49
150
 90
 61
151
152
152
149
 90
 61
153
148
148
154
 90
149
 90
 90
152
 65
 90
155
149
 90
 90
149
152
149
 90
150
 90
122
 61
 90
152
 61
 90
148
153
148
150
 90
151
149
 90
 61
 61
 90
150
 90
 90
150
 90
 90
 90
 90
 90
156
148
152
 90
150
152
156
 90
150
 90
 90
 90
 57
152
152
 65
 61
 90
 90
 61
152
 90
152
 90
157
 61
150
150
151
150
 90
 90
 90
 57
158
 90
 90
148
 57
 90
 90
152
152
150
152
149
 61
 65
 90
159
152
 61
 90
154
152
152
152
152
 61
150
 90
 61
 32
151
 90
152
149
 90
 61
 90
 90
152
 90
149
149
 90
152
143
 90
143
149
 90
 90
152
153
 61
 90
 90
149
 90
 90
160
161
162
160
163
164
165
166
167
168
160
169
160
164
164
160
160
168
166
170
171
172
173
165
174
160
160
160
166
165
172
172
160
166
173
160
160
160
174
172
160
164
160
166
163
175
176
177
176
176
176
178
176
176
179
179
180
180
181
182
183
176
177
176
145
176
176
184
176
178
179
183
176
185
183
175
176
181
181
179
176
176
176
178
176
183
176
176
176
176
176
176
175
175
186
176
176
178
176
183
176
183
186
176
178
180
145
176
176
183
176
176
145
176
187
175
145
180
145
176
181
179
188
179
177
176
176
145
183
186
183
176
176
177
177
136
176
176
183
189
179
176
176
176
177
186
183
175
 70
 70
 70
 70
 70
 29
127
 70
 70
 70
 70
 70
125
 70
147
 70
 70
 70
 67
 70
 70
 70
 67
 70
 70
 70
 70
 67
 70
 70
 67
 70
 70
 70
 70
 67
132
 70
 70
 70
 70
 70
 70
124
 70
 70
 70
147
 70
 70
 70
 70
 70
124
 70
 70
132
 67
 70
 70
 70
 70
 70
127
190
191
191
191
191
191
190
190
191
192
193
191
191
191
191
194
195
195
190
190
190
190
191
192
190
190
190
192
190
192
191
195
194
190
190
190
195
190
191
192
192
189
196
196
189
196
128
128
197
189
189
189
196
198
189
189
189
189
189
189
128
189
124
189
128
189
199
189
189
189
189
189
189
128
136
189
189
 56
189
134
200
201
200
201
201
201
202
201
201
203
203
200
201
202
201
201
201
201
204
203
205
201
201
200
200
206
206
207
206
201
201
203
200
200
200
201
203
201
205
200
202
207
203
201
201
208
202
201
201
201
201
205
201
202
201
201
201
201
201
201
200
200
201
202
201
208
201
201
201
202
204
201
201
201
201
202
209
210
210
211
210
211
211
209
210
211
209
209
210
210
209
211
210
210
210
211
211
210
210
211
210
209
210
210
210
211
211
211
209
211
210
211
209
210
211
211
211
211
211
211
211
211
211
211
211
211
211
210
210
210
210
209
210
209
211
211
210
211
210
211
211
211
210
210
211
210
210
210
210
210
210
210
211
210
211
210
210
210
211
210
211
211
211
210
210
211
211
210
211
210
210
210
197
212
197
213
214
105
105
212
197
214
 94
197
197
197
215
 98
214
197
197
 94
197
197
197
197
197
197
188
197
197
197
197
212
197
212
197
197
212
212
197
212
197
212
216
216
212
197
197
216
197
 96
197
214
106
197
212
197
212
212
214
196
214
216
197
212
197
214
197
214
197
216
216
133
196
212
 96
197
197
214
197
197
 96
197
212
214
197
197
197
197
197
197
193
190
217
218
219
191
190
193
191
191
218
191
180
220
145
179
180
188
180
181
183
181
181
186
187
220
187
187
187
187
180
199
187
185
178
176
179
187
180
184
178
188
181
180
180
180
188
188
181
180
179
180
180
179
185
179
179
187
188
185
182
188
181
181
178
176
118
178
178
178
178
178
178
136
123
180
186
178
179
179
185
188
181
178
181
182
179
178
178
180
221
188
188
188
188
222
114
223
222
222
115
114
222
222
221
222
222
222
223
222
222
114
222
221
222
213
222
223
223
224
112
222
112
100
224
224
221
221
221
221
221
223
221
221
221
225
224
223
224
221
222
221
222
224
222
224
224
117
224
224
222
224
222
224
222
 95
 94
 93
126
 97
 95
226
226
 97
 95
 95
 95
 95
 95
227
 95
 95
 93
227
226
227
109
109
226
 95
 95
 95
 95
 95
 95
 95
 95
 95
226
 69
228
229
 65
230
231
 65
231
142
232
231
123
 65
123
231
230
 59
233
155
234
155
155
142
228
231
 64
230
 69
123
229
 69
230
149
123
123
232
123
235
 59
236
 69
230
 62
 69
230
123
237
155
119
142
233
 90
155
 69
123
155
232
123
119
231
155
233
123
220
230
 69
235
122
149
123
123
123
 69
123
 69
228
137
 69
155
155
233
137
238
137
228
239
231
137
137
137
155
152
123
231
119
 69
235
137
235
232
142
137
137
 62
237
 62
123
123
 69
229
 69
240
123
 69
234
233
 69
123
123
123
 69
230
 62
 69
231
154
237
 69
231
 62
 69
 62
 69
231
240
230
123
230
 62
149
149
 62
155
123
 69
 62
 62
 69
240
123
123
230
 69
123
228
233
 64
 62
123
123
229
123
 62
 65
123
230
232
 69
 62
231
123
123
 69
 69
231
230
