-1.40213147822918
-0.38440378460792
-1.06234729660877
-0.53604250251979
-0.66019050255515
 0.80146038827092
 0.31779279459311
-0.81307268980316
-1.52235083430167
 0.34634891296978
 0.46386343843318
 1.47941808922935
 0.39036714554347
 0.02517070171544
 0.81967418838967
-0.16184842076266
-0.05839525439976
 0.99025156581181
-0.11648349781056
-1.35524637591668
 0.97016540643014
-1.86008476776303
 0.17243883576802
 0.00146147358804
-1.88647125696673
-0.30355618636528
-0.41061817859472
 0.54705735143693
 1.13757352304537
-0.03202992751778
-0.26336500733384
-1.36837544880117
-1.34449827087971
