 0.02784897800426
 0.24935052422184
 0.25507933350218
-0.12879779096854
-0.20387256514395
-0.04109980771829
 0.30021813996948
-0.29784302318841
-0.12387375007060
-0.04914562878429
 0.29200935552536
 0.22945826531782
 0.08773686556086
 0.05031983912247
 0.13348346412706
 0.27402397831301
 0.27945258132355
-0.26983348356372
-0.20303584959610
 0.00201636150917
-0.00180325598062
 0.27335392747653
 0.15170022545199
 0.04336630091232
 0.01018845806333
 0.28277194559732
 0.02587415556953
-0.26352843344487
 0.10507296023198
 0.29390690286377
-0.22073302581747
 0.20313718266920
-0.29409676239370
-0.25234806028790
 0.23075195363356
-0.03588289326859
 0.06759376622497
-0.23562050024632
 0.27909641463736
-0.00506654126100
-0.15171428517899
 0.30003747425163
-0.10979041941227
 0.02435367060372
-0.14690102158993
-0.27746898567733
 0.25766107709555
 0.02566934968725
 0.28611268431751
-0.06184823646410
-0.28405598064407
-0.26443838265996
 0.06993195480472
-0.27365485919200
-0.14367239035695
-0.06907467619179
 0.12564266320201
 0.19151651798685
-0.20834671584209
-0.26414672505570
 0.27072970599581
-0.13864075802057
 0.16657343395496
-0.24970389068252
 0.06836158699977
 0.24591567138092
 0.25756558736049
