-3.61640209716234 50.76256047803802
-5.72277329619070 57.28344798884874
-5.07485615839051 52.31944625259752
-5.55361636246433 58.45205176245334
-0.21784401477897 54.17850621518593
-9.80406794848083 51.98173497582356
-2.38546368637794 56.32601239565837
-3.80853246028063 54.15463016817107
-9.45620253952658 52.42322467477495
-5.46882941575420 50.63845546233326
-0.05047030909663 52.39216801578431
-0.71793173973628 53.29471276856716
-7.25178436043020 56.75979858413972
-0.20840486184416 55.39589579139765
-2.39531783214586 54.54209562022816
 0.72793574934630 51.06504224511471
-7.70851493086354 51.38741562081167
-4.81281651968504 51.62167098137571
-2.29674824119335 57.05473491319372
-3.89413007787315 54.39212903491929
-3.43795337522983 56.71427854899827
-1.86567295690236 52.96916479994199
-3.22465218236686 54.20362585892418
-5.86179352928668 55.60238113135963
-8.78310480444919 53.74550186538966
-6.18864021027547 55.47147043774449
-3.76791575552384 52.97914310043234
-0.42789892887354 51.80996229268218
-7.69754269317750 53.79960277056431
-1.30931375407504 53.21921613499199
-1.41279534027320 50.68765245924642
-2.55539051182333 54.04227137768735
-2.25877135349513 52.73021939976478
-4.43099465255240 54.13832621593953
-2.90292164283441 52.98581112857025
-5.01819080777739 57.87163477527446
-1.68042762990367 55.79753017294245
-1.94159353915115 52.55519856121041
-4.40777622454061 59.02223319385821
-3.43163398753783 51.24064203529850
-2.72383243161986 52.92448949448207
-3.28464983719682 52.36340691875971
-3.37624242450149 57.94412538283244
-8.10962912789584 51.69013091585328
-0.18351290604545 52.45556568840403
-4.32896784207278 51.19913314470317
 1.71618469372609 52.82943627488560
-5.57585650056252 52.52690484985213
-6.90962166588152 54.84953911377149
-8.76602161585414 52.50550521135273
-4.75717970631758 58.70870273446220
-6.56042002491346 54.42928421018312
-5.78833217391771 51.94728438904028
-0.87762782156888 51.61346112641321
-9.26796329770437 51.34867991504148
-2.25353483694955 53.22209536657429
-7.69960490095503 53.51373607726045
-4.02482935975345 55.80227858453556
-1.73773893926420 55.06536775669348
-7.57724173607757 51.81874969601959
-7.66527170441917 52.42724910722579
-3.23675136369776 57.44554917845227
-5.45721459422007 57.37225156076853
-5.49684740613834 55.74753480250730
-5.44757015763383 58.43836991165607
-1.09253555879232 53.04880677142699
-3.37263157470427 51.59583962039483
-6.92533694782267 51.64936284917772
-4.45065473922413 53.07415315696562
-5.69194027815838 54.74118265442289
-0.36577089522467 52.56440890298899
-5.70939676757217 54.73729507363662
-7.96346708928673 54.15439471531589
-2.75796780500743 50.28928154261232
-6.19817418060070 57.20388896403949
-3.31029628656189 58.56494079734627
-7.15499010882660 55.32532218541565
-3.82965782165375 55.15948850539480
-2.56484849366406 58.40760567693498
-0.43602968277640 54.23700251350228
-4.13515520164081 57.21325017618138
-4.35664092951980 53.83108685028417
-4.91742202254354 51.25176567965732
-3.74886871160546 52.35147065052435
-1.24158870339835 54.67077857592281
-4.94902214494210 58.61085362141593
-1.63327187303417 54.12595679866603
-1.13498297028767 52.44595755088967
-9.86180115763649 53.64683564850100
-8.69327635520923 52.70646638014115
 0.65904886463757 52.96398988081919
-2.92066198917785 52.77287259510759
-0.06119622269920 52.87828177082490
-3.19488582650488 50.79560989801312
-5.98101874241238 58.08351294910020
 1.63011149901407 52.59016576323304
-2.81003558070305 57.00450982868671
-5.06104828220081 51.43294863453545
-3.29783510441672 52.55682059855841
-3.16882464971276 57.96277703548122
-3.79097342661510 58.66713481128878
-3.81280155317094 53.17603126564286
-2.15816548153606 55.75979207614971
-1.52905272720731 53.65487036500676
-2.47346236582247 51.74290773570767
-3.25081569902280 54.05838330346054
-3.63521447486577 51.58774236747789
