-8.59484207264890 51.69329653779050
-1.41453078038230 50.65434487707912
-4.26805197911799 55.76766321912682
-5.22781170995481 50.43786584670627
-2.29826490750185 52.86901789374456
-2.63802356026429 51.30488708554341
-2.60716292023763 56.30356923271895
-2.40220140020636 51.92699555636331
-2.49444832185646 53.82570378760885
-0.47463906680313 53.25137909213001
-1.92206231214822 56.41471703048494
-5.74734399789635 52.74832353429157
 0.45617221403635 54.43255385158702
-6.53611134959216 58.07916846973027
