-4.64174016980887  1.02286916645211
-4.65028897408798  0.90191765856533
-4.65914433892000  0.96100845836325
-4.66751048214669  1.15998114806331
-4.65262625236800  0.90192695241302
-4.65262625236800  1.08106976477289
-4.66286341844447  0.99649630981987
-4.66286341844447  1.24363893627971
-4.66286341844447  0.91917073624896
-4.66286341844447  1.19748230615312
-4.66662150736220  1.34047645237676
-4.66662150736220  1.03913729376622
-4.66662150736220  1.26243722407263
-4.67987104987634  0.99369925338648
-4.67987104987634  1.03204801508402
-4.68056339859747  0.88548460279558
-4.68056339859747  1.30483726590107
-4.68056339859747  0.88617120680170
-4.68084459789013  1.01119116342943
-4.68084459789013  0.94276522176343
-4.68084459789013  0.80566604198620
-4.68084459789013  0.97304938167994
-4.70229107779428  1.14110126874349
-4.70229107779428  0.89918481854653
-4.70229107779428  1.36320513029023
-4.70229107779428  1.22642479752290
-4.69628073675534  1.08705732568914
-4.69362008519173  1.30439267198842
-4.68611093811112  0.92849392307477
-4.68611093811112  1.04609015168356
-4.69240385652088  1.33016873167479
-4.69240385652088  0.96599997738468
-4.69240385652088  0.95274225322938
-4.69240385652088  1.11716693146719
-4.69240385652088  0.93659345943578
-4.69240385652088  0.84391022611326
-4.69240385652088  1.09161438898258
-4.69240385652088  0.81372665863882
-4.69240385652088  0.88789189318016
-4.69240385652088  1.00974773066186
-4.69240385652088  0.96554990970583
-4.67974267051411  0.90226242283924
-4.67974267051411  1.05405105835754
-4.67974267051411  0.68205926640975
-4.65837822693651  0.91688256816523
-4.65837822693651  0.91422534182042
-4.65837822693651  0.85223901176649
-4.66010760189740  1.10073006510799
-4.66010760189740  0.85414677891470
-4.66010760189740  0.93922593948834
-4.66010760189740  0.99832953837771
-4.66010760189740  0.78327911053601
-4.66010760189740  0.80530165294128
-4.66010760189740  0.78536973609710
-4.66010760189740  1.34020667521070
-4.66010760189740  1.15083856693131
-4.66010760189740  0.64706293848494
-4.66010760189740  0.96362492373772
-4.66010760189740  0.74087868839786
-4.66010760189740  0.77300622835949
-4.66010760189740  0.69502206003210
-4.66010760189740  0.76940582337319
-4.66010760189740  1.08258377628236
-4.66010760189740  0.73097053747681
-4.66010760189740  0.77521717656686
-4.66010760189740  0.84170217780751
-4.66010760189740  1.23881922140707
-4.64797452722914  1.47074704491961
-4.65340098658278  0.88081216599932
-4.65728279089745  0.95377431137272
-4.65728279089745  0.84047498918502
-4.66505106766017  0.96804515204296
-4.66201280578005  0.90011869074015
-4.66201280578005  0.96484988090021
-4.64639262412097  0.80821827020551
-4.64639262412097  0.95689434250589
-4.64506662911416  0.97654428184699
-4.64506662911416  0.81410868943307
-4.64506662911416  0.69478265144869
-4.64506662911416  0.57551838686815
-4.64506662911416  0.66500127630889
-4.64506662911416  0.65864155629330
-4.64506662911416  0.74044988146021
-4.64506662911416  0.72752477852285
-4.64506662911416  0.81009444406666
-4.64506662911416  0.73648086870976
-4.64506662911416  0.70879900475981
-4.64506662911416  0.79346532846148
-4.64506662911416  0.63705765934129
-4.64506662911416  0.89211312457330
-4.64506662911416  0.94409036491714
-4.64506662911416  0.75545971733391
-4.64506662911416  0.74097352957729
-4.64506662911416  0.97641444818226
-4.64506662911416  0.68055863640816
-4.64506662911416  0.83217736849189
-4.64506662911416  0.82397422332846
-4.64506662911416  0.84884946392736
-4.64506662911416  0.81091147696099
-4.62978224530773  0.85926112784231
-4.62978224530773  0.73834405078712
-4.63779490601995  0.87065715904531
-4.63779490601995  0.87192747146166
-4.63779490601995  0.94598787517568
-4.63388164415423  0.59184296486146
-4.63762305043363  0.78341421649736
-4.64571728986790  0.94322768224912
-4.64571728986790  0.87567916934609
-4.63797725795081  0.82554567163957
-4.62709811461119  0.77009298656282
-4.62709811461119  0.96146151278707
-4.62709811461119  0.85756776535779
-4.62990813396839  0.87104475665391
-4.62990813396839  0.85062038162164
-4.62990813396839  0.69366571767856
-4.62990813396839  0.89085437169369
-4.62990813396839  0.94171082038775
-4.62990813396839  0.79574580149771
-4.62990813396839  1.08309521983422
-4.63968627437363  0.90246296690123
-4.63968627437363  0.95285636530338
-4.63968627437363  1.02244037605911
-4.64591467661829  0.79544974843440
-4.64591467661829  0.91519129935257
-4.64591467661829  0.88377308194318
-4.64591467661829  0.81508107611171
-4.64650526531455  0.71754475405138
-4.64650526531455  0.94979311828530
-4.63900030970004  0.82621070377818
-4.63900030970004  0.90523962786350
-4.63900030970004  0.91460780154035
-4.63201613057024  0.62129061354471
-4.62392402784715  0.84349635860949
-4.62392402784715  0.86914953314015
-4.62392402784715  1.11769957478912
-4.62392402784715  0.81310102516253
-4.62392402784715  0.88274692657175
-4.62392402784715  0.66879253817122
-4.64319928302760  1.03317054688020
-4.64319928302760  0.75773652070873
-4.64319928302760  0.84158156355583
-4.64319928302760  0.83062518480823
-4.64319928302760  0.92860143318538
-4.62633183614500  0.81218996750370
-4.63055304769802  0.76773487458822
-4.63679709807096  0.84484257967164
-4.63679709807096  0.89395649004964
-4.63679709807096  0.99138136237462
-4.63679709807096  1.00824014830461
-4.63679709807096  0.76163458071072
-4.63679709807096  0.90073149584187
-4.63679709807096  0.74247192662334
-4.63679709807096  0.77331335991956
-4.63930610683771  0.98804764778356
-4.63930610683771  0.86754990748412
-4.63930610683771  0.98244111984600
-4.63976590106495  1.11088772544712
-4.63976590106495  1.01008882904210
-4.63976590106495  0.94282090581628
-4.62313923958621  0.80809153033679
-4.62313923958621  0.74113496789068
-4.62313923958621  0.86649175332403
-4.62313923958621  0.88681786744084
-4.62313923958621  0.66869841939992
-4.62313923958621  0.80058575857276
-4.62313923958621  0.80842602205170
-4.62313923958621  0.71298201299143
-4.62313923958621  0.77254892421139
-4.62313923958621  0.84148284013902
-4.62313923958621  0.92942664553164
-4.62313923958621  0.62123268780382
-4.62313923958621  0.63762289453264
-4.61560118847949  0.69034743803094
-4.61560118847949  0.80194772085562
-4.61560118847949  0.71272634864687
-4.61560118847949  0.78371126974475
-4.61560118847949  0.93706938822063
-4.61560118847949  0.79770248555931
-4.61560118847949  0.86793351995786
-4.61560118847949  0.87786060134943
-4.61560118847949  0.74008872711500
-4.62997685234015  0.83874984974732
-4.62997685234015  0.77822535396529
-4.62282204478416  0.70129391359280
-4.61514029676032  0.74548208377296
-4.61514029676032  0.65929115149250
-4.61514029676032  0.82532037715285
-4.61514029676032  0.66427118207365
-4.61514029676032  0.64606498411362
-4.61514029676032  0.79024685572391
-4.61514029676032  0.73278742659241
-4.61294565710265  0.75849442310556
-4.61795617218315  0.73219146709470
-4.60762921212512  0.71167214433427
-4.60762921212512  0.90916631933329
-4.60762921212512  0.64074112814507
-4.60762921212512  0.75546300268557
-4.60762921212512  1.12438732790811
-4.60762921212512  0.91477314664406
-4.60762921212512  0.87518053679437
-4.60762921212512  0.94889502969876
-4.60762921212512  0.63206821219497
-4.60762921212512  0.71872753034536
-4.60762921212512  0.74863852209268
-4.60762921212512  0.73892234334777
-4.60762921212512  1.04191207915099
-4.60762921212512  1.03525343134996
-4.60762921212512  0.79099325646840
-4.60762921212512  0.85306430623900
-4.60762921212512  0.86379192166928
-4.60762921212512  0.82290475477747
-4.60762921212512  0.91653402219431
-4.60762921212512  1.05944524108770
-4.60762921212512  0.89006307256134
-4.60762921212512  1.05198346771892
-4.60970102191672  0.78835708110765
-4.60528474548483  0.72501328465314
-4.60909203787072  0.75550403233702
-4.60909203787072  0.71940994281308
-4.60924086029010  0.95495204398578
-4.60924086029010  0.97918499626732
-4.60924086029010  0.80305475842899
-4.60924086029010  1.06903398923382
-4.60924086029010  0.83255005971992
-4.60924086029010  0.81406222938823
-4.60924086029010  0.67890850372169
-4.61371872267422  0.81166708184906
-4.61371872267422  0.70823836129433
-4.61371872267422  0.86190896393775
-4.61371872267422  0.68979074365712
-4.61371872267422  0.80236386731372
-4.61294271136168  0.77285393880842
-4.60652161136535  0.74026840418301
-4.60652161136535  0.75396384659902
-4.60652161136535  1.12980905121527
-4.60652161136535  0.78634273685480
-4.60652161136535  0.77015561356859
-4.60652161136535  0.72218731999687
-4.60969758132693  0.80020714913294
-4.60969758132693  0.94434706698911
-4.60969758132693  0.67512904882617
-4.60969758132693  0.70129269307258
-4.60969758132693  0.86781686822653
-4.60969758132693  0.76171210415413
-4.60969758132693  1.05694935941187
-4.60969758132693  0.63263543661466
-4.60969758132693  0.89856788085222
-4.60969758132693  0.73861099079068
-4.60969758132693  0.79787562281318
-4.60969758132693  0.79420936939418
-4.60969758132693  1.09561828894015
-4.60969758132693  0.86054542660963
-4.60969758132693  1.02827915779583
-4.60969758132693  0.75930321229424
-4.60969758132693  0.82099050058601
-4.60861510210934  0.67325151197605
-4.60861510210934  0.97002761695265
-4.60861510210934  1.20831554138717
-4.60861510210934  0.83033524770387
-4.60861510210934  0.76225804888505
-4.60861510210934  0.71558216234278
-4.60861510210934  0.80556542193488
-4.60861510210934  0.61862942926657
-4.61954238063258  0.80479225295911
-4.61954238063258  1.44936623085942
-4.61954238063258  0.92460780674025
-4.61954238063258  0.91700058632472
-4.61954238063258  1.15536293286909
-4.61954238063258  0.98045019205219
-4.61954238063258  0.74954109388418
-4.61954238063258  0.86610831622639
-4.61954238063258  0.85587547842681
-4.61954238063258  1.21962447692835
-4.61954238063258  0.74357911874655
-4.61954238063258  1.03302521138208
-4.60859564215666  0.65237374885946
-4.61388312700280  0.74218534250079
-4.61388312700280  0.90411430968242
-4.61388312700280  1.05084328243816
-4.61690772858935  0.86496539884729
-4.61690772858935  0.97644063111529
-4.61690772858935  0.93274278355245
-4.60386710396130  0.73499992481450
-4.60386710396130  0.57772798910646
-4.60386710396130  0.90343120236391
-4.60386710396130  0.69879612867129
-4.60386710396130  1.03034711312771
-4.60386710396130  0.78596065457879
-4.60386710396130  0.70309218441367
-4.60386710396130  0.70710514115311
-4.60386710396130  0.84004792611949
-4.60386710396130  0.87079463646559
-4.60386710396130  0.86535735183696
-4.60386710396130  0.64407235694624
-4.60386710396130  0.83549824478504
-4.60194476848580  0.62527984024590
-4.60194476848580  0.59599998386777
-4.60194476848580  0.72435610005349
-4.61706526015973  0.65463181089638
-4.61759063693499  1.18200654189521
-4.61759063693499  0.79999591148736
-4.61759063693499  0.53613992142666
-4.61759063693499  0.68042552102554
-4.61759063693499  0.90959977133341
-4.61759063693499  0.84182962910557
-4.61759063693499  0.87048620617766
-4.61759063693499  0.88042933485836
-4.61759063693499  0.83610414282423
-4.61759063693499  0.88478966917284
-4.61759063693499  0.98711506398093
-4.61759063693499  0.96100840109728
-4.61759063693499  0.67223883829787
-4.61326943363412  0.84131302484605
-4.61152803346218  1.16785299665358
-4.61152803346218  0.90358424502937
-4.58858042344164  0.88700295287438
-4.58858042344164  1.06817809541324
-4.60571050715540  0.94327555478981
-4.60571050715540  0.80906504787578
-4.60571050715540  0.88437769061754
-4.60571050715540  0.77028958012202
-4.60571050715540  0.69041117838903
-4.60571050715540  1.13882181458919
-4.60571050715540  0.76295601508853
-4.60571050715540  0.69004912573518
-4.60571050715540  0.87165353472139
-4.60571050715540  0.73292965100820
-4.60571050715540  1.06546941610206
-4.60571050715540  0.82566786069790
-4.60571050715540  0.80405272739467
-4.60571050715540  0.80071752569279
-4.60571050715540  0.58366513312735
-4.60333752512979  0.56390966092082
-4.60333752512979  0.75842992710340
-4.60333752512979  0.58065048989273
-4.60333752512979  0.68084662304394
-4.60333752512979  0.83692141866287
-4.60333752512979  0.61866062775391
-4.60333752512979  0.78030122919181
-4.60908823861313  0.63921876785096
-4.60908823861313  0.64904817710018
-4.60908823861313  1.05647813461726
-4.60908823861313  1.07167563080545
-4.60908823861313  0.89725400111631
-4.60908823861313  0.87068393327339
-4.60908823861313  1.03817085142149
-4.60908823861313  0.85393725119171
-4.61115180272362  1.12385619973902
-4.62046589105081  0.79375667912223
-4.60471275465572  0.71798669905489
-4.60471275465572  0.78266739203161
-4.60471275465572  1.02650472997758
-4.61156946968129  0.73738575709576
-4.61156946968129  0.91247677721011
-4.61156946968129  0.73438702489038
-4.61156946968129  0.66925758353192
-4.61156946968129  0.67919151807383
-4.61156946968129  0.87878699456860
-4.60386989983964  0.69880111470071
-4.60386989983964  0.94768182992083
-4.60386989983964  0.57942352006006
-4.60386989983964  0.70268539116882
-4.60808053952225  0.91951242645008
-4.60808053952225  1.05502753251707
-4.60808053952225  1.16587135562605
-4.60553205545648  0.59165724976346
-4.59744517852308  0.74628509197337
-4.59744517852308  0.93038084436617
-4.59744517852308  0.89738252456108
-4.60060332503619  0.77945479278778
-4.60060332503619  0.86345443903598
-4.60060332503619  0.76313382511672
-4.60060332503619  0.81569287213054
-4.60060332503619  0.48948234235074
-4.60060332503619  0.76508686601896
-4.60060332503619  0.78453779679694
-4.59593734382990  0.81367103442164
-4.59052907132466  0.75640165588370
-4.60388911922311  0.63039966625722
-4.60388911922311  0.74956953700578
-4.60388911922311  0.96114756096165
-4.59451883952449  1.08054617808100
-4.59451883952449  0.88619376964204
-4.59451883952449  0.68497547435387
-4.59451883952449  0.85291973764621
-4.59451883952449  1.01109783343665
-4.59451883952449  0.86564722872585
-4.59451883952449  0.96168150280191
-4.59451883952449  0.69633551211597
-4.59418342745162  0.90102165385000
-4.59418342745162  1.12004784472761
-4.59418342745162  1.32737505239239
-4.59418342745162  0.90967449236860
-4.59418342745162  0.99123326166270
-4.59418342745162  0.97917495450506
-4.59418342745162  0.75659921294460
-4.59418342745162  0.91238875873777
-4.59418342745162  0.81847400833721
-4.59418342745162  0.61152905798875
-4.59418342745162  0.64764611106687
-4.60277232535810  0.76373900145262
-4.60277232535810  0.82485764066418
-4.60277232535810  0.88477956513332
-4.60277232535810  0.97008864556604
-4.60277232535810  0.62967306663050
-4.61009833612404  0.92955911775698
-4.61009833612404  0.74514562827086
-4.61009833612404  1.24447591500994
-4.61009833612404  1.15674525907057
-4.61009833612404  0.83606869996325
-4.61009833612404  0.84776165620341
-4.61009833612404  0.82033799621816
-4.61009833612404  0.86330438669812
-4.61009833612404  1.06393413414934
-4.61009833612404  0.71137656678773
-4.61009833612404  1.15559156765047
-4.61009833612404  1.23368893645638
-4.61009833612404  1.01360698334847
-4.61009833612404  1.24774694568984
-4.61009833612404  1.48201363354270
-4.59535750778073  1.17266955687499
-4.59736088838669  0.87699513988701
-4.59547229116140  0.74758655583752
-4.60098001641276  0.75598836599595
-4.60098001641276  0.73936244353475
-4.60098001641276  0.81375816542854
-4.60098001641276  0.76793872169756
-4.60098001641276  0.87711864486777
-4.60098001641276  0.67377274104194
-4.60098001641276  0.83517981887467
-4.60098001641276  0.64744799258200
-4.60098001641276  0.69907719699822
-4.60098001641276  0.62329311161998
-4.60098001641276  0.85954351175863
-4.60098001641276  0.98813796020232
-4.60098001641276  0.82443734209262
-4.60098001641276  0.85577836422300
-4.60098001641276  0.91995720748511
-4.60098001641276  0.63518751491753
-4.60098001641276  1.32993691306654
-4.60098001641276  1.25560949141128
-4.60098001641276  0.84047179252550
-4.60098001641276  0.79151938418104
-4.60316407173676  1.00637596856727
-4.60316407173676  0.68997334423648
-4.60504639310489  0.84883724604836
-4.60504639310489  0.77507405101813
-4.60504639310489  0.90160075578968
-4.60504639310489  1.14817396219188
-4.60504639310489  0.77380044311783
-4.60504639310489  0.64429151888129
-4.60504639310489  1.22709928802527
-4.60504639310489  0.84795511165598
-4.60504639310489  1.14335404451638
-4.60965792362508  0.88313689628210
-4.60965792362508  1.06310142534374
-4.60965792362508  0.68926438774084
-4.60965792362508  0.72154441490929
-4.60965792362508  0.70359623152122
-4.60965792362508  0.86240507849859
-4.60356664461615  0.78261596822863
-4.60356664461615  1.08863661062790
-4.60356664461615  0.84717939131647
-4.60356664461615  0.71152615519570
-4.60096377647267  0.99711926007718
-4.60096377647267  0.88821132747260
-4.60096377647267  0.82868578987985
-4.59386906496144  0.62809795573745
-4.59386906496144  0.78509760100494
-4.61490035215481  0.96229569819860
-4.61490035215481  0.90898118078306
-4.61490035215481  0.93404762607236
-4.61490035215481  0.85425351091582
-4.60772766116864  0.71080403000434
-4.60772766116864  0.87721241907786
-4.60772766116864  0.84246069793527
-4.60772766116864  0.73572116519953
-4.60772766116864  0.94768797711732
-4.60772766116864  0.72763382277865
-4.60772766116864  0.81974055887468
-4.60772766116864  0.84280398221232
-4.60772766116864  0.87728155778023
-4.60772766116864  0.69780427990718
-4.60772766116864  0.87724871381380
-4.60772766116864  0.60049553181466
-4.60772766116864  0.93317994854640
-4.60772766116864  0.61453054047536
-4.60772766116864  0.88234806769380
-4.60772766116864  1.22539436858311
-4.60772766116864  0.79371740315974
-4.60772766116864  0.85926164765859
-4.60787387655731  0.71639548821445
-4.60787387655731  0.81044363819453
-4.60787387655731  0.88849309953284
-4.60493972600967  0.84734105745997
-4.60493972600967  0.85141630644826
-4.60493972600967  0.73749815055692
-4.59513752411250  0.85179275557247
-4.59310309220020  0.88425952005564
-4.59310309220020  1.05568027463775
-4.59310309220020  0.98734175533302
-4.59792229622001  1.23531798577973
-4.59792229622001  0.98321216125939
-4.59792229622001  0.82277088223292
-4.61173947214504  0.86595612907656
-4.61173947214504  0.95409704555187
-4.61173947214504  0.54887139649238
-4.61173947214504  1.09830077204110
-4.61173947214504  1.09478229774344
-4.61173947214504  0.81849718389743
-4.61173947214504  0.90480137206443
-4.61173947214504  1.01723981232579
-4.61173947214504  0.81019747962178
-4.61173947214504  0.98679793548538
-4.61173947214504  1.09122547554146
-4.61173947214504  0.80563636474109
-4.61173947214504  0.76917285703407
-4.61173947214504  0.49498723377391
-4.61173947214504  0.75596837520072
-4.61173947214504  0.74229989912919
-4.61173947214504  1.18613827918543
-4.61173947214504  1.68707041785386
-4.61173947214504  0.76199085012785
-4.61173947214504  1.01666391719509
-4.61173947214504  1.02552690869304
-4.61173947214504  1.00686825650277
-4.61173947214504  0.95254344569325
-4.61173947214504  0.94389783399860
-4.61173947214504  1.15887461094055
-4.60156607516710  0.91067763439218
-4.60156607516710  0.90596456742924
-4.60160330785721  0.83060526521904
-4.60160330785721  0.91894720983314
-4.60160330785721  1.25822515231886
-4.60160330785721  0.86836434076122
-4.59417097851102  1.01592992707775
-4.59417097851102  1.08424157203745
-4.59417097851102  1.32053266442329
-4.59417097851102  1.21386723282934
-4.59417097851102  1.04103896326917
-4.59417097851102  0.85479507666776
-4.59417097851102  1.05008596715065
-4.59649769353263  0.83715843315041
-4.59649769353263  1.18412284342196
-4.59649769353263  0.98627403910814
-4.59649769353263  1.01997024674082
-4.59649769353263  0.78107574279558
-4.59191232550202  1.22785337407425
-4.59191232550202  0.88339356348816
-4.59191232550202  1.11174903907086
-4.59191232550202  1.20109049386097
-4.59191232550202  0.82727019994502
-4.59191232550202  1.09320227306697
-4.59191232550202  0.72901686749922
-4.59191232550202  0.86233581848850
-4.59191232550202  1.76888378907396
-4.59191232550202  1.31213282645559
-4.59191232550202  0.75800410394622
-4.59663066509555  0.79649883196259
-4.59663066509555  1.05385363772161
-4.59663066509555  0.99344654025623
-4.59663066509555  0.99308311387640
-4.59663066509555  1.07607012217877
-4.59663066509555  0.70934201697021
-4.59663066509555  0.86265485202239
-4.59663066509555  0.81118766253510
-4.59663066509555  1.04179267172126
-4.58397926340443  1.11017965995309
-4.58397926340443  1.49589284379037
-4.58397926340443  0.94386081947629
-4.58397926340443  1.71821735018930
-4.58397926340443  1.02476306649986
-4.58397926340443  0.74729081849900
-4.58397926340443  1.33608698275152
-4.58397926340443  0.82622868565806
-4.58397926340443  0.83952431398431
-4.58397926340443  1.00281591562419
-4.58397926340443  0.71710176229956
-4.58397926340443  0.72762735990261
-4.58397926340443  1.24972049721074
-4.58397926340443  1.48746622703524
-4.58397926340443  0.95350827285406
-4.60181738276612  0.93374361394477
-4.60181738276612  0.86171268661942
-4.61391529954596  0.93544589024942
-4.61466645233310  0.91090281359617
-4.61466645233310  0.94304858949227
-4.61466645233310  0.81907517165034
-4.61466645233310  0.87769955492483
-4.61466645233310  0.79410202309242
-4.60881046700331  0.59142986411581
-4.60881046700331  0.97839092412601
-4.60881046700331  1.04844186793646
-4.60881046700331  1.19953035945122
-4.60881046700331  0.80146917927726
-4.60881046700331  1.10181651448340
-4.60881046700331  1.20835094736928
-4.60881046700331  0.64871528190570
-4.60881046700331  0.69455922924502
-4.60881046700331  1.09855023250221
-4.60881046700331  0.76109653944388
-4.60881046700331  0.97555444795988
-4.60881046700331  1.10298975715393
-4.61049204859749  0.93839095929507
-4.61049204859749  1.49135333765086
-4.61049204859749  0.88660960465744
-4.61049204859749  1.16138793597361
-4.61049204859749  0.73956162246014
-4.61049204859749  1.08882874760290
-4.61049204859749  1.15675210799058
-4.61049204859749  0.96251693440323
-4.61049204859749  0.99678860009374
-4.61049204859749  1.74448591577460
-4.61049204859749  0.78680854709317
-4.61049204859749  1.13378252573474
-4.61049204859749  0.84446461158260
-4.61049204859749  0.79646523714545
-4.61049204859749  0.76486979788190
-4.61049204859749  0.62032458691367
-4.61049204859749  0.83725229429163
-4.62403505985749  0.78229956136238
-4.60653880814098  1.24707013953655
-4.60653880814098  1.31750954985681
-4.60653880814098  0.71969490746163
-4.60653880814098  0.85025867504898
-4.60653880814098  0.80588808990413
-4.60653880814098  0.91466952896078
-4.61521045213826  0.59083380524274
-4.60275724026935  0.90314215581611
-4.59977653981925  0.97507813561153
-4.59977653981925  0.67382188341957
-4.59977653981925  1.09958702363409
-4.59977653981925  0.71181317293870
-4.59977653981925  0.70987215222134
-4.60284770392918  0.76652695764862
-4.60284770392918  0.58867225816513
-4.60284770392918  0.73273227902232
-4.60284770392918  0.67080092470932
-4.59677074614884  0.73895172761810
-4.59677074614884  0.97433846147480
-4.59677074614884  0.80705964349619
-4.59677074614884  0.83928852912565
-4.59677074614884  0.69759608480290
-4.59677074614884  0.72983705065981
-4.59677074614884  0.79059618278290
-4.59148021702073  0.80408344814833
-4.59148021702073  0.71182915224413
-4.59148021702073  0.57595247783960
-4.59148021702073  0.98047643797083
-4.61231409595730  0.71901713812014
-4.61231409595730  0.54008738008418
-4.61231409595730  0.93172546276590
-4.61231409595730  0.58937284182729
-4.61531422625841  0.44605911663297
-4.61531422625841  0.86783455923203
-4.61531422625841  0.55135339316650
-4.61531422625841  0.82768114158739
-4.61531422625841  0.74635455609915
-4.60861916325816  0.58704041725170
-4.60861916325816  0.51924694606503
-4.60861916325816  0.49455918650547
-4.60861916325816  0.64807659562355
-4.60861916325816  1.29386911192757
-4.60861916325816  0.83491952760142
-4.60861916325816  0.72968565407935
-4.60861916325816  0.80413709192360
-4.61417226434901  0.70727865025160
-4.61328485521064  0.72128423435028
-4.61328485521064  0.89336779526669
-4.61328485521064  0.52497997684601
-4.61328485521064  0.86879874635247
-4.61328485521064  0.90344738818663
-4.61328485521064  0.84622040030895
-4.59646810069332  0.64560928112073
-4.59646810069332  0.95925224076461
-4.60462126738219  1.00029106394989
-4.60462126738219  0.97966155920649
-4.60462126738219  0.83902570248648
-4.60462126738219  0.79246620505468
-4.60462126738219  0.89844647900497
-4.60462126738219  0.79396084808481
-4.60624034597643  0.73248339802391
-4.60624034597643  1.00661454728915
-4.60624034597643  0.55674113841423
-4.60624034597643  0.67920162708737
-4.60624034597643  0.53288111895360
-4.59761985657554  1.10208483750780
-4.59761985657554  0.87050612912810
-4.59761985657554  0.94856929185415
-4.60150757343008  1.04771478552636
-4.60150757343008  0.78007409413318
-4.60150757343008  0.59912243317615
-4.60150757343008  0.71164695592147
-4.60150757343008  0.90971566294347
-4.60150757343008  0.77130921231108
-4.60150757343008  0.66951201684400
-4.60150757343008  0.58208942191115
-4.60898868327515  0.77610467417620
-4.60898868327515  0.75889499954575
-4.59428946034441  0.89150542731752
-4.59428946034441  0.85917780230154
-4.58239296419469  0.88422077225316
-4.58239296419469  0.90756929683579
-4.59720726173999  0.69172894921644
-4.59720726173999  0.85156299635766
-4.59720726173999  0.91436405779485
-4.59720726173999  0.76952009615677
-4.59720726173999  1.00517412397276
-4.59720726173999  0.96786485712848
-4.59720726173999  0.98872543480535
-4.59720726173999  0.56829198513890
-4.59720726173999  0.84683910469282
-4.59720726173999  0.72375486046007
-4.59720726173999  0.81528535558910
-4.59720726173999  0.87348746747275
-4.59720726173999  0.61844653821739
-4.59720726173999  0.76494891892280
-4.59720726173999  1.17384638350013
-4.59720726173999  0.87254705821779
-4.59720726173999  0.67252277286188
-4.59720726173999  0.81130182917540
-4.59720726173999  0.90511181861849
-4.59720726173999  0.87052890579505
-4.59720726173999  0.77416019647297
-4.59720726173999  0.70299901791623
-4.59590454811011  0.79639057511669
-4.59590454811011  0.73898052393444
-4.59590454811011  0.91055009919933
-4.59590454811011  0.70817113717112
-4.59590454811011  0.93670990698450
-4.59590454811011  0.72645214359854
-4.59590454811011  0.61917170164680
-4.59590454811011  0.64931765333875
-4.59590454811011  1.21505161243456
-4.59590454811011  0.87066542543536
-4.60370195963155  0.59699854664201
-4.60370195963155  0.98058803943258
-4.60370195963155  0.80750663991816
-4.60370195963155  0.74372794551844
-4.60370195963155  1.27694950827995
-4.60370195963155  0.73202189180328
-4.60370195963155  0.94839256948487
-4.60466788205919  0.84312271668465
-4.60466788205919  0.61878299069283
-4.60466788205919  0.70837509306328
-4.60466788205919  0.75374317155458
-4.60466788205919  0.74529490406067
-4.60466788205919  1.31171181676525
-4.59912961191602  0.92364333425232
-4.60984221589179  0.54294371426095
-4.60984221589179  0.78301572777905
-4.60984221589179  0.87283636302652
-4.60984221589179  0.67609946977102
-4.60984221589179  0.77779103949030
-4.60984221589179  1.11852629012030
-4.60984221589179  0.80758244927981
-4.62483382374494  1.12786064831280
-4.62483382374494  0.76508391189835
-4.62483382374494  0.80426929297188
-4.63146243323404  0.98714979807179
-4.63146243323404  0.68779650694923
-4.63146243323404  0.59036875579568
-4.60988978008109  0.60709662862141
-4.60988978008109  0.99844748002229
-4.60988978008109  0.89316443466080
-4.60988978008109  0.51069384744536
-4.60988978008109  0.65740303543591
-4.60988978008109  0.66745485890607
-4.60988978008109  0.72915821460267
-4.60988978008109  0.84897973674769
-4.60988978008109  0.74181160892208
-4.60988978008109  0.72776197861630
-4.60988978008109  0.83003697343283
-4.60988978008109  0.67064201637787
-4.62461104239760  0.63797975620401
-4.62294211070819  0.88038786569062
-4.62294211070819  0.60155239430315
-4.62976242694905  1.00780657316060
-4.62976242694905  0.61547694710276
-4.62976242694905  0.95215673549488
-4.62976242694905  0.83295419439437
-4.62976242694905  0.66492390496274
-4.62976242694905  0.66615519989510
-4.62395514234551  0.67078890216941
-4.63480957653814  0.72515573042675
-4.63480957653814  0.74928862537809
-4.63480957653814  0.73306284454738
-4.62784541080635  0.67783901587045
-4.62784541080635  0.97977254030355
-4.62784541080635  0.59821256635389
-4.62784541080635  1.07953084874527
-4.62784541080635  0.93727115790362
-4.62784541080635  0.79143807986795
-4.62784541080635  0.74211043947435
-4.62154724273005  0.70923642155764
-4.62154724273005  0.97879155161840
-4.62154724273005  0.53248456333988
-4.62154724273005  0.68980232727183
-4.62154724273005  0.81291861624973
-4.62154724273005  0.82807841730806
-4.62154724273005  0.61728931124015
-4.62154724273005  1.01572787340252
-4.62154724273005  0.98284106185837
-4.62154724273005  0.77402050479491
-4.62842898045334  0.63980638857316
-4.62842898045334  0.92299268513357
-4.62842898045334  1.07902160044689
-4.62842898045334  0.84508598904746
-4.62842898045334  0.88860028178638
-4.62842898045334  0.96826260830707
-4.62842898045334  0.80252941037806
-4.64159917276648  0.82723487238133
-4.62440642639409  0.80237035275817
-4.62440642639409  1.29916078775297
-4.62440642639409  0.98943195158459
-4.62440642639409  1.16152671644340
-4.62440642639409  0.89348220848379
-4.61956747158786  1.01666509675857
-4.61956747158786  0.68201252232294
-4.61956747158786  1.20669741071767
-4.61956747158786  1.04347629288757
-4.61956747158786  0.87936052976917
-4.61956747158786  1.32722685864029
-4.62202051052082  0.94417652426860
-4.62202051052082  0.90230512992350
-4.62202051052082  0.81115282583672
-4.62548436639049  0.76393887927037
-4.62548436639049  0.61623325866980
-4.62548436639049  1.24409212092645
-4.62548436639049  0.84600139852177
-4.62548436639049  0.80068738558053
-4.62548436639049  0.70630689808844
-4.62548436639049  0.90294676141870
-4.62548436639049  1.30046509250083
-4.62548436639049  0.70960153612613
-4.62227417946213  1.00951746671264
-4.62227417946213  0.82870863177159
-4.62227417946213  1.10746882236865
-4.62227417946213  0.99865488999033
-4.62227417946213  0.88760813920090
-4.62227417946213  1.17247935134614
-4.61487416459940  0.76903030608437
-4.61487416459940  0.81190774025354
-4.60974187511312  0.50581823751168
-4.60974187511312  0.82621546120485
-4.62115575586899  0.83931107452105
-4.62115575586899  1.40218812018963
-4.62115575586899  0.78023670511672
-4.62115575586899  0.96950142059427
-4.62247625553152  1.00784206908476
-4.62247625553152  1.01650289517147
-4.62001039204871  0.99599327019428
-4.62001039204871  1.24500813694828
-4.62001039204871  0.75739157410562
-4.62001039204871  1.25850818725363
-4.62001039204871  1.26246198796375
-4.62001039204871  0.71590518715878
-4.61464137187216  0.68550050433265
-4.61464137187216  0.96259435788390
-4.61464137187216  0.85980993348865
-4.61464137187216  0.69163318186688
-4.61464137187216  0.57636445028958
-4.61464137187216  1.01387639119071
-4.61815476556335  0.71077292092984
-4.59997492209116  0.72589528020193
-4.59997492209116  1.42331906378381
-4.61409245098210  0.65273722978162
-4.61409245098210  1.05806753458441
-4.61409245098210  0.74134078418552
-4.61409245098210  1.34804244592320
-4.61409245098210  0.83499068584596
-4.61409245098210  0.73159033737827
-4.61409245098210  0.86610454832112
-4.61409245098210  0.58745331917611
-4.61409245098210  0.81941899899001
-4.61409245098210  0.64243546637178
-4.61409245098210  0.78441748228277
-4.61409245098210  0.81625864356370
-4.61409245098210  1.03435384033702
-4.61409245098210  0.94463610376763
-4.61409245098210  0.80251124237230
-4.61966127871367  1.09758213395308
-4.61966127871367  0.92769516815256
-4.62310325056773  0.72294843499607
-4.62310325056773  1.08729628607692
-4.62310325056773  0.54770971733168
-4.62310325056773  1.05467122796443
-4.62310325056773  0.96309039645301
-4.62310325056773  0.93624631892420
-4.62310325056773  0.84593238196307
-4.62310325056773  0.73567204522846
-4.62310325056773  0.98811555703039
-4.62310325056773  0.89344242716188
-4.62310325056773  0.71660552340336
-4.62310325056773  0.74532961467498
-4.62310325056773  0.75015067852654
-4.62854524208725  0.70030891576175
-4.62854524208725  0.99985489994425
-4.62546677270750  0.98086508517866
-4.62546677270750  1.24613083398913
-4.62546677270750  0.84860488784614
-4.63120187747772  1.21099426675739
-4.63120187747772  0.92730208936114
-4.62370634456880  0.92101355955183
-4.62370634456880  0.97538763131746
-4.62370634456880  1.00993350654905
-4.62370634456880  1.06382518132405
-4.62179319151456  0.67379549773874
-4.62179319151456  0.70434349118514
-4.62179319151456  1.12662739498338
-4.62179319151456  0.89350516747263
-4.62179319151456  1.06761551435196
-4.62179319151456  0.85201586897762
-4.62179319151456  0.93053189629285
-4.62179319151456  0.74067817199742
-4.62179319151456  1.10096839638952
-4.62179319151456  1.76064844739309
-4.62179319151456  0.70859095028958
-4.62179319151456  1.16695286882656
-4.62179319151456  1.29879243886464
-4.62179319151456  0.82893157126156
-4.62179319151456  1.43953286439244
-4.61984696998836  0.83720845981703
-4.60835014783212  1.06404370656905
-4.60835014783212  0.92020354609151
-4.60835014783212  0.87283198239620
-4.60835014783212  0.97026253559224
-4.60835014783212  0.72409660764210
-4.60835014783212  0.96306724129469
-4.60835014783212  1.12814134337132
-4.60835014783212  1.52090368693744
-4.60835014783212  1.05705655498692
-4.60835014783212  0.62305667271630
-4.60835014783212  1.15725625896446
-4.60835014783212  0.98096228356619
-4.60835014783212  0.93801346649374
-4.60808782656327  1.25946927664755
-4.60491994816496  0.58293223343117
-4.60491994816496  1.04261814579301
-4.61054900158284  1.05260272176384
