111.00000000000000
111.00000000000000
110.00000000000000
106.00000000000000
104.00000000000000
104.00000000000000
105.00000000000000
103.00000000000000
103.00000000000000
104.00000000000000
106.00000000000000
103.00000000000000
106.00000000000000
103.00000000000000
103.00000000000000
102.00000000000000
 97.00000000000000
 94.00000000000000
 94.00000000000000
 92.00000000000000
 89.00000000000000
 85.00000000000000
 81.00000000000000
 79.00000000000000
 76.00000000000000
 77.00000000000000
 78.00000000000000
 77.00000000000000
 75.00000000000000
 71.00000000000000
 67.00000000000000
 67.00000000000000
 66.00000000000000
 67.00000000000000
 67.00000000000000
 66.00000000000000
 66.00000000000000
 65.00000000000000
 64.00000000000000
 66.00000000000000
 68.00000000000000
 68.00000000000000
 67.00000000000000
 67.00000000000000
 69.00000000000000
 69.00000000000000
 69.00000000000000
 68.00000000000000
 67.00000000000000
 69.00000000000000
 67.00000000000000
 68.00000000000000
 69.00000000000000
 68.00000000000000
 66.00000000000000
 66.00000000000000
 66.00000000000000
 65.00000000000000
 65.00000000000000
 65.00000000000000
 65.00000000000000
 63.00000000000000
 62.00000000000000
 61.00000000000000
 61.00000000000000
 58.00000000000000
 57.00000000000000
 58.00000000000000
 57.00000000000000
 55.00000000000000
 57.00000000000000
 56.00000000000000
 53.00000000000000
 54.00000000000000
 54.00000000000000
 51.00000000000000
 54.00000000000000
 55.00000000000000
 52.00000000000000
 54.00000000000000
 49.00000000000000
 49.00000000000000
 47.00000000000000
 47.00000000000000
 47.00000000000000
 47.00000000000000
 45.00000000000000
 45.00000000000000
 44.00000000000000
 42.00000000000000
 41.00000000000000
 40.00000000000000
 40.00000000000000
 41.00000000000000
 43.00000000000000
 43.00000000000000
 42.00000000000000
 42.00000000000000
 40.00000000000000
 40.00000000000000
 40.00000000000000
 41.00000000000000
 41.00000000000000
 40.00000000000000
 40.00000000000000
 42.00000000000000
 41.00000000000000
 39.00000000000000
 36.00000000000000
 37.00000000000000
 34.00000000000000
 34.00000000000000
 34.00000000000000
 31.00000000000000
 33.00000000000000
 34.00000000000000
 35.00000000000000
 34.00000000000000
 34.00000000000000
 33.00000000000000
 33.00000000000000
 35.00000000000000
 32.00000000000000
 31.00000000000000
 30.00000000000000
 31.00000000000000
 30.00000000000000
 30.00000000000000
 31.00000000000000
 32.00000000000000
 31.00000000000000
 30.00000000000000
 30.00000000000000
 30.00000000000000
 30.00000000000000
 28.00000000000000
 28.00000000000000
 26.00000000000000
 25.00000000000000
 25.00000000000000
 28.00000000000000
 28.00000000000000
 25.00000000000000
 27.00000000000000
 27.00000000000000
 29.00000000000000
 25.00000000000000
 23.00000000000000
 24.00000000000000
 24.00000000000000
 24.00000000000000
 27.00000000000000
 28.00000000000000
 30.00000000000000
 30.00000000000000
 29.00000000000000
 29.00000000000000
 29.00000000000000
 29.00000000000000
 29.00000000000000
 30.00000000000000
 32.00000000000000
 33.00000000000000
 34.00000000000000
 31.00000000000000
 31.00000000000000
 31.00000000000000
 31.00000000000000
 33.00000000000000
 34.00000000000000
 34.00000000000000
 33.00000000000000
 31.00000000000000
 29.00000000000000
 28.00000000000000
 28.00000000000000
 27.00000000000000
 28.00000000000000
 29.00000000000000
 27.00000000000000
 27.00000000000000
 27.00000000000000
 26.00000000000000
 26.00000000000000
 25.00000000000000
 24.00000000000000
 25.00000000000000
 24.00000000000000
 23.00000000000000
 24.00000000000000
 23.00000000000000
 23.00000000000000
 22.00000000000000
 23.00000000000000
 25.00000000000000
 25.00000000000000
 26.00000000000000
 25.00000000000000
 24.00000000000000
 23.00000000000000
 24.00000000000000
 25.00000000000000
 23.00000000000000
 22.00000000000000
 22.00000000000000
 22.00000000000000
 20.00000000000000
 22.00000000000000
 20.00000000000000
 19.00000000000000
 19.00000000000000
 20.00000000000000
 20.00000000000000
 24.00000000000000
 24.00000000000000
 26.00000000000000
 26.00000000000000
 26.00000000000000
 23.00000000000000
 25.00000000000000
 24.00000000000000
 24.00000000000000
 24.00000000000000
 20.00000000000000
 20.00000000000000
 18.00000000000000
 18.00000000000000
 20.00000000000000
 20.00000000000000
 19.00000000000000
 18.00000000000000
 17.00000000000000
 18.00000000000000
 19.00000000000000
 21.00000000000000
 22.00000000000000
 24.00000000000000
 24.00000000000000
 24.00000000000000
 22.00000000000000
 24.00000000000000
 24.00000000000000
 23.00000000000000
 23.00000000000000
 23.00000000000000
 22.00000000000000
 23.00000000000000
 22.00000000000000
 23.00000000000000
 22.00000000000000
 21.00000000000000
 23.00000000000000
 24.00000000000000
 24.00000000000000
 24.00000000000000
 23.00000000000000
 23.00000000000000
 23.00000000000000
 23.00000000000000
 22.00000000000000
 20.00000000000000
 20.00000000000000
 20.00000000000000
 22.00000000000000
 22.00000000000000
 22.00000000000000
 22.00000000000000
 24.00000000000000
 26.00000000000000
 23.00000000000000
 23.00000000000000
 23.00000000000000
 22.00000000000000
 19.00000000000000
 19.00000000000000
 21.00000000000000
 20.00000000000000
 23.00000000000000
 20.00000000000000
 18.00000000000000
 17.00000000000000
 17.00000000000000
 17.00000000000000
 16.00000000000000
 17.00000000000000
 17.00000000000000
 17.00000000000000
 17.00000000000000
 18.00000000000000
 17.00000000000000
 18.00000000000000
 19.00000000000000
 19.00000000000000
 20.00000000000000
 21.00000000000000
 21.00000000000000
 22.00000000000000
 22.00000000000000
 24.00000000000000
 24.00000000000000
 23.00000000000000
 24.00000000000000
 24.00000000000000
 24.00000000000000
 26.00000000000000
 25.00000000000000
 26.00000000000000
 24.00000000000000
 24.00000000000000
 26.00000000000000
 24.00000000000000
 24.00000000000000
 24.00000000000000
 28.00000000000000
 26.00000000000000
 26.00000000000000
 27.00000000000000
 25.00000000000000
 24.00000000000000
 24.00000000000000
 23.00000000000000
 23.00000000000000
 21.00000000000000
 21.00000000000000
 22.00000000000000
 21.00000000000000
 23.00000000000000
 24.00000000000000
 26.00000000000000
 25.00000000000000
 25.00000000000000
 23.00000000000000
 25.00000000000000
 24.00000000000000
 25.00000000000000
 28.00000000000000
 27.00000000000000
 28.00000000000000
 29.00000000000000
 29.00000000000000
 29.00000000000000
 27.00000000000000
 26.00000000000000
 24.00000000000000
 24.00000000000000
 25.00000000000000
 24.00000000000000
 23.00000000000000
 23.00000000000000
 25.00000000000000
 23.00000000000000
 25.00000000000000
 23.00000000000000
 23.00000000000000
 23.00000000000000
 24.00000000000000
 25.00000000000000
 26.00000000000000
 25.00000000000000
 24.00000000000000
 22.00000000000000
 24.00000000000000
 23.00000000000000
 21.00000000000000
 21.00000000000000
 22.00000000000000
 21.00000000000000
 20.00000000000000
 20.00000000000000
 19.00000000000000
 20.00000000000000
 21.00000000000000
 21.00000000000000
 20.00000000000000
 22.00000000000000
 21.00000000000000
 22.00000000000000
 21.00000000000000
 23.00000000000000
 20.00000000000000
 20.00000000000000
 22.00000000000000
 22.00000000000000
 24.00000000000000
 24.00000000000000
 21.00000000000000
 22.00000000000000
 19.00000000000000
 20.00000000000000
 19.00000000000000
 20.00000000000000
 19.00000000000000
 19.00000000000000
 19.00000000000000
 20.00000000000000
 21.00000000000000
 21.00000000000000
 22.00000000000000
 22.00000000000000
 20.00000000000000
 21.00000000000000
 21.00000000000000
 19.00000000000000
 19.00000000000000
 22.00000000000000
 23.00000000000000
 24.00000000000000
 20.00000000000000
 20.00000000000000
 20.00000000000000
 20.00000000000000
 21.00000000000000
 22.00000000000000
 21.00000000000000
 23.00000000000000
 20.00000000000000
 20.00000000000000
 17.00000000000000
 19.00000000000000
 18.00000000000000
 18.00000000000000
 17.00000000000000
 19.00000000000000
 18.00000000000000
 17.00000000000000
 18.00000000000000
 19.00000000000000
 19.00000000000000
 19.00000000000000
 19.00000000000000
 20.00000000000000
 18.00000000000000
 18.00000000000000
 18.00000000000000
 17.00000000000000
 17.00000000000000
 18.00000000000000
 20.00000000000000
 23.00000000000000
 22.00000000000000
 23.00000000000000
 22.00000000000000
 20.00000000000000
 21.00000000000000
 20.00000000000000
 21.00000000000000
 20.00000000000000
 21.00000000000000
 21.00000000000000
 21.00000000000000
 21.00000000000000
 24.00000000000000
 23.00000000000000
 22.00000000000000
 22.00000000000000
 22.00000000000000
 23.00000000000000
 24.00000000000000
 26.00000000000000
 26.00000000000000
 25.00000000000000
 24.00000000000000
 22.00000000000000
 22.00000000000000
 22.00000000000000
 21.00000000000000
 21.00000000000000
 21.00000000000000
 20.00000000000000
 20.00000000000000
 20.00000000000000
 19.00000000000000
 18.00000000000000
 18.00000000000000
 19.00000000000000
 20.00000000000000
 20.00000000000000
 21.00000000000000
 19.00000000000000
 18.00000000000000
 19.00000000000000
 18.00000000000000
 18.00000000000000
 18.00000000000000
 19.00000000000000
 20.00000000000000
 19.00000000000000
 18.00000000000000
 18.00000000000000
 18.00000000000000
 18.00000000000000
 19.00000000000000
 19.00000000000000
 18.00000000000000
 20.00000000000000
 22.00000000000000
 25.00000000000000
 23.00000000000000
 22.00000000000000
 21.00000000000000
 22.00000000000000
 21.00000000000000
 23.00000000000000
 23.00000000000000
 25.00000000000000
 25.00000000000000
 26.00000000000000
 24.00000000000000
 26.00000000000000
 25.00000000000000
 24.00000000000000
 24.00000000000000
 24.00000000000000
 25.00000000000000
 26.00000000000000
 25.00000000000000
 25.00000000000000
 23.00000000000000
 23.00000000000000
 23.00000000000000
 24.00000000000000
 25.00000000000000
 25.00000000000000
 25.00000000000000
 23.00000000000000
 24.00000000000000
 24.00000000000000
 23.00000000000000
 21.00000000000000
 21.00000000000000
 21.00000000000000
 21.00000000000000
 20.00000000000000
 21.00000000000000
 22.00000000000000
 23.00000000000000
 21.00000000000000
 25.00000000000000
 25.00000000000000
 24.00000000000000
 24.00000000000000
 22.00000000000000
 23.00000000000000
 22.00000000000000
 23.00000000000000
 24.00000000000000
 23.00000000000000
 24.00000000000000
 24.00000000000000
 25.00000000000000
 26.00000000000000
 25.00000000000000
 24.00000000000000
 25.00000000000000
 26.00000000000000
 27.00000000000000
 27.00000000000000
 27.00000000000000
 26.00000000000000
 24.00000000000000
 21.00000000000000
 22.00000000000000
 23.00000000000000
 22.00000000000000
 24.00000000000000
 23.00000000000000
 23.00000000000000
 22.00000000000000
 22.00000000000000
 21.00000000000000
 20.00000000000000
 21.00000000000000
 20.00000000000000
 21.00000000000000
 19.00000000000000
 19.00000000000000
 19.00000000000000
 20.00000000000000
 19.00000000000000
 17.00000000000000
 17.00000000000000
 17.00000000000000
 17.00000000000000
 18.00000000000000
 20.00000000000000
 19.00000000000000
 18.00000000000000
 20.00000000000000
 18.00000000000000
 17.00000000000000
 17.00000000000000
 17.00000000000000
 17.00000000000000
 17.00000000000000
 19.00000000000000
 20.00000000000000
 20.00000000000000
 21.00000000000000
 22.00000000000000
 20.00000000000000
 20.00000000000000
 21.00000000000000
 20.00000000000000
 22.00000000000000
 20.00000000000000
 20.00000000000000
 20.00000000000000
 20.00000000000000
 20.00000000000000
 20.00000000000000
 19.00000000000000
 18.00000000000000
 19.00000000000000
 18.00000000000000
 18.00000000000000
 18.00000000000000
 16.00000000000000
 17.00000000000000
 17.00000000000000
 19.00000000000000
 21.00000000000000
 22.00000000000000
 21.00000000000000
 22.00000000000000
 24.00000000000000
 23.00000000000000
 23.00000000000000
 24.00000000000000
 25.00000000000000
 26.00000000000000
 26.00000000000000
 27.00000000000000
 26.00000000000000
 25.00000000000000
 27.00000000000000
 27.00000000000000
 25.00000000000000
 25.00000000000000
 23.00000000000000
 22.00000000000000
 24.00000000000000
 22.00000000000000
 22.00000000000000
 22.00000000000000
 22.00000000000000
 23.00000000000000
 24.00000000000000
 25.00000000000000
 24.00000000000000
 23.00000000000000
 21.00000000000000
 23.00000000000000
 22.00000000000000
 22.00000000000000
 25.00000000000000
 24.00000000000000
 23.00000000000000
 22.00000000000000
 21.00000000000000
 22.00000000000000
 21.00000000000000
 21.00000000000000
 20.00000000000000
 20.00000000000000
 20.00000000000000
 19.00000000000000
 19.00000000000000
 21.00000000000000
 21.00000000000000
 22.00000000000000
 24.00000000000000
 23.00000000000000
 25.00000000000000
 27.00000000000000
 25.00000000000000
 24.00000000000000
 24.00000000000000
 23.00000000000000
 23.00000000000000
 22.00000000000000
 23.00000000000000
 23.00000000000000
 21.00000000000000
 18.00000000000000
 19.00000000000000
 19.00000000000000
 17.00000000000000
 17.00000000000000
 17.00000000000000
 16.00000000000000
 16.00000000000000
 16.00000000000000
 16.00000000000000
 17.00000000000000
 19.00000000000000
 19.00000000000000
 22.00000000000000
 23.00000000000000
 21.00000000000000
 23.00000000000000
 24.00000000000000
 24.00000000000000
 26.00000000000000
 24.00000000000000
 27.00000000000000
 28.00000000000000
 29.00000000000000
 31.00000000000000
 28.00000000000000
 25.00000000000000
 25.00000000000000
 24.00000000000000
 25.00000000000000
 24.00000000000000
 22.00000000000000
 23.00000000000000
 21.00000000000000
 22.00000000000000
 21.00000000000000
 20.00000000000000
 20.00000000000000
 20.00000000000000
 20.00000000000000
 21.00000000000000
 20.00000000000000
 18.00000000000000
 17.00000000000000
 18.00000000000000
 18.00000000000000
 17.00000000000000
 18.00000000000000
 19.00000000000000
 19.00000000000000
 18.00000000000000
 18.00000000000000
 21.00000000000000
 21.00000000000000
 23.00000000000000
 22.00000000000000
 22.00000000000000
 23.00000000000000
 21.00000000000000
 21.00000000000000
 19.00000000000000
 18.00000000000000
 18.00000000000000
 19.00000000000000
 20.00000000000000
 19.00000000000000
 19.00000000000000
 19.00000000000000
 21.00000000000000
 20.00000000000000
 21.00000000000000
 21.00000000000000
 22.00000000000000
 23.00000000000000
 20.00000000000000
 19.00000000000000
 20.00000000000000
 21.00000000000000
 21.00000000000000
 22.00000000000000
 21.00000000000000
 23.00000000000000
 22.00000000000000
 23.00000000000000
 23.00000000000000
 23.00000000000000
 23.00000000000000
 23.00000000000000
 24.00000000000000
 24.00000000000000
 21.00000000000000
 21.00000000000000
 22.00000000000000
 22.00000000000000
 22.00000000000000
 22.00000000000000
 20.00000000000000
 21.00000000000000
 21.00000000000000
 21.00000000000000
 21.00000000000000
 23.00000000000000
 22.00000000000000
 22.00000000000000
 21.00000000000000
 22.00000000000000
 22.00000000000000
 22.00000000000000
 21.00000000000000
 23.00000000000000
 22.00000000000000
 25.00000000000000
 25.00000000000000
 26.00000000000000
 25.00000000000000
 26.00000000000000
 25.00000000000000
 27.00000000000000
 28.00000000000000
 28.00000000000000
 26.00000000000000
 23.00000000000000
 23.00000000000000
 24.00000000000000
 25.00000000000000
 24.00000000000000
 24.00000000000000
 24.00000000000000
 23.00000000000000
 21.00000000000000
 21.00000000000000
 21.00000000000000
 23.00000000000000
 24.00000000000000
 24.00000000000000
 24.00000000000000
 24.00000000000000
 24.00000000000000
 24.00000000000000
 23.00000000000000
 21.00000000000000
 21.00000000000000
 21.00000000000000
 24.00000000000000
 25.00000000000000
 24.00000000000000
 23.00000000000000
 22.00000000000000
 22.00000000000000
 22.00000000000000
 21.00000000000000
 21.00000000000000
 22.00000000000000
 21.00000000000000
 22.00000000000000
 20.00000000000000
 21.00000000000000
 20.00000000000000
 20.00000000000000
 20.00000000000000
 20.00000000000000
 21.00000000000000
 23.00000000000000
 23.00000000000000
 24.00000000000000
 23.00000000000000
 22.00000000000000
 24.00000000000000
 25.00000000000000
 25.00000000000000
 25.00000000000000
 25.00000000000000
 26.00000000000000
 26.00000000000000
 25.00000000000000
 27.00000000000000
 28.00000000000000
 29.00000000000000
 31.00000000000000
 31.00000000000000
 32.00000000000000
 31.00000000000000
 31.00000000000000
 30.00000000000000
 29.00000000000000
 27.00000000000000
 28.00000000000000
 28.00000000000000
 26.00000000000000
 22.00000000000000
 22.00000000000000
 23.00000000000000
 22.00000000000000
 23.00000000000000
 21.00000000000000
 20.00000000000000
 20.00000000000000
 20.00000000000000
 20.00000000000000
 21.00000000000000
 22.00000000000000
 22.00000000000000
 21.00000000000000
 22.00000000000000
 21.00000000000000
 23.00000000000000
 23.00000000000000
 22.00000000000000
 22.00000000000000
 21.00000000000000
 22.00000000000000
 20.00000000000000
 20.00000000000000
 21.00000000000000
 21.00000000000000
 20.00000000000000
 19.00000000000000
 20.00000000000000
 21.00000000000000
 21.00000000000000
 22.00000000000000
 21.00000000000000
 21.00000000000000
 21.00000000000000
 21.00000000000000
 20.00000000000000
 19.00000000000000
 20.00000000000000
 20.00000000000000
 21.00000000000000
 21.00000000000000
 22.00000000000000
 22.00000000000000
 23.00000000000000
 23.00000000000000
 23.00000000000000
 25.00000000000000
 25.00000000000000
 24.00000000000000
 24.00000000000000
 22.00000000000000
 22.00000000000000
 20.00000000000000
 21.00000000000000
 23.00000000000000
 24.00000000000000
 25.00000000000000
 27.00000000000000
 24.00000000000000
 24.00000000000000
 21.00000000000000
 20.00000000000000
 20.00000000000000
 20.00000000000000
 19.00000000000000
 23.00000000000000
 23.00000000000000
