-1.21484944224208  0.04979703945942
-1.21484944224208  0.03636625298204
-1.23909884513081  0.05139202517285
-1.23909884513081  0.03413318997263
-1.23909884513081  0.03172788857924
-1.23302648254713  0.04524347047070
-1.24339556358149  0.03249687246162
-1.24718167610519  0.04940238981797
-1.24847192297417  0.03723146572828
-1.24847192297417  0.04143690651567
-1.24314012615993  0.03432849188035
-1.24314012615993  0.04099775381294
-1.26222121699015  0.04591205576140
-1.26133550644835  0.03693398413068
-1.27165382387606  0.04732612807708
-1.27165382387606  0.03550474491387
-1.27165382387606  0.04064998872122
-1.27165382387606  0.03878484823464
-1.27165382387606  0.04374846164473
-1.27520733060211  0.03651815368707
-1.27630126370966  0.05370918467035
-1.27171854612351  0.03799089450048
-1.27171854612351  0.03271758238977
-1.26312937095491  0.03393132980672
-1.28143285669778  0.04289358575219
-1.28143285669778  0.05521720462172
-1.28143285669778  0.06112014822889
-1.26099234323568  0.03668666741343
-1.28027420266544  0.03639640642602
-1.27385893900569  0.06389465419934
-1.27385893900569  0.05516919019298
-1.27385893900569  0.04737848452214
-1.28063321058844  0.05579328366962
-1.28514310662378  0.05574195165037
-1.28491501650614  0.04423483852895
-1.28491501650614  0.06619547192420
-1.28491501650614  0.06303717835268
-1.28491501650614  0.05852311200232
-1.29421051539517  0.06724012592235
-1.26556423326067  0.05793778357446
-1.28800408623659  0.05544682027565
-1.28050107884402  0.07557606479721
-1.27384326220680  0.04153248477831
-1.28553133683911  0.04181597692907
-1.27069263840274  0.04852431121942
-1.28958605154799  0.04410604767025
-1.26481827041610  0.04787796036818
-1.27668520422682  0.05508196383873
-1.27668520422682  0.05630742628866
