    34.28139587061610 -45876.99548791963025
    37.34919561378354 -45878.24065245641395
    36.49970747654809 -45876.45226051958161
    35.92102202216241 -45868.98457749506633
    27.50920463243453 -45869.66331957645889
    31.77808573054896 -45866.20489892391197
    32.47152265374280 -45868.12790241986659
    27.58987410493607 -45867.49324156544753
    35.05896352676434 -45867.15338708095805
    37.43916029463166 -45868.80299354915041
    31.32884020196474 -45870.07757128297089
    34.99763881847056 -45878.01944740395265
    39.11299941125449 -45877.86119025268999
    34.88321455785275 -45877.85924975584203
    31.82321204277432 -45874.02536960277212
    31.21907119301119 -45873.77257641494361
    33.51505701771426 -45874.70221995333850
    31.81186664757566 -45877.22965172443946
    32.16100550601093 -45874.63411336618447
    28.03688905257454 -45872.03414127609722
    36.85486296407413 -45875.73684608197800
    33.32473693348742 -45874.53430032970937
    36.92990158086268 -45880.16243621031754
    33.61085847375855 -45875.40336409860174
    38.37214879931952 -45875.94920111117244
    33.39877300025151 -45875.46245373097190
    39.41497858265186 -45875.63581298799545
    35.56161988208439 -45874.93103407902527
    32.82246966482181 -45875.83017237037711
    36.23069167841492 -45878.03880881681107
    39.48009262096907 -45876.02107382613758
    40.60438051787681 -45876.32949298583844
    38.11597478065389 -45879.51120638554858
    38.89845405225777 -45878.00803191096929
    36.38532701059359 -45884.71713451378309
    36.45838901917840 -45885.20455622046575
    37.53148364925534 -45884.86850510041404
    39.04041478307173 -45883.06113873633876
    40.10636364674936 -45884.53231784111995
    40.00288002022714 -45879.46461248399282
    33.65730463929449 -45879.83163138522650
    37.36524225457239 -45874.50876699521177
    34.78117885215143 -45878.34030778759188
    31.91583627198342 -45880.09662418695370
    31.66353693720017 -45878.09601368674339
    30.23009905926558 -45879.15137444080028
    29.97124827746221 -45879.13311717568286
    30.45883457575229 -45879.80587509247562
    27.40849764227858 -45882.42610258510103
    31.39772317488861 -45881.47020761932072
    28.96409530560612 -45884.48646438814467
    28.89389250843032 -45884.29341164521611
    30.94732909010742 -45886.26197543092712
    27.55777676618789 -45882.49532260935666
    29.10366508299455 -45881.93285478004691
    30.81778680735852 -45883.22813801401207
    31.39264602625588 -45881.26634563088010
    32.35495984809719 -45881.78334892982093
    33.77576590720397 -45884.72325802655541
    33.88159067407071 -45879.43830773238005
    29.96922232464934 -45877.11189768111944
    29.27003146458513 -45879.13925696452498
    29.99655519694211 -45881.98680636527570
    28.95196311061319 -45879.55670199696760
    29.12324272357136 -45879.54089553563244
    28.34992252493444 -45879.65208485233597
    27.54997947036643 -45877.28513501403359
    31.35733650427929 -45875.46632748132834
    28.12200566612945 -45876.18603440760489
    33.48994099232640 -45876.93530818644649
    33.98367564521583 -45877.89100685969606
    37.13634707309135 -45879.12260493352369
    39.23553231687600 -45878.19927068173274
    38.05758683679131 -45878.24867140585411
    34.93556990998162 -45880.37291000815458
    36.42938474901183 -45880.33967854798539
    39.53272374704274 -45876.53540687941859
    32.98386730676015 -45875.74693626824592
    35.18129188974812 -45875.93681727262447
    35.43936064667361 -45877.80352701246738
    34.12644944628975 -45878.11572293205973
    36.17558534914427 -45883.62479171483574
    40.03708799017499 -45881.13493839276634
    38.14494827314005 -45877.06546898371744
    34.29106153653247 -45877.95699216154753
    36.49533813827486 -45877.09986760750326
    40.68525898576449 -45884.30215394774859
    36.91535348224460 -45880.50908107512805
    35.96094940050076 -45880.94768280754215
    31.98765449192548 -45881.28562516056263
    34.09335251896441 -45881.55703586827440
    35.78377048651787 -45882.98347304831987
    31.09906982712064 -45880.13561851388658
    33.46233093292465 -45880.09664159245585
    33.29410803256719 -45881.03057851469930
    30.11384607915230 -45881.12484206517547
    29.75758149238810 -45881.35779001702031
    31.92638503561027 -45883.07107643363997
    30.25709752698592 -45885.16761253261939
    32.04200431599470 -45887.63029370545701
    31.80236648873141 -45887.47656877538247
    25.51391225718097 -45885.96630740004912
    25.58573783305244 -45884.57526828747359
    33.49909433043700 -45887.20467391014245
    36.35322076027572 -45881.85830283874384
    35.30328533529949 -45881.48938094190817
    35.67778137201746 -45884.46355034341832
    38.45294471682745 -45884.64096242631786
    36.16332582721908 -45881.27682637656835
    37.42250688173434 -45879.42823581374978
    35.50737935262274 -45879.23559302023205
    35.58124958162158 -45878.10466315883968
    35.86742392719969 -45875.29212607014051
    38.73188913271864 -45876.24495927114185
    35.05596417174744 -45876.06276228074421
    32.70917566450856 -45876.08760176475334
    36.91645990386873 -45877.29546938910062
    36.22029810840667 -45877.20923191970360
    32.61980929284688 -45877.66273057547369
    38.68986163402904 -45876.52863669380167
    37.06914836937674 -45877.99410557203373
    34.64356802576161 -45878.18714642022678
    34.63805461995691 -45879.26648902586021
    39.14198915341842 -45882.19483009178657
    40.19939318892995 -45881.56509005647968
    38.41709116116721 -45882.11455460730940
    39.25484964048881 -45882.08264391223929
    40.70829805626952 -45880.34904443343112
    39.10717828144998 -45883.48389778665296
    39.79551598092639 -45884.42426710043947
    40.07150359568799 -45885.63226633320301
    36.94775596863875 -45885.35940307639976
    37.36560864822273 -45885.74221547253546
    36.28230480390175 -45880.13343742785219
    38.05419632119234 -45879.52478539668664
    39.65097691027962 -45881.88741829447099
    41.85618259110434 -45882.12048663714086
    40.39254347252720 -45884.98935582986451
    40.02020972193112 -45881.78688297250483
    41.94587380908651 -45882.67848775564926
    42.51538261761536 -45880.78546122110856
    47.11663427216145 -45883.58626536117663
    41.86511267458253 -45886.50353668647585
    41.56287130052786 -45882.34707741996681
    44.51923915519657 -45881.98919504610967
    42.20326607979077 -45881.82213735979167
    46.74964458680684 -45879.39909874042496
    46.72334933549936 -45879.29632007140026
    45.26931996794885 -45878.18298603658332
    45.75607683400237 -45880.15842548129149
    47.13264396186619 -45879.56778072993620
    44.83296514114432 -45875.11819203000050
    45.46431848940792 -45876.21727507216565
    46.33853842911140 -45877.12131692683033
    41.30674119626884 -45879.23493057110318
    45.30649199530222 -45877.85978338192217
    43.84167002208522 -45877.58620120471460
    41.64354931845517 -45879.52523392926378
    40.14072908555848 -45877.71112713496404
    35.63394321328156 -45876.64512616910361
    43.65653879187990 -45875.31204608355620
    42.90791862526572 -45877.60303169375402
    41.20264545945177 -45875.35086624875839
    45.93153870164299 -45875.30521010988741
    45.64443204022492 -45877.95402240978001
    38.88865120985149 -45881.72631728361011
    39.68167246046210 -45878.89874702327506
    49.02584056359043 -45876.11244749616162
    42.52733734563412 -45873.41150463092345
    47.26450730137346 -45871.82247024656681
    43.97381597546480 -45871.19119769363897
    35.57885986998744 -45874.61675287288381
    38.66868532437900 -45869.48344181762513
    42.86671109936324 -45872.52217520787235
    41.27635605112816 -45872.39857158842642
    41.09314913290115 -45870.31772110149177
    37.52483307503348 -45868.24464226059354
    41.43300653468334 -45869.15374265897844
    39.49470414982486 -45869.31901131670747
    36.48825380002689 -45871.17160646701086
    39.55875877723822 -45868.39808378579619
    38.71693017562254 -45868.43820855936065
    33.88678919929940 -45873.16535422282323
    36.99851585358791 -45877.55841351387789
    35.12294704286695 -45877.86995580677467
    37.27017443774761 -45882.46235467100632
    42.82043778805382 -45885.41470689578273
    41.99216112330466 -45878.19118630708545
    35.24825534129204 -45878.41094087673991
    40.88525767418573 -45877.44053122346668
    36.42084707531181 -45877.13535000619595
    31.34417985321141 -45878.17978819859854
    35.02873429178111 -45878.93310717616259
    35.00725493367178 -45877.76202049334097
    37.86645803309512 -45882.85675032754807
    38.54785609246822 -45882.62031777470838
    33.99846905717469 -45884.57539397810615
    33.46878257165170 -45882.60668067514052
    36.91951574055390 -45879.82259116206114
    31.63070221188746 -45876.31459741865547
    36.50412376377552 -45879.20877150294109
    37.62280821506150 -45878.52237027335650
    38.92920101136005 -45879.49335149036779
    33.23456999023485 -45878.49002348124486
    38.87939661447304 -45878.33872487667395
    38.93977494894946 -45878.82416471355828
    34.93856267903689 -45877.63031898603367
    36.31912207583064 -45876.83726430505340
    37.12102376443531 -45877.77885691676056
    36.12102451802890 -45877.65947036113357
    35.72297337023010 -45878.80729245305702
    35.49054045829934 -45877.01033316934627
    35.75120353999011 -45876.38590997734718
    33.28398436591127 -45875.08195577640436
    38.18557002225776 -45875.23141349171055
    36.75123201793893 -45875.75636831588054
    34.97370543485452 -45879.29172054534138
    37.17331081417190 -45879.29172054534138
    39.20518313413864 -45874.28336211490387
    35.68107213611582 -45875.54331116483081
    39.00316520876707 -45877.65076847457385
    40.85051068316500 -45878.73442909793812
    38.58654141052944 -45876.78105267992214
    40.95627962945795 -45871.81872280600510
    36.04869938356656 -45868.86497669892560
    33.96214733556869 -45876.02498139237287
    33.61734344763022 -45869.29221667284583
    35.94385971724322 -45870.26638629182708
    35.68412270918149 -45870.76260437688325
    32.45466006040717 -45869.89354402701429
    37.22152138600055 -45868.64587445268990
    34.62147765050706 -45865.83560868949280
    39.01011909304258 -45868.08620044167765
    46.36818117543943 -45870.10458946691506
    39.85822323240349 -45869.98132628649910
    40.44207998145338 -45873.65853658589913
    37.52216001293680 -45872.35209994375327
    42.56664101168656 -45870.53416034470865
    44.42710843976427 -45871.23360742792283
    41.00050122968640 -45870.77980514047522
    42.68969669385348 -45869.33300928979588
    38.90580736488598 -45870.11026721545932
    41.20494089766227 -45870.63670836340316
    36.56636787457445 -45871.63276236086676
    39.12039263986387 -45871.44081440640730
    40.11344981531774 -45871.01541383181029
    41.23592452224720 -45871.44604034777149
    43.28914045108413 -45873.63663391215232
    37.65438580255618 -45871.82928608399379
    40.46993958091240 -45871.92090489260590
    36.40988107759294 -45869.38846500040381
    35.88976157929785 -45870.72738394702174
    38.85873499367096 -45870.17874418404244
    39.35727835972324 -45870.55240218295512
    41.49194221088030 -45870.56627534948348
    38.46604999654983 -45868.75809345862945
    37.60816170093835 -45870.96639682418754
    40.27807669766300 -45869.42609936840745
    42.48916673504044 -45867.49628172908706
    45.34113043140236 -45866.28960491497855
    40.07488825076499 -45869.25561000282323
    42.21517794552577 -45871.13793952883134
    48.32702964144809 -45871.44331603025057
    44.90730959698857 -45870.95825054619490
    45.04105489636515 -45871.86850773500919
    49.27020938950798 -45873.01639426219481
    46.28653454908905 -45873.03698598131450
    45.63804097253055 -45875.75110814157961
    44.38781281054886 -45872.14942008976504
    41.64484168427939 -45872.15787373249623
    45.23026776926623 -45869.27903920715471
    41.37912656033376 -45873.02850854704593
    43.14514583303112 -45872.29753708214412
    45.54726652713748 -45869.37681481673644
    43.03774617390321 -45873.37599012305145
    45.08733225972649 -45869.66465752766817
    40.57007775017406 -45870.73649167791882
    43.88488926561537 -45871.58391210388800
    43.78364417848061 -45871.30162624809600
    43.79374451545306 -45870.41310370336578
    45.07872670959003 -45872.90983757720096
    44.88024410176916 -45872.66581888229848
    46.99953174065943 -45876.07392268235708
    43.76066193631674 -45872.85330012240593
    47.21297194248862 -45875.55207845566474
    43.60848075959639 -45866.29969198807521
    50.35880225538606 -45865.36056767561968
    50.55346391557799 -45865.40048320037749
    46.76473062753297 -45866.38062424040254
    45.11213012985966 -45871.67613944733603
    45.77020784871578 -45871.97693171729043
    45.91051156363914 -45871.01343210795312
    39.67619297797648 -45867.53883659128041
    42.70242744475321 -45866.72029788248619
    50.12454347688889 -45864.15606947382912
    45.66292510024969 -45866.63618023036543
    47.44515354869046 -45866.79596568797569
    45.88635443327929 -45866.79727218949847
    45.51743115120949 -45866.85059462600475
    46.74162265661010 -45867.79020487442904
    45.96636727275826 -45866.80248777609813
    46.29010176901845 -45867.41282120638789
    45.28449774906306 -45868.91633621962683
    42.96963162123809 -45869.93132914799935
    45.90033757101993 -45868.72339385879604
    43.64500492488205 -45874.21187110638130
    46.39810276513882 -45877.04086581108277
    39.21884687345995 -45879.21497076468950
    43.95464016049525 -45878.40116150690301
    44.78045275566480 -45875.79261678853072
    43.53172967953230 -45878.59128828134999
    48.68167363234456 -45879.04295195933810
    45.15342310454852 -45879.50573950538092
    49.52843340101352 -45879.44136330347828
    45.69643648113825 -45875.14141514618677
    44.71526717691677 -45872.73650079368963
    48.57644419870980 -45874.11954166690703
    51.12990602374622 -45874.67240111430146
    47.03534985499834 -45877.66704073197616
    49.95548893446330 -45877.77388082440302
    48.16749305479909 -45877.39992420159251
    52.25172494362443 -45876.03543024556711
    52.68139016304644 -45878.16926802196394
    50.54157205840588 -45879.07085725168145
    51.60514785351366 -45876.13442429059069
    47.91984562656905 -45878.28256826841243
    49.35626085599266 -45882.65231483539537
    47.82285098716382 -45882.45821901795716
    49.67520528589969 -45879.30983181831834
    52.20209149890634 -45882.23494245509937
    47.31845301572112 -45882.44779770344758
    52.88091295728186 -45891.40089040442399
    48.96541475324359 -45892.03978893719614
    48.98983771095872 -45894.71659255545092
    46.40027343767867 -45890.47052140454616
    49.01578793603435 -45887.31041140580783
    45.73920617333966 -45888.29466048842005
    46.25111065079970 -45889.00333723043150
    50.24794163891229 -45887.12452694742387
    49.75007814355578 -45886.99792023577174
    47.73429403334036 -45888.20059280124406
    48.39674203997320 -45888.28428545518545
    42.25453210911413 -45888.82291719297064
    45.51780757700001 -45888.79583756178909
    43.87954907515575 -45890.41466099502577
    44.41821892621675 -45889.37483023523964
    45.57905696737792 -45895.22877615446487
    40.56118941485244 -45895.50408238348609
    45.69812761176465 -45898.25637451004877
    44.43734792034471 -45898.21435235237732
    44.40065138481027 -45893.51310113896761
    41.86402299263088 -45896.38817478965211
    40.41845001779457 -45894.98609225155815
    43.74559582544982 -45891.61227863571548
    39.24973492764875 -45893.86077717196895
    45.01567620907508 -45891.12080741082900
    41.75771015524442 -45892.05408941375208
    46.58668613540697 -45892.22024569361383
    47.87109053083672 -45891.92767274812650
    47.04959434392089 -45894.17492724437761
    42.84691019608703 -45898.28235557277367
    45.58617018848111 -45895.99780363184982
    47.83387126304513 -45890.61154782183439
    46.82436284071917 -45895.98029715410667
    48.92262946334132 -45891.86131178359938
    45.53799940903389 -45895.43263504012430
    50.14117352456701 -45894.89144489492173
    42.47624182532287 -45898.01152871338127
    51.02064505045956 -45894.52462597403792
    49.38406866229673 -45893.67718193965266
    47.61813085139295 -45892.50140061748971
    52.05396794500650 -45888.79153326147207
    47.62506320136961 -45888.31786319657840
    41.09594450990454 -45886.41688194999733
    54.98774091306664 -45887.17709199024102
    51.73654366526412 -45888.05181925606303
    52.11490622187323 -45889.01114522347780
    50.55367389892491 -45891.81042744776641
    55.27613415930546 -45891.82586143066146
    56.04149233792332 -45886.11630719609821
    54.72759904477292 -45885.11460034963238
    57.00328980599431 -45884.25230668763106
    56.07169870361884 -45884.69412537870085
    54.48004747426707 -45887.62717553436960
    52.04825124718608 -45887.30226339915680
    54.46872204775774 -45888.92876329104183
    58.05476573368328 -45888.58811442153819
    52.97747658840108 -45889.30785954925523
    54.40527981218455 -45893.26615430339007
    57.59888640990704 -45893.64374684548238
    57.47412610245618 -45895.77600865632121
    54.44566820399908 -45897.08608254398132
    60.38949743846077 -45894.86061353592959
    57.11514470389304 -45894.64512314382591
    57.49210073918962 -45894.45491127929563
    57.28040033958154 -45897.57931998934509
    57.58675628955553 -45894.32037509924703
    63.61426167191988 -45891.77285694756574
    61.64954542695018 -45891.16609539168712
    61.89835893333439 -45895.77269262445043
    56.40923555984145 -45893.75185729617078
    58.14393829177468 -45893.31354608629044
    56.66910463903447 -45901.34636909848632
    54.36931308816223 -45896.77665077298298
    52.54781847644374 -45899.95146093799849
    53.08215555913220 -45902.59431445336668
    50.29088884739144 -45900.88791146457515
    56.25260756813906 -45892.28825149712793
    55.26102524408081 -45891.96964047559595
    52.16493616096672 -45894.33422232399607
    53.60254993075321 -45892.94908580183255
    54.75467091692494 -45892.92533742498927
    49.61868524701278 -45891.90364332135505
    55.46481290530564 -45891.95311049859447
    56.41458314257115 -45891.11969709286495
    60.43162557098588 -45893.27812352267938
    57.58643876973025 -45889.84146959116333
    56.33497406133608 -45889.62754156177834
    55.25267360244247 -45889.43840299695148
    58.64026451696854 -45890.43457488519198
    60.29424626318433 -45893.77359159910702
    55.39340086887894 -45889.99387963725167
    56.68081379595841 -45889.72970166042069
    56.78805756552265 -45891.07870271950378
    58.69177314394121 -45891.37796251597319
    57.21743664024785 -45891.60880928199185
    49.77907186178549 -45888.81484874827584
    52.99276444927237 -45891.26339046515932
    57.27482659001770 -45886.00408593006432
    52.28861950487882 -45888.59663835693209
    58.42878387542414 -45886.33795923523576
    57.22658502358345 -45884.34898160357261
    49.00871610525476 -45888.79851467871049
    58.99185034294687 -45886.45551315298508
    58.86488163690168 -45889.52793507591559
    60.04963391644791 -45887.94935242024076
    59.05416251437527 -45890.38827825624321
    57.79243786300560 -45885.84791172136465
    50.63237407003821 -45886.36269111086585
    50.84273384683047 -45885.09925318515161
    56.81838664124623 -45882.69198885180958
    56.52727536944154 -45879.76529485535866
    53.20554888191430 -45880.21528456164378
    53.80193576208465 -45884.63460377652518
    55.34515551485458 -45882.55100474393839
    57.29319749812201 -45887.61272444148199
    56.63146732037300 -45885.48798072648788
    57.52882516902704 -45885.22221467844065
    53.47463716101264 -45883.54192858725582
    50.40637287464387 -45883.41486725195136
    52.56212121601691 -45882.28640054893913
    53.19941430639778 -45884.94226590936159
    52.24203894073360 -45885.53769877926970
    54.92746329642227 -45886.34937699575676
    53.21921066097733 -45889.81389816771116
    54.31944676353006 -45883.27019350040791
    49.98971792175643 -45885.27380996623833
    54.48469137687074 -45884.57280837358121
    53.33073342501532 -45882.65210043855041
    54.00332930658914 -45885.96448447520379
    54.88890311424652 -45887.66819378560467
    51.53323242606376 -45885.99813242170057
    54.63122109333061 -45890.00054007140716
    50.86344619697169 -45890.62539627295337
    50.95954343202616 -45887.68259076682443
    50.80322301931938 -45886.63205284895957
    50.32160176992367 -45888.93030360971170
    50.44208646860487 -45893.63033867084596
    48.30499069862481 -45891.41773957984697
    50.16387833102518 -45888.02430461031327
    50.03729038305131 -45888.41146604075766
    47.78750897891815 -45889.16364083387452
    45.93582311339169 -45888.77147853058705
    45.53122541248042 -45888.86179167933005
    48.42580621832830 -45886.06092835939489
    54.98296072362913 -45882.13783840194083
    50.41600157017339 -45887.31524324429483
    56.49350112824121 -45888.98512367480726
    55.13797597501669 -45884.35017415451875
    50.41562569032335 -45885.66009164499701
    46.01450883579525 -45884.28678265150666
    53.78175805856424 -45879.33136268886301
    54.71702420151924 -45879.75066460455855
    55.38765274361171 -45885.25041684097960
    53.02124995810993 -45885.99978504652972
    51.47637691197527 -45881.62581154820509
    53.96701138603319 -45882.38742699096474
    48.33464561927643 -45882.59311477681331
    52.92902366257068 -45880.02485387739580
    53.85099661922988 -45879.45526644154597
    51.71438129995322 -45881.87115323261241
    55.27246856741428 -45879.02938683282991
    53.61749901895578 -45874.67556878557662
    53.59213434584227 -45874.29899507399386
    55.38351387102291 -45876.62141898451227
    54.18482869953863 -45879.80810897131596
    54.76264658155409 -45876.16558996722597
    55.16103592015732 -45875.24955015269370
    53.92494685741617 -45873.56524553288909
    56.16895311976761 -45872.86664802253654
    51.83945821416977 -45873.73844877550437
    53.25313599691020 -45871.44077351014857
    56.70424396970401 -45873.27219322531892
    56.30210940492522 -45874.66932781198557
    57.46142690307794 -45872.98701669892034
    56.61793593739562 -45874.46339713276393
    50.70858995123407 -45880.25303964169871
    54.83529443180135 -45880.04830303078052
    57.74982343891186 -45880.88416071290703
    56.08563015250590 -45878.10471289107954
    54.75150373015561 -45876.25170299320598
    56.88507845860568 -45880.88592985652213
    53.28581095711355 -45883.55621824339323
    58.11852495301581 -45880.48010936145147
    54.69073378194223 -45881.38181431798148
    51.73569544791149 -45880.02480885515251
    51.91812644356183 -45884.83105787794921
    57.77814385308169 -45885.14738550114998
    56.12197665294202 -45881.48368417430174
    51.08897114297821 -45882.32072136637726
    56.85048486516047 -45880.31101093374309
    55.83550779409714 -45877.64702393707557
    58.15341471893165 -45880.26009878576588
    51.87289887447719 -45879.69425229029730
    53.03031830294667 -45880.33150108781410
    49.67085450252446 -45875.12362226955884
    47.41768731134891 -45876.43392326383037
    43.42314065233342 -45875.56658273393987
    51.38885377108598 -45873.06719278231321
    51.86348995267339 -45871.65420641450328
    48.67743159969350 -45873.09619003924308
    49.39517946649693 -45872.89790038169303
    48.42746352786800 -45875.80699690044275
    47.49282138113720 -45877.40604794277897
    52.10249805666697 -45877.13455568296922
    50.66572597176108 -45884.37577051988046
    52.08852786632045 -45882.19978317004279
    42.78777973603090 -45884.62850099545176
    50.22747726668042 -45885.94322803503019
    47.86457877417946 -45886.06803863677487
    54.21225238583526 -45884.83665025707887
    49.28654017929322 -45885.37858126786887
    52.44443910824972 -45885.06312217169761
    53.83947481841785 -45885.76444006973179
    55.39492944632108 -45887.00851765660627
    49.75520826010986 -45886.71006587434385
    54.05801732758646 -45886.85339943964209
    50.57709939333456 -45891.60745298813708
    54.72307998538019 -45891.93745101294189
    56.57675620129053 -45893.34406959395710
    51.59788951598915 -45893.78222049205215
    59.70999616350496 -45891.92127252218052
    60.49854517878681 -45885.57176553024328
    58.50773824405259 -45885.14462977029325
    58.54602078841367 -45885.81494173726969
    59.21849318188590 -45886.07877156347240
    58.91485719729334 -45891.53655463909672
    55.02701726878524 -45886.52984149308759
    58.30507311331777 -45889.52753516409575
    51.78043864506599 -45889.98000055381272
    53.09142435321120 -45886.42398806022538
    50.28269439920862 -45886.30166836763965
    53.05013570694812 -45886.18569845516322
    54.39320823508832 -45882.51881187109393
    57.84686472617449 -45882.89026798029226
    55.99251207090506 -45877.81508001053589
    49.80092285703795 -45875.90782771931845
    54.88990658042880 -45876.29578341847809
    50.35429739094753 -45880.57978752901545
    51.18912255448897 -45880.89335784166178
    53.96348694260715 -45885.00662676816864
    53.64284491888655 -45883.00357244741463
    57.58361640532878 -45879.72029725486209
    57.64905776823034 -45880.62122627511417
    55.71293731261082 -45884.10371738221875
    58.04515122974864 -45884.99614082011249
    50.35835027949063 -45888.54102937836433
    51.13249712287763 -45891.53887600096641
    63.37999764325924 -45890.17039728962845
    58.70919667482746 -45886.23746447959275
    57.20749639512142 -45885.88259492676298
    57.72092310196171 -45886.02691000377672
    61.17646505156623 -45888.77399023992621
    56.31931328273615 -45889.24235629348550
    62.79526098389447 -45889.24578294808452
    61.76222268991980 -45890.52823494597396
    60.11305422691368 -45891.81273306904768
    54.02876958465824 -45881.65901599543577
    55.19111550698325 -45881.20104611494753
    53.05973362288729 -45880.36697019915300
    56.66395529648444 -45883.36082474271825
    53.96914114757331 -45879.71551656467636
    54.06773585139570 -45877.56073299291893
    56.40487155589637 -45877.17859215039789
    58.49630258278544 -45880.43939551308722
    51.28820584927235 -45884.15480433120683
    53.22443838557633 -45888.70963822972408
    50.91067176350687 -45888.79289448719646
    49.44470034083743 -45890.09862322321715
    53.36120495215159 -45888.13246576441452
    50.32493893611070 -45887.77470313147933
    53.13847028313240 -45889.65133424429223
    52.58769533224604 -45888.18956230293406
    51.59426038021166 -45890.24271770268388
    50.83917684424851 -45891.90761022598599
    53.17837335565267 -45892.26140179479262
    50.34662878668313 -45891.95684951253497
    51.23293796900291 -45885.70047350289678
    53.63168445636829 -45882.36325546218723
    52.02963247737148 -45882.25263196601736
    49.65850792102306 -45889.50029814647860
    53.62541249438802 -45885.80240411421983
    52.98690655194018 -45884.08532571001706
    53.13685242133963 -45885.84224083391746
    50.83003430746822 -45885.34938573630643
    44.09829272511996 -45881.49974999440019
    44.76599450938263 -45879.59846797284263
    57.40303308685171 -45877.31606550631841
    53.16813990346970 -45875.03383680320985
    51.66843490565033 -45878.57888954193186
    47.40262131041315 -45882.64577667219419
    45.11864634848733 -45879.49571021734300
    50.44861686447765 -45882.43242974476743
    45.86749352532076 -45880.76141069105506
    48.33654695137193 -45882.98405298707803
    47.39908493833367 -45880.21359143156587
    46.78424075978045 -45878.55627929110778
    48.11937562388709 -45880.65699616436905
    50.42231998447651 -45880.96497984063171
    50.15407969708652 -45886.53767646400229
    51.69516048354592 -45882.64332599010231
    49.25375103464317 -45884.65892541486392
    46.69373229216068 -45885.53947127228457
    44.73631833901314 -45885.97000255066087
    48.38881672876253 -45885.12545334750030
    47.66181188043718 -45888.53986645146506
    49.63047438166398 -45885.62038779880095
    48.35498823576646 -45886.81438462162623
    50.84595718538895 -45888.85244964330923
    53.35810268494333 -45886.95798920416564
    50.24454702261862 -45890.28892528678989
    51.65666016156302 -45889.07209103762580
    54.87623261638296 -45892.86694826169696
    51.97089395985343 -45892.99077430163743
    52.27902953586610 -45891.24167861151363
    54.99717131968201 -45893.93248003768531
    54.45858605938960 -45902.33652667681599
    54.38608978682905 -45897.85598557472258
    54.48383753373412 -45893.24043917422387
    57.18754372926651 -45900.65923930473946
    55.40322172794404 -45897.80001529964647
    56.89725125329331 -45904.61010321877257
    50.95720178050829 -45902.93009826610069
    55.83942705433354 -45900.93319628264726
    56.55085253096766 -45900.64261715523753
    58.59121822493879 -45899.31290632724267
    57.62192828960425 -45896.89027318626177
    54.38128133019266 -45895.69918986195989
    60.21949661916572 -45889.99158879491733
    59.63968241133252 -45885.41720786648511
    60.75871329523621 -45887.99808419683541
    55.10225150206153 -45891.60729130094114
    57.24867062407710 -45889.99463760580693
    60.68621797888567 -45885.79759455096791
    61.89544337944179 -45888.91783815620147
    57.57324555776371 -45888.24706634961331
    56.11237757634012 -45887.02739376250247
    51.85774644329443 -45888.26287563269580
    54.80944438288761 -45885.51472023441602
    51.84619148294235 -45883.05776626129955
    51.97954929652855 -45885.68034804705530
    48.01507251101807 -45888.22181942444877
    51.86544880076430 -45890.45165493379318
    50.49575214318568 -45888.57621628389461
    52.53214790419667 -45889.11373353080853
    50.31022619797769 -45891.09401595691452
    49.73236285686869 -45889.85986809219321
    54.78012539461366 -45889.85236660403461
    50.41662917368097 -45891.56801939565776
    56.71791952992454 -45889.14345890723780
    53.79212727227844 -45889.02423759330850
    52.82116757613832 -45886.37066475981555
    51.48387111286952 -45886.82398424766870
    56.78142472270300 -45887.40747035128879
    56.96294972799968 -45886.80759146314813
    50.39402660333747 -45886.00616561111383
    47.06898899327322 -45892.42730873223627
    54.95267084832377 -45889.38536440954340
    50.69572630382311 -45890.11079505518865
    50.16228704944418 -45888.43234166166076
    48.33607596956814 -45889.04141470485774
    49.19959045284064 -45887.60239482542238
    53.08680750058609 -45889.42259104250843
    58.97616520228116 -45885.94043875521311
    54.07570080954633 -45885.63682862565474
    52.21657119174562 -45886.58400346153212
    59.83199080417683 -45891.21443231869489
    58.20662439017933 -45890.76633298030356
    57.78819995564017 -45887.87701723633654
    56.58034850829294 -45885.92671453896037
    50.82512893444970 -45888.55071484038490
    56.50344531272421 -45891.60503951463761
    55.50556183903566 -45893.47392577366554
    58.22952079914052 -45893.23216915340163
    54.47072147006763 -45893.63440808907035
    58.32811190734228 -45887.35814291056158
    55.37475502750279 -45887.79705904408183
    55.48048846123929 -45887.30834443552158
    50.81340889106100 -45890.51411163361627
    53.77513500561286 -45889.24890079005854
    53.76650987600931 -45888.31020938233996
    54.52442069125145 -45887.17112455554889
    54.32538899642750 -45888.67974682471686
    49.34396152046142 -45886.67867596516589
    51.27213014321384 -45884.54389955277293
    46.14772669087206 -45882.35672257397528
    47.96486790897769 -45883.12921936088969
    46.88816314753412 -45885.59960493747349
    52.20802125833536 -45884.95865804909408
    45.63262047667962 -45887.09552398743836
    52.79733903493700 -45891.38222023893468
    56.40426432067715 -45890.76044284130330
    50.18815616162267 -45886.31878505092027
    51.17013299209315 -45883.82916795737401
    51.62047200967206 -45887.68789997148997
    54.93994968625138 -45887.11271202506759
    55.01053520901333 -45891.02949101570994
    52.06656243178965 -45893.00033291247382
    57.35747406333508 -45889.04391684525035
    56.09864953410339 -45890.53443039626291
    45.86666093613680 -45888.18201235917513
    47.77323123853871 -45891.20723050925881
    52.57713196966800 -45891.65835853708995
    53.38715096576337 -45893.52792032949219
    53.16445598555915 -45892.42496404713893
    50.33046198017877 -45892.70544526907179
    54.96303896140343 -45886.32547335549316
    52.79569496927138 -45883.60360527646117
    53.51703948888946 -45884.01969346587430
    56.36124306640240 -45880.97884307309141
    54.66686582588025 -45880.20425708409311
    57.29420992863080 -45879.72947489021317
    56.80688936173501 -45883.55608796723391
    55.05915352371300 -45881.96615321020363
    56.34878046742278 -45886.90349366381270
    54.49424316030474 -45882.58430513444910
    50.20175619057110 -45882.74692081945250
    53.88789394602449 -45882.04579761758941
    52.81894190860366 -45879.23099892842583
    55.25922354381348 -45879.19812135770189
    56.12807025088099 -45876.25092257449433
    53.44721202726096 -45881.65789452561876
    49.22093459224910 -45876.17787119228160
    48.44776023311058 -45876.70097562589945
    53.18540592141846 -45878.51964266267169
    55.35765648966136 -45879.77668783468835
    55.40303746583891 -45877.15016259032564
    56.25893742678374 -45878.39876079399255
    53.84698291916581 -45878.69890033490810
    56.00284244509671 -45887.08160474111355
    54.11449269762558 -45888.33468667260604
    56.32568813050910 -45887.99640303076012
    57.32995077102068 -45889.20334057483706
    53.82546714806929 -45889.58871768313838
    60.01221463672131 -45889.55929589578591
    60.13169767528112 -45890.12170639669785
    54.74628252872382 -45887.03270536470518
    54.48821545955687 -45892.65714737001690
    55.43278983683603 -45895.79141991021606
    55.65799527459260 -45893.68776598336990
    56.36703098806399 -45892.68994118565024
    50.33769095724779 -45901.83399592548085
    47.79947031764603 -45895.53500256381085
    50.07311820512716 -45892.01210053616524
    52.30017644791125 -45891.24546984721383
    48.68039646384778 -45888.95301319858845
    48.98363127026021 -45891.76949384808540
    54.12389359273716 -45890.05689700628864
    49.03297063467910 -45887.99653041511192
    47.98704957610975 -45885.80734380381909
    49.69104249801644 -45890.22916664573131
    49.90963652556315 -45891.42232819095807
    47.52334301883635 -45888.47423642200010
    55.16907344267057 -45890.36967957079469
    53.84486030295248 -45894.78709065548173
    53.83091497525431 -45888.61262591604464
    55.48658706302416 -45887.47811159813864
    58.46342382617414 -45884.92868510002882
    61.10744757798877 -45885.24720245419303
    53.10389077091865 -45884.64559407332126
    53.71701057631078 -45881.89604115579277
    58.28496914610226 -45886.66047043788421
    57.93202315926213 -45885.92274796558922
    58.78986153702616 -45885.19804559190379
    52.13320540307490 -45883.54154498709977
    60.20410719286721 -45884.52226770940615
    59.06971006910469 -45886.68790169971180
    60.22938120600723 -45884.06100974816945
    54.17133535864050 -45886.03852538569481
    55.45269504393320 -45887.25926848065137
    55.20934692095023 -45882.37533502969745
    57.10000365177374 -45880.98004203588789
    58.21351428589080 -45880.65074216458015
    57.14898031629950 -45877.74383449117886
    55.52419670676663 -45878.59676033650612
    55.35983365020045 -45876.53158154846460
    56.12909294218987 -45875.16352509932040
    53.70287794269428 -45877.87219736862608
    52.18641889132928 -45876.63770868769643
    55.88675872050568 -45880.39557988741581
    54.13069509881256 -45879.91050203160557
    53.29130966834488 -45877.33103843769641
    55.71537812065055 -45880.97245485448366
    59.36311733617784 -45875.73971552538569
    57.67551321740035 -45878.36363042105950
    57.23552377095535 -45874.85362817723217
    56.72407783502355 -45874.62734156559600
    59.73500437363406 -45873.71330822521850
    60.49641847932347 -45877.94379186965671
    58.01898068675469 -45876.73651307496038
    61.23542955974678 -45876.51112051402015
    56.68480361734169 -45874.46803601289866
    56.36752665607001 -45877.78571161966829
    61.01990583035612 -45880.00241538288537
    62.70215955568493 -45874.43526268840651
    56.58259366268817 -45869.68232667310076
    59.02473498600192 -45873.68701234168111
    55.94460829168425 -45874.30700000157231
    57.46818449907309 -45876.42006375629717
    55.88858980128158 -45878.46795877919794
    55.49311049312949 -45875.77047784520983
    58.58534504867558 -45873.23899782703666
    52.92533708837438 -45875.88387187819899
    53.03787623819302 -45875.36631031685829
    54.64842282141326 -45872.88760259938135
    53.87060799584224 -45875.72124303186865
    50.04201492110997 -45878.84686884680559
    47.72226581840233 -45878.69475837200298
    45.70264695769983 -45879.31814032188413
    45.35156377400758 -45879.87701434350311
    51.94651441405656 -45877.23083970920561
    50.00554554881178 -45877.58994610780064
    44.45065915564285 -45876.18701646493719
    45.38957878583425 -45871.23221126510907
    49.63809204616543 -45870.27751200173225
    49.23180800488891 -45869.01526848797221
    48.50372763822376 -45873.12144800099486
    40.05761108903117 -45871.41155523479392
    42.33627909867876 -45874.28851515566930
    48.13447013158492 -45875.78310771434917
    43.92724790882384 -45871.28597830628132
    47.11870551834294 -45871.13603675230115
    46.47681582320800 -45874.52311259938870
    45.26172697476174 -45873.97945589567098
    46.25926600617216 -45876.27553442592034
    42.08993977803237 -45874.88657325378881
    48.76012597734653 -45874.55855411894299
    48.53273161822717 -45871.47590553016198
    49.11613339115305 -45872.67012214232091
    45.03511030706618 -45869.46768239146331
    48.80116487359840 -45870.52679301135504
    52.25392617516419 -45871.97771597748942
    50.49308129438807 -45870.54091117256758
    57.61153740964948 -45873.18860280815716
    54.64042133147825 -45870.79472740823985
    50.65820464810048 -45870.49079762620386
    50.82176297886158 -45872.00274239620921
    47.76319433707187 -45873.89641657935135
    52.56537498969944 -45873.38212959294469
    50.96760027788991 -45875.59890121137869
    55.43896165000589 -45874.70723434571846
    51.51376495053407 -45874.25693604417029
    53.58294974890178 -45875.46533029749116
    54.35242005820457 -45874.27322657367768
    52.30005094701502 -45875.55166862141050
    52.80112218541340 -45874.93124128859927
    56.06292199416966 -45875.66173130962852
    47.11723905734284 -45875.75315854898508
    50.39880057954314 -45874.06849927564326
    54.15213479294315 -45876.91423114197096
    53.78275359867935 -45877.82899022979836
    50.52981295143052 -45874.59590091987775
    57.35983344380770 -45872.55727234847291
    41.69741104568612 -45875.39034576087579
    49.40226662740232 -45874.02603233842092
    49.99705340015757 -45880.40445279127016
    48.89956494693075 -45877.28867238469684
    47.61468319800611 -45878.85501991243655
    48.77831166337858 -45874.52173130763549
    49.62895219262606 -45873.94100029721449
    48.15471592105280 -45874.16882073463785
    51.21504414257988 -45877.18550438193779
    47.14072585074326 -45877.74982613141765
    51.31226398901526 -45875.65065122093802
    51.51069467538117 -45875.84455695975339
    52.90575044458020 -45878.74907737324247
    54.54251357218801 -45882.35756938029954
    55.55387560949349 -45885.23404858921276
    55.13724407567047 -45883.19250437150913
    51.61043305455679 -45878.68681389882113
    46.61402774152161 -45877.68567411623371
    53.63450433473699 -45877.95812434462277
    42.89578016675566 -45879.33449102921440
    58.30727568704913 -45879.28223397107649
    54.23900478095999 -45882.51911746834958
    53.86419311174858 -45881.08461668594100
    52.49711302207919 -45880.77908152329474
    52.53227123954745 -45880.98071108107251
    49.65556914315717 -45877.89276937750401
    50.97179085017379 -45877.23526232043514
    48.71283166308539 -45880.22876156282291
    45.11705547793203 -45881.64607914495718
    46.92991156142492 -45877.65506505568192
    50.86556907178754 -45878.59154582630435
    50.43321202860388 -45877.22275951660413
    48.92418824157262 -45875.99360133289883
    46.89783893303497 -45874.00830501037854
    49.31773303061379 -45872.26626796169148
    50.69335776624487 -45869.86938992135401
    49.46264504194538 -45870.83392578955682
    46.46082932860497 -45872.48554824916937
    47.17358492329731 -45872.47900774973095
    42.72845725342723 -45873.85039030789630
    51.79409118123121 -45868.12075759816071
    47.34889316694137 -45867.91971528976137
    48.82818634394035 -45867.34058632430242
    50.73724990267118 -45870.22194113670412
    49.19067970508227 -45869.10932751654036
    49.97947598129411 -45869.24693896713143
    46.95317907741746 -45870.98964720947697
    54.26920848567671 -45869.74571092865517
    52.52096936105505 -45874.72597321974899
    52.94745748101938 -45873.30057964706066
    51.19610790294254 -45870.51258749354020
    51.84290171128856 -45874.29761218613567
    48.08328703645849 -45874.48516116474639
    54.67491703755449 -45872.98672135502420
    52.04644715508475 -45877.31632011350302
    56.31972166787139 -45873.72456971512293
    58.44770895152160 -45874.81611158468149
    54.43871545730359 -45875.18248009079252
    51.83764708270979 -45874.96744163354742
    50.98010349166897 -45873.18738867642969
    50.74442213610713 -45875.65511081777368
    45.77096019042420 -45875.00863082650176
    49.95475588679918 -45874.10949530723883
    48.17721825006065 -45873.94464399573917
    49.05072114108739 -45878.20827920198644
    50.14590700695756 -45879.32114003913739
    53.49521225522767 -45877.45726536578877
    52.65996558235517 -45876.43445277486899
    54.89917621180935 -45874.63105731800897
    51.81792101922189 -45869.98569861891156
    58.14640654837478 -45872.28851796284289
    63.63567754405755 -45872.76288651489449
    62.37133569612844 -45872.49857664814772
    54.33149952405631 -45868.24835405692284
    56.46077423095350 -45869.16204287400615
    53.49197468209876 -45867.44920785165596
    56.32032573439169 -45870.51463967906602
    57.41268015003091 -45869.08769235735235
    54.96986096101447 -45867.71396439855016
    59.26208288532019 -45873.15764227169711
    56.09683020833931 -45869.98033532141562
    54.86085175984444 -45874.31437919243763
    56.73944655937090 -45876.66428764504963
    51.22859588439031 -45874.82803632271680
    55.03399547049715 -45874.73634466272051
    56.24101094329671 -45872.50287403937546
    48.02627650800143 -45871.41794609820499
    55.79019513330564 -45871.98504686044907
    53.98631520590098 -45870.08481512730214
    53.62471077774092 -45872.02377439105476
    57.27134028267497 -45870.57951505032543
    54.22769430937179 -45869.67187573064439
    51.36836907598752 -45871.15427518032084
    55.25964237927532 -45869.39424812638026
    51.66087900891993 -45869.49148785875150
    48.38771604867925 -45868.05082930670324
    51.84081839345185 -45869.42180972117785
    55.33330034670422 -45872.37679452115844
    51.49868181746960 -45870.67149244179018
    44.99628822698421 -45869.41265482494055
    47.76608036872434 -45873.82347851042869
    54.28804812532685 -45871.89988021766476
    53.45803636132751 -45873.71005872643582
    55.13468283223649 -45877.09751197900914
    51.83581378309822 -45875.08744198643399
    55.74666733453677 -45873.48599028045282
    53.32239205460318 -45876.60304578370415
