 99.00000000000000
 98.00000000000000
 98.00000000000000
 98.00000000000000
 99.00000000000000
 99.00000000000000
 99.00000000000000
 99.00000000000000
 99.00000000000000
 99.00000000000000
 98.00000000000000
 97.00000000000000
 96.00000000000000
 96.00000000000000
 97.00000000000000
 98.00000000000000
 98.00000000000000
 98.00000000000000
 97.00000000000000
 96.00000000000000
 97.00000000000000
 96.00000000000000
 95.00000000000000
 96.00000000000000
 97.00000000000000
 97.00000000000000
 96.00000000000000
 96.00000000000000
 98.00000000000000
 99.00000000000000
101.00000000000000
100.00000000000000
100.00000000000000
101.00000000000000
100.00000000000000
100.00000000000000
101.00000000000000
101.00000000000000
102.00000000000000
105.00000000000000
107.00000000000000
106.00000000000000
106.00000000000000
106.00000000000000
105.00000000000000
104.00000000000000
104.00000000000000
103.00000000000000
103.00000000000000
101.00000000000000
102.00000000000000
102.00000000000000
100.00000000000000
100.00000000000000
 99.00000000000000
 99.00000000000000
 97.00000000000000
 97.00000000000000
 97.00000000000000
 97.00000000000000
 96.00000000000000
 96.00000000000000
 96.00000000000000
 96.00000000000000
 95.00000000000000
 95.00000000000000
 95.00000000000000
 95.00000000000000
 95.00000000000000
 95.00000000000000
 95.00000000000000
 95.00000000000000
 94.00000000000000
 95.00000000000000
 96.00000000000000
 99.00000000000000
 95.00000000000000
 95.00000000000000
 94.00000000000000
 94.00000000000000
 94.00000000000000
 95.00000000000000
 95.00000000000000
 95.00000000000000
 95.00000000000000
 92.00000000000000
 92.00000000000000
 91.00000000000000
 90.00000000000000
 90.00000000000000
 91.00000000000000
 92.00000000000000
 92.00000000000000
 92.00000000000000
 92.00000000000000
 92.00000000000000
 92.00000000000000
 91.00000000000000
 90.00000000000000
 91.00000000000000
 90.00000000000000
 90.00000000000000
 90.00000000000000
 89.00000000000000
 89.00000000000000
 89.00000000000000
 90.00000000000000
 90.00000000000000
 90.00000000000000
 91.00000000000000
 90.00000000000000
 90.00000000000000
 90.00000000000000
 89.00000000000000
 90.00000000000000
 89.00000000000000
 89.00000000000000
 90.00000000000000
 89.00000000000000
 90.00000000000000
 90.00000000000000
 90.00000000000000
 89.00000000000000
 90.00000000000000
 89.00000000000000
 88.00000000000000
 88.00000000000000
 90.00000000000000
 91.00000000000000
 90.00000000000000
 91.00000000000000
 88.00000000000000
 88.00000000000000
 89.00000000000000
 88.00000000000000
 88.00000000000000
 89.00000000000000
 88.00000000000000
 88.00000000000000
 87.00000000000000
 87.00000000000000
 87.00000000000000
 87.00000000000000
 87.00000000000000
 88.00000000000000
 87.00000000000000
 86.00000000000000
 87.00000000000000
 87.00000000000000
 87.00000000000000
 87.00000000000000
 87.00000000000000
 85.00000000000000
 85.00000000000000
 85.00000000000000
 85.00000000000000
 85.00000000000000
 83.00000000000000
 83.00000000000000
 83.00000000000000
 82.00000000000000
 82.00000000000000
 82.00000000000000
 82.00000000000000
 81.00000000000000
 81.00000000000000
 81.00000000000000
 81.00000000000000
 81.00000000000000
 81.00000000000000
 81.00000000000000
 81.00000000000000
 79.00000000000000
 81.00000000000000
 81.00000000000000
 80.00000000000000
 79.00000000000000
 80.00000000000000
 80.00000000000000
 80.00000000000000
 80.00000000000000
 82.00000000000000
 82.00000000000000
 81.00000000000000
 81.00000000000000
 81.00000000000000
 81.00000000000000
 81.00000000000000
 83.00000000000000
 81.00000000000000
 82.00000000000000
 81.00000000000000
 82.00000000000000
 81.00000000000000
 81.00000000000000
 82.00000000000000
 83.00000000000000
 82.00000000000000
 81.00000000000000
 81.00000000000000
 84.00000000000000
 84.00000000000000
 84.00000000000000
 84.00000000000000
 84.00000000000000
 84.00000000000000
 84.00000000000000
 85.00000000000000
 85.00000000000000
 85.00000000000000
 85.00000000000000
 86.00000000000000
 86.00000000000000
 86.00000000000000
 87.00000000000000
 87.00000000000000
 87.00000000000000
 87.00000000000000
 87.00000000000000
 88.00000000000000
 87.00000000000000
 88.00000000000000
 86.00000000000000
 86.00000000000000
 87.00000000000000
 86.00000000000000
 85.00000000000000
 85.00000000000000
 87.00000000000000
 88.00000000000000
 88.00000000000000
 89.00000000000000
 90.00000000000000
 91.00000000000000
 92.00000000000000
 95.00000000000000
 94.00000000000000
 93.00000000000000
 95.00000000000000
 93.00000000000000
 92.00000000000000
 92.00000000000000
 93.00000000000000
 93.00000000000000
 92.00000000000000
 93.00000000000000
 93.00000000000000
 92.00000000000000
 92.00000000000000
 92.00000000000000
 91.00000000000000
 91.00000000000000
 92.00000000000000
 94.00000000000000
 94.00000000000000
 92.00000000000000
 92.00000000000000
 93.00000000000000
 93.00000000000000
 92.00000000000000
 92.00000000000000
 92.00000000000000
 92.00000000000000
 94.00000000000000
 94.00000000000000
 96.00000000000000
 96.00000000000000
 96.00000000000000
 95.00000000000000
 95.00000000000000
 96.00000000000000
 95.00000000000000
 95.00000000000000
 94.00000000000000
 95.00000000000000
 95.00000000000000
 96.00000000000000
 95.00000000000000
 94.00000000000000
 94.00000000000000
 94.00000000000000
 94.00000000000000
 94.00000000000000
 94.00000000000000
 94.00000000000000
 95.00000000000000
 95.00000000000000
 95.00000000000000
 96.00000000000000
 97.00000000000000
 98.00000000000000
 98.00000000000000
 98.00000000000000
 99.00000000000000
 99.00000000000000
100.00000000000000
100.00000000000000
100.00000000000000
101.00000000000000
101.00000000000000
103.00000000000000
103.00000000000000
103.00000000000000
102.00000000000000
103.00000000000000
104.00000000000000
103.00000000000000
102.00000000000000
103.00000000000000
103.00000000000000
103.00000000000000
102.00000000000000
103.00000000000000
103.00000000000000
103.00000000000000
102.00000000000000
104.00000000000000
104.00000000000000
105.00000000000000
104.00000000000000
104.00000000000000
103.00000000000000
102.00000000000000
102.00000000000000
101.00000000000000
102.00000000000000
102.00000000000000
102.00000000000000
101.00000000000000
100.00000000000000
 99.00000000000000
 99.00000000000000
 99.00000000000000
 98.00000000000000
 97.00000000000000
 95.00000000000000
 95.00000000000000
 93.00000000000000
 93.00000000000000
 93.00000000000000
 93.00000000000000
 93.00000000000000
 93.00000000000000
 95.00000000000000
 95.00000000000000
 95.00000000000000
 93.00000000000000
 93.00000000000000
 93.00000000000000
 94.00000000000000
 95.00000000000000
 94.00000000000000
 94.00000000000000
 95.00000000000000
 95.00000000000000
 95.00000000000000
 94.00000000000000
 94.00000000000000
 95.00000000000000
 94.00000000000000
 94.00000000000000
 93.00000000000000
 94.00000000000000
 92.00000000000000
 93.00000000000000
 93.00000000000000
 94.00000000000000
 94.00000000000000
 94.00000000000000
 94.00000000000000
 94.00000000000000
 94.00000000000000
 94.00000000000000
 94.00000000000000
 93.00000000000000
 92.00000000000000
 93.00000000000000
 93.00000000000000
 93.00000000000000
 92.00000000000000
 91.00000000000000
 90.00000000000000
 88.00000000000000
 88.00000000000000
 88.00000000000000
 91.00000000000000
 91.00000000000000
 92.00000000000000
 92.00000000000000
 91.00000000000000
 92.00000000000000
 92.00000000000000
 91.00000000000000
 91.00000000000000
 92.00000000000000
 92.00000000000000
 92.00000000000000
 92.00000000000000
 92.00000000000000
 92.00000000000000
 92.00000000000000
 93.00000000000000
 94.00000000000000
 95.00000000000000
 94.00000000000000
 93.00000000000000
 94.00000000000000
 94.00000000000000
 93.00000000000000
 93.00000000000000
 94.00000000000000
 96.00000000000000
 96.00000000000000
 95.00000000000000
 95.00000000000000
 94.00000000000000
 93.00000000000000
 92.00000000000000
 93.00000000000000
 93.00000000000000
 94.00000000000000
 94.00000000000000
 94.00000000000000
 91.00000000000000
 91.00000000000000
 90.00000000000000
 91.00000000000000
 92.00000000000000
 93.00000000000000
 94.00000000000000
 94.00000000000000
 93.00000000000000
 91.00000000000000
 90.00000000000000
 90.00000000000000
 90.00000000000000
 91.00000000000000
 91.00000000000000
 91.00000000000000
 91.00000000000000
 91.00000000000000
 92.00000000000000
 92.00000000000000
 93.00000000000000
 92.00000000000000
 90.00000000000000
 90.00000000000000
 91.00000000000000
 91.00000000000000
 90.00000000000000
 90.00000000000000
 90.00000000000000
 90.00000000000000
 90.00000000000000
 91.00000000000000
 91.00000000000000
 91.00000000000000
 92.00000000000000
 93.00000000000000
 94.00000000000000
 95.00000000000000
 94.00000000000000
 94.00000000000000
 94.00000000000000
 96.00000000000000
 96.00000000000000
 96.00000000000000
 94.00000000000000
 94.00000000000000
 95.00000000000000
 93.00000000000000
 93.00000000000000
 93.00000000000000
 93.00000000000000
 93.00000000000000
 93.00000000000000
 93.00000000000000
 94.00000000000000
 95.00000000000000
 94.00000000000000
 94.00000000000000
 96.00000000000000
 95.00000000000000
 95.00000000000000
 95.00000000000000
 95.00000000000000
 95.00000000000000
 95.00000000000000
 95.00000000000000
 96.00000000000000
 96.00000000000000
 95.00000000000000
 94.00000000000000
 91.00000000000000
 90.00000000000000
 90.00000000000000
 93.00000000000000
 93.00000000000000
 93.00000000000000
 93.00000000000000
 93.00000000000000
 94.00000000000000
 94.00000000000000
 95.00000000000000
 94.00000000000000
 93.00000000000000
 93.00000000000000
 93.00000000000000
 93.00000000000000
 92.00000000000000
 92.00000000000000
 93.00000000000000
 94.00000000000000
 94.00000000000000
 94.00000000000000
 94.00000000000000
 93.00000000000000
 93.00000000000000
 94.00000000000000
 93.00000000000000
 93.00000000000000
 94.00000000000000
 94.00000000000000
 94.00000000000000
 93.00000000000000
 93.00000000000000
 94.00000000000000
 95.00000000000000
 95.00000000000000
 95.00000000000000
 95.00000000000000
 95.00000000000000
 95.00000000000000
 95.00000000000000
 95.00000000000000
 95.00000000000000
 95.00000000000000
 96.00000000000000
 94.00000000000000
 94.00000000000000
 94.00000000000000
 94.00000000000000
 94.00000000000000
 94.00000000000000
 94.00000000000000
 95.00000000000000
 96.00000000000000
 96.00000000000000
 95.00000000000000
 95.00000000000000
 95.00000000000000
 95.00000000000000
 96.00000000000000
 95.00000000000000
 95.00000000000000
 94.00000000000000
 95.00000000000000
 94.00000000000000
 96.00000000000000
 97.00000000000000
 94.00000000000000
 94.00000000000000
 95.00000000000000
 96.00000000000000
 96.00000000000000
 96.00000000000000
 98.00000000000000
 99.00000000000000
 97.00000000000000
 97.00000000000000
 97.00000000000000
 95.00000000000000
 95.00000000000000
 93.00000000000000
 93.00000000000000
 91.00000000000000
 92.00000000000000
 93.00000000000000
 91.00000000000000
 91.00000000000000
 91.00000000000000
 92.00000000000000
 91.00000000000000
 91.00000000000000
 92.00000000000000
 91.00000000000000
 90.00000000000000
 90.00000000000000
 92.00000000000000
 92.00000000000000
 92.00000000000000
 92.00000000000000
 92.00000000000000
 94.00000000000000
 95.00000000000000
 95.00000000000000
 95.00000000000000
 95.00000000000000
 96.00000000000000
 96.00000000000000
 96.00000000000000
 97.00000000000000
 96.00000000000000
 96.00000000000000
 96.00000000000000
 96.00000000000000
 95.00000000000000
 95.00000000000000
 94.00000000000000
 94.00000000000000
 94.00000000000000
 94.00000000000000
 94.00000000000000
 94.00000000000000
 93.00000000000000
 90.00000000000000
 90.00000000000000
 91.00000000000000
 91.00000000000000
 92.00000000000000
 92.00000000000000
 91.00000000000000
 90.00000000000000
 90.00000000000000
 90.00000000000000
 90.00000000000000
 90.00000000000000
 90.00000000000000
 91.00000000000000
 91.00000000000000
 91.00000000000000
 91.00000000000000
 90.00000000000000
 90.00000000000000
 91.00000000000000
 92.00000000000000
 92.00000000000000
 90.00000000000000
 90.00000000000000
 89.00000000000000
 88.00000000000000
 88.00000000000000
 88.00000000000000
 89.00000000000000
 88.00000000000000
 88.00000000000000
 88.00000000000000
 88.00000000000000
 88.00000000000000
 89.00000000000000
 89.00000000000000
 88.00000000000000
 88.00000000000000
 87.00000000000000
 88.00000000000000
 89.00000000000000
 88.00000000000000
 89.00000000000000
 88.00000000000000
 88.00000000000000
 88.00000000000000
 89.00000000000000
 89.00000000000000
 88.00000000000000
 88.00000000000000
 88.00000000000000
 89.00000000000000
 89.00000000000000
 88.00000000000000
 88.00000000000000
 88.00000000000000
 88.00000000000000
 89.00000000000000
 89.00000000000000
 89.00000000000000
 89.00000000000000
 88.00000000000000
 88.00000000000000
 89.00000000000000
 89.00000000000000
 90.00000000000000
 89.00000000000000
 88.00000000000000
 87.00000000000000
 87.00000000000000
 88.00000000000000
 88.00000000000000
 88.00000000000000
 88.00000000000000
 88.00000000000000
 88.00000000000000
 90.00000000000000
 91.00000000000000
 92.00000000000000
 93.00000000000000
 93.00000000000000
 94.00000000000000
 94.00000000000000
 92.00000000000000
 93.00000000000000
 93.00000000000000
 94.00000000000000
 93.00000000000000
 94.00000000000000
 93.00000000000000
 95.00000000000000
 95.00000000000000
 95.00000000000000
 95.00000000000000
 95.00000000000000
 95.00000000000000
 94.00000000000000
 94.00000000000000
 93.00000000000000
 94.00000000000000
 93.00000000000000
 94.00000000000000
 96.00000000000000
 97.00000000000000
 98.00000000000000
 97.00000000000000
 97.00000000000000
 97.00000000000000
 98.00000000000000
100.00000000000000
103.00000000000000
101.00000000000000
 99.00000000000000
 98.00000000000000
 99.00000000000000
 98.00000000000000
 99.00000000000000
101.00000000000000
102.00000000000000
101.00000000000000
102.00000000000000
 99.00000000000000
 99.00000000000000
 98.00000000000000
 98.00000000000000
 98.00000000000000
 99.00000000000000
101.00000000000000
 99.00000000000000
101.00000000000000
101.00000000000000
101.00000000000000
101.00000000000000
100.00000000000000
100.00000000000000
100.00000000000000
100.00000000000000
100.00000000000000
101.00000000000000
102.00000000000000
101.00000000000000
102.00000000000000
103.00000000000000
102.00000000000000
103.00000000000000
104.00000000000000
105.00000000000000
106.00000000000000
107.00000000000000
107.00000000000000
105.00000000000000
105.00000000000000
104.00000000000000
103.00000000000000
103.00000000000000
104.00000000000000
102.00000000000000
102.00000000000000
101.00000000000000
102.00000000000000
101.00000000000000
100.00000000000000
100.00000000000000
101.00000000000000
102.00000000000000
101.00000000000000
101.00000000000000
102.00000000000000
103.00000000000000
103.00000000000000
102.00000000000000
104.00000000000000
102.00000000000000
103.00000000000000
104.00000000000000
104.00000000000000
103.00000000000000
103.00000000000000
101.00000000000000
101.00000000000000
 99.00000000000000
 99.00000000000000
 98.00000000000000
 98.00000000000000
 98.00000000000000
 97.00000000000000
 97.00000000000000
 97.00000000000000
 96.00000000000000
 96.00000000000000
 95.00000000000000
 94.00000000000000
 93.00000000000000
 92.00000000000000
 91.00000000000000
 88.00000000000000
 86.00000000000000
 86.00000000000000
 88.00000000000000
 87.00000000000000
 87.00000000000000
 88.00000000000000
 87.00000000000000
 88.00000000000000
 88.00000000000000
 87.00000000000000
 87.00000000000000
 87.00000000000000
 86.00000000000000
 85.00000000000000
 84.00000000000000
 84.00000000000000
 83.00000000000000
 84.00000000000000
 84.00000000000000
 84.00000000000000
 84.00000000000000
 83.00000000000000
 83.00000000000000
 83.00000000000000
 82.00000000000000
 83.00000000000000
 84.00000000000000
 84.00000000000000
 85.00000000000000
 84.00000000000000
 85.00000000000000
 85.00000000000000
 85.00000000000000
 85.00000000000000
 84.00000000000000
 85.00000000000000
 85.00000000000000
 84.00000000000000
 84.00000000000000
 83.00000000000000
 82.00000000000000
 81.00000000000000
 84.00000000000000
 83.00000000000000
 82.00000000000000
 84.00000000000000
 82.00000000000000
 82.00000000000000
 83.00000000000000
 83.00000000000000
 83.00000000000000
 83.00000000000000
 81.00000000000000
 79.00000000000000
 80.00000000000000
 81.00000000000000
 81.00000000000000
 81.00000000000000
 81.00000000000000
 82.00000000000000
 82.00000000000000
 83.00000000000000
 85.00000000000000
 85.00000000000000
 85.00000000000000
 85.00000000000000
 84.00000000000000
 83.00000000000000
 85.00000000000000
 84.00000000000000
 83.00000000000000
 83.00000000000000
 83.00000000000000
 83.00000000000000
 84.00000000000000
 84.00000000000000
 85.00000000000000
 85.00000000000000
 84.00000000000000
 83.00000000000000
 82.00000000000000
 82.00000000000000
 81.00000000000000
 81.00000000000000
 81.00000000000000
 80.00000000000000
 81.00000000000000
 81.00000000000000
 82.00000000000000
 81.00000000000000
 80.00000000000000
 79.00000000000000
 79.00000000000000
 77.00000000000000
 76.00000000000000
 76.00000000000000
 76.00000000000000
 76.00000000000000
 76.00000000000000
 74.00000000000000
 74.00000000000000
 73.00000000000000
 73.00000000000000
 74.00000000000000
 75.00000000000000
 74.00000000000000
 75.00000000000000
 75.00000000000000
 76.00000000000000
 76.00000000000000
 77.00000000000000
 79.00000000000000
 80.00000000000000
 79.00000000000000
 82.00000000000000
 83.00000000000000
 83.00000000000000
 82.00000000000000
 82.00000000000000
 82.00000000000000
 83.00000000000000
 84.00000000000000
 83.00000000000000
 84.00000000000000
 85.00000000000000
 86.00000000000000
 87.00000000000000
 87.00000000000000
 87.00000000000000
 87.00000000000000
 86.00000000000000
 86.00000000000000
 86.00000000000000
 86.00000000000000
 85.00000000000000
 85.00000000000000
 86.00000000000000
 86.00000000000000
 86.00000000000000
 86.00000000000000
 87.00000000000000
 87.00000000000000
 88.00000000000000
 88.00000000000000
 88.00000000000000
 88.00000000000000
 87.00000000000000
 87.00000000000000
 88.00000000000000
 87.00000000000000
 86.00000000000000
 85.00000000000000
 84.00000000000000
 85.00000000000000
 86.00000000000000
 86.00000000000000
 85.00000000000000
 86.00000000000000
 87.00000000000000
 87.00000000000000
 87.00000000000000
 87.00000000000000
 88.00000000000000
 90.00000000000000
 90.00000000000000
 90.00000000000000
 93.00000000000000
 91.00000000000000
 91.00000000000000
 91.00000000000000
 92.00000000000000
 92.00000000000000
 91.00000000000000
 91.00000000000000
 90.00000000000000
 89.00000000000000
 89.00000000000000
 91.00000000000000
 90.00000000000000
