  -3.05525    57.6111         20
   -5.4262    56.2443          2
   -5.4262    55.3332         12
  -5.64174    55.7888          2
  -4.77958    55.7888          8
  -4.77958    54.8776          4
  -4.56403    55.3332         12
  -6.50391    55.7888          6
  -4.34849    55.7888          6
  -5.21066    54.8776          2
  -6.71945    58.0666          2
  -5.21066    56.6999          2
  -4.34849    57.6111          4
  -6.28836    58.0666          2
  -7.36607    57.6111          2
  -6.07282    55.7888         12
  -2.19308    57.6111         36
  -1.97754    57.1555         32
  -3.27079    56.2443          2
   -2.8397    57.1555         10
  -2.62416    57.6111          4
  -2.40862    57.1555          2
  -2.40862    53.5109         30
   -2.8397    53.5109         32
  -2.62416    53.0553         34
  -2.19308    53.0553         24
  -1.97754    53.5109         42
  -3.05525    53.0553          6
  -5.21066    50.3219         68
  -4.77958    50.3219         46
  -4.56403    50.7775         10
  -5.64174    50.3219         38
  -4.34849    50.3219         34
  -4.13295    50.7775         30
  -3.70187    54.4221        148
  -3.05525    54.8776         72
   -2.8397    54.4221         28
  -2.62416    54.8776         40
  -3.27079    54.4221         46
  -3.48633    54.8776         40
  -2.19308    54.8776         26
  -3.05525    53.9665         14
  -2.19308    53.9665         14
  -2.40862    54.4221         10
  -1.54646    55.3332         28
  -1.33092    53.0553        130
  -1.97754    54.4221         14
  -1.54646    54.4221         24
    -1.762    54.8776        128
  -2.62416    53.9665         18
  -1.54646    53.5109         64
    -1.762    53.0553          4
  -3.27079    50.7775         28
  -3.70187    50.7775         40
  -3.48633    50.3219         10
  -3.91741     51.233          8
  -4.34849     51.233          4
  -3.91741    50.3219          4
  -3.48633     51.233          4
   -2.8397    50.7775         14
  -3.05525     51.233          4
  -2.40862    50.7775         32
  -1.97754    50.7775         34
  -2.62416     51.233          6
  -3.27079    51.6886          8
  -1.33092    54.8776         78
   1.25558     51.233         18
  -2.40862    51.6886        104
  -2.62416    52.1442         30
  -2.19308    52.1442         38
   -2.8397    51.6886         14
  -1.97754    51.6886         34
  -1.54646    51.6886         52
  -1.11537    50.7775         20
  -1.54646    50.7775         12
    -1.762     51.233          4
  -1.33092     51.233         10
  -2.19308     51.233          4
 -0.899833     51.233          8
  -3.48633    52.1442          2
  -3.05525    52.1442         10
  0.177874    51.6886          2
  0.393415     51.233         64
  0.824498     51.233         24
-0.0376674     51.233         34
  0.608956    51.6886          6
  -3.27079    53.5109          2
  -1.11537    52.5998         96
  -1.54646    52.5998         32
    -1.762    52.1442         10
 -0.684291    52.5998         26
 -0.899833    52.1442         56
 -0.899833    53.0553         16
 -0.253209    52.5998         14
 -0.253209    53.5109         48
-0.0376674    53.0553         70
  0.393415    53.0553         12
  -0.46875    53.0553         36
 -0.684291    53.5109         16
  0.177874    53.5109         20
  0.177874    52.5998         22
  -1.11537    53.5109         12
  -1.97754    55.3332         12
  -2.19308    55.7888          6
    -1.762    55.7888          4
  -1.33092    53.9665         56
 -0.684291    54.4221         34
  -1.11537    54.4221         28
   -2.8397    55.3332          2
  -2.40862    55.3332          4
  -2.62416    55.7888          4
  -5.85728    54.4221         30
  -7.58161    54.4221          4
  -6.07282    54.8776          4
  -7.36607    54.8776          8
  -6.28836    54.4221         12
  -6.71945    54.4221         10
  -2.62416    56.6999          2
  -5.64174    54.8776          2
  -6.28836    55.3332          2
   -5.4262    54.4221          2
  -7.15053    54.4221          4
  -6.50391    54.8776          8
  -6.93499    54.8776          2
   1.25558    53.0553          8
   1.47112    52.5998         96
   1.04004    52.5998         46
    1.9022    52.5998         40
   1.25558    52.1442         58
  0.824498    52.1442         42
  0.824498    53.0553          6
  0.608956    52.5998         30
   1.68666    52.1442         12
  -4.77958    52.1442         36
  -4.99512    51.6886         32
  -4.34849    52.1442         20
  -5.21066    52.1442          4
  -4.13295    51.6886          8
  -1.33092    52.1442         14
 -0.253209    51.6886          8
  -0.46875    52.1442          4
  -4.34849    53.0553         84
  -3.91741    53.0553         18
  -4.56403    53.5109         22
  -4.13295    53.5109         10
  -3.48633    53.0553         14
  -3.70187    53.5109          2
  -3.27079    58.9778        148
  -2.62416    58.5222         28
  -3.05525    58.5222         16
  -1.11537    51.6886        106
  -0.46875     51.233         10
 -0.684291    51.6886          2
  -4.56403    51.6886          6
  0.393415    52.1442         10
-0.0376674    52.1442          2
 -0.253209    50.7775         42
 -0.684291    50.7775         10
  -1.97754    52.5998         16
  -2.40862    52.5998         10
-0.0376674    53.9665          6
 -0.899833    53.9665         38
  -0.46875    53.9665         10
    -1.762    53.9665         42
 -0.253209    54.4221          2
