  0.0221643 0.000504439 9.01551e-05 0.000256805 0.000151332  0.00141243 0.000174135 0.000325945 0.000268183 0.000331038 0.000126486           0           0           0           0 6.05327e-05           0 0.000249252 3.33645e-05 0.000192604           0           0 0.000385208 2.35405e-05 5.57538e-05  0.00145657           0 0.000132415
0.000504439   0.0157774 0.000253293 0.000180375           0 6.61376e-05           0 0.000732601 0.000866486 0.000279018           0           0           0 0.000541126 0.000283447  8.5034e-05           0           0 9.37383e-05           0           0 0.000457875   0.0014881 6.61376e-05 7.83208e-05  0.00117808           0           0
9.01551e-05 0.000253293  0.00411805 0.000644745  0.00170973 5.91017e-05  0.00029146 0.000409165  0.00037032 0.000914229  0.00146872           0 0.000431282 0.000967118 0.000379939 0.000607903           0 0.000156446 0.000586363 0.000241779  0.00100633 0.000869476 0.000604449 0.000325059  0.00195969 0.000166223           0  0.00099734
0.000256805 0.000180375 0.000644745   0.0032634  0.00189394  0.00016835 0.000207555 0.000543901 0.000383583 0.000236742 0.000621891           0  0.00020475 0.000688705           0 0.000324675 0.000488759 0.000222816  0.00035791 0.000688705 0.000614251 0.000582751 0.000344353  0.00016835  0.00249203 0.000157828 0.000874126           0
0.000151332           0  0.00170973  0.00189394  0.00454545           0           0 0.000274725  0.00028255 0.000697545  0.00206557           0           0 0.000649351           0 0.000510204 0.000576037 0.000787815 0.000281215 0.000405844 0.000241313  0.00051511 0.000405844 4.96032e-05 0.000587406           0           0 0.000558036
 0.00141243 6.61376e-05 5.91017e-05  0.00016835           0   0.0114215  0.00144597  0.00014245 0.000421941 4.34028e-05 0.000103648 0.000163399   0.0003003 0.000353535 6.61376e-05  0.00031746 8.96057e-05           0 0.000218723 0.000294613 0.000225225 0.000267094 0.000126263 7.71605e-05 0.000255848 2.89352e-05 0.000106838 0.000260417
0.000174135           0  0.00029146 0.000207555           0  0.00144597  0.00519603 0.000105374   0.0001734 0.000214041   0.0001789 0.000402901 0.000370233           0 0.000122309 0.000293542           0           0 2.69658e-05 0.000207555 0.000185117 9.87882e-05           0 5.70776e-05 0.000495674           0  0.00052687 0.000214041
0.000325945 0.000732601 0.000409165 0.000543901 0.000274725  0.00014245 0.000105374  0.00833169  0.00197988 0.000701122 0.000497512 0.000377074   0.0002772   0.0002331 0.000137363  0.00014652           0 0.000678733 0.000302847  0.00034965   0.0001386 0.000283531  0.00122378 0.000135328 0.000303644 0.000360577 9.86193e-05 0.000520833
0.000268183 0.000866486  0.00037032 0.000383583  0.00028255 0.000421941   0.0001734  0.00197988   0.0031746  0.00116199 0.000295201 9.30752e-05 8.55286e-05  0.00023015 0.000150693 0.000248644 0.000204165 0.000511914 0.000249178 0.000287687 0.000128293  0.00028907 0.000647296 0.000140647 0.000291472 0.000346123           0 0.000890032
0.000331038 0.000279018 0.000914229 0.000236742 0.000697545 4.34028e-05 0.000214041 0.000701122  0.00116199  0.00553642 0.000757929           0           0 0.000142045  4.6503e-05 0.000111607           0           0 0.000246063 0.000710227 0.000105574 0.000338041  0.00053267  0.00015191  0.00025699  0.00012207           0   0.0020752
0.000126486           0  0.00146872 0.000621891  0.00206557 0.000103648   0.0001789 0.000497512 0.000295201 0.000757929  0.00257141           0 0.000100847 3.39213e-05 0.000133262 0.000373134 0.000300915  0.00082309 0.000293807 0.000819765 0.000252118 0.000520235 0.000381615 0.000310945 0.000589159 0.000136039  0.00021527 0.000991138
          0           0           0           0           0 0.000163399 0.000402901 0.000377074 9.30752e-05           0           0  0.00534759 0.000397456           0  0.00070028   0.0012605  0.00142315           0  0.00185271           0 0.000794913 0.000141403           0 0.000326797 0.000386997           0           0           0
          0           0 0.000431282  0.00020475           0   0.0003003 0.000370233   0.0002772 8.55286e-05           0 0.000100847 0.000397456  0.00703443           0 0.000160875  0.00019305  0.00043592 0.000198728 0.000319217 0.000307125 0.000547845 0.000129938           0 0.000187688 0.000266714           0 0.000259875 0.000422297
          0 0.000541126 0.000967118 0.000688705 0.000649351 0.000353535           0   0.0002331  0.00023015 0.000142045 3.39213e-05           0           0    0.034362 0.000270563  0.00116883  0.00527859 0.000668449 0.000465283 0.000826446  0.00012285 0.000174825 0.000516529 5.05051e-05  0.00334928  9.4697e-05 0.000524476           0
          0 0.000283447 0.000379939           0           0 6.61376e-05 0.000122309 0.000137363 0.000150693  4.6503e-05 0.000133262  0.00070028 0.000160875 0.000270563  0.00270887 0.000170068 0.000192012           0 0.000234346 0.000225469 8.04376e-05 8.58516e-05 6.76407e-05 0.000115741 0.000430764  6.2004e-05  0.00125916 0.000186012
6.05327e-05  8.5034e-05 0.000607903 0.000324675 0.000510204  0.00031746 0.000293542  0.00014652 0.000248644 0.000111607 0.000373134   0.0012605  0.00019305  0.00116883 0.000170068  0.00729702  0.00368664  0.00136555  0.00075928 0.000649351  0.00135135           0 0.000405844 0.000178571  0.00150376  0.00014881           0           0
          0           0           0 0.000488759 0.000576037 8.96057e-05           0           0 0.000204165           0 0.000300915  0.00142315  0.00043592  0.00527859 0.000192012  0.00368664  0.00528821  0.00237192 0.000317501 0.000488759  0.00043592  0.00023263           0 8.96057e-05  0.00233447           0           0 0.000252016
0.000249252           0 0.000156446 0.000222816 0.000787815           0           0 0.000678733 0.000511914           0  0.00082309           0 0.000198728 0.000668449           0  0.00136555  0.00237192  0.00351185 0.000115794 0.000445633 0.000397456 0.000424208           0 0.000122549  0.00154799 0.000229779           0 0.000459559
3.33645e-05 9.37383e-05 0.000586363  0.00035791 0.000281215 0.000218723 2.69658e-05 0.000302847 0.000249178 0.000246063 0.000293807  0.00185271 0.000319217 0.000465283 0.000234346  0.00075928 0.000317501 0.000115794  0.00208521 0.000447387 0.000212811 0.000170351 4.47387e-05  0.00019685 0.000440323 0.000143537  0.00045427 0.000123031
0.000192604           0 0.000241779 0.000688705 0.000405844 0.000294613 0.000207555  0.00034965 0.000287687 0.000710227 0.000819765           0 0.000307125 0.000826446 0.000225469 0.000649351 0.000488759 0.000445633 0.000447387  0.00185057 0.000614251 0.000582751 0.000516529 0.000273569 0.000149522 7.89141e-05           0 0.000473485
          0           0  0.00100633 0.000614251 0.000241313 0.000225225 0.000185117   0.0001386 0.000128293 0.000105574 0.000252118 0.000794913 0.000547845  0.00012285 8.04376e-05  0.00135135  0.00043592 0.000397456 0.000212811 0.000614251 0.000740466 0.000129938 0.000307125 3.75375e-05  0.00106686           0           0           0
          0 0.000457875 0.000869476 0.000582751  0.00051511 0.000267094 9.87882e-05 0.000283531  0.00028907 0.000338041 0.000520235 0.000141403 0.000129938 0.000174825 8.58516e-05           0  0.00023263 0.000424208 0.000170351 0.000582751 0.000129938  0.00260126 0.000327797 0.000186966 0.000442814 0.000200321 0.000369822 0.000375601
0.000385208   0.0014881 0.000604449 0.000344353 0.000405844 0.000126263           0  0.00122378 0.000647296  0.00053267 0.000381615           0           0 0.000516529 6.76407e-05 0.000405844           0           0 4.47387e-05 0.000516529 0.000307125 0.000327797  0.00339603 0.000157828 0.000149522  0.00053267           0  0.00106534
2.35405e-05 6.61376e-05 0.000325059  0.00016835 4.96032e-05 7.71605e-05 5.70776e-05 0.000135328 0.000140647  0.00015191 0.000310945 0.000326797 0.000187688 5.05051e-05 0.000115741 0.000178571 8.96057e-05 0.000122549  0.00019685 0.000273569 3.75375e-05 0.000186966 0.000157828  0.00233674 0.000219298 4.34028e-05 0.000106838 0.000217014
5.57538e-05 7.83208e-05  0.00195969  0.00249203 0.000587406 0.000255848 0.000495674 0.000303644 0.000291472  0.00025699 0.000589159 0.000386997 0.000266714  0.00334928 0.000430764  0.00150376  0.00233447  0.00154799 0.000440323 0.000149522  0.00106686 0.000442814 0.000149522 0.000219298   0.0455734 0.000102796 0.000379555 0.000102796
 0.00145657  0.00117808 0.000166223 0.000157828           0 2.89352e-05           0 0.000360577 0.000346123  0.00012207 0.000136039           0           0  9.4697e-05  6.2004e-05  0.00014881           0 0.000229779 0.000143537 7.89141e-05           0 0.000200321  0.00053267 4.34028e-05 0.000102796    0.119655  0.00010016 0.000244141
          0           0           0 0.000874126           0 0.000106838  0.00052687 9.86193e-05           0           0  0.00021527           0 0.000259875 0.000524476  0.00125916           0           0           0  0.00045427           0           0 0.000369822           0 0.000106838 0.000379555  0.00010016 0.000754148 0.000300481
0.000132415           0  0.00099734           0 0.000558036 0.000260417 0.000214041 0.000520833 0.000890032   0.0020752 0.000991138           0 0.000422297           0 0.000186012           0 0.000252016 0.000459559 0.000123031 0.000473485           0 0.000375601  0.00106534 0.000217014 0.000102796 0.000244141 0.000300481  0.00595238
