  0.0168039  0.00198159 0.000522714 0.000372704 0.000262001 0.000199802 0.000183514  0.00126127 0.000655491 0.000300852  0.00017427 0.000139525 0.000135996 0.000254682 3.86943e-05 0.000180707 0.000253036 0.000231167 9.76286e-05 0.000160963 9.59849e-05 0.000106631 0.000468417 3.40525e-05 0.000714921  0.00248776 7.59063e-05  0.00020707
 0.00198159  0.00660753  0.00138637 0.000859231 0.000517864 0.000405461 0.000430656  0.00248992 0.000839452 0.000459502 0.000297408 0.000321741 0.000281784 0.000651731 6.32912e-05 0.000412069 0.000306179 0.000504157  0.00018783 0.000315439 0.000170275  0.00015027 0.000592464 4.76564e-05  0.00219657 0.000690894 0.000143616 0.000265758
0.000522714  0.00138637  0.00318078  0.00137654 0.000779259  0.00069306    0.001148 0.000823233 0.000447525 0.000491348 0.000459423  0.00096753 0.000633695   0.0019766 0.000129983  0.00106457  0.00023267 0.000978085 0.000405427 0.000586461 0.000326284 0.000214297 0.000588173 8.11384e-05  0.00729529 0.000169267 0.000328259 0.000274164
0.000372704 0.000859231  0.00137654  0.00101437 0.000768642 0.000407871   0.0008517  0.00083734 0.000568335 0.000671747  0.00059458 0.000847841 0.000643657  0.00139935 0.000173403 0.000956603 0.000126991 0.000842923 0.000460937 0.000618615  0.00040173  0.00031486 0.000297534 0.000116754  0.00197072 0.000121041 0.000388368 0.000409021
0.000262001 0.000517864 0.000779259 0.000768642 0.000853381 0.000256444 0.000568486 0.000672914 0.000646069  0.00103269 0.000876771 0.000636334 0.000607315 0.000848948 0.000212198 0.000751524 7.78432e-05 0.000736477 0.000496821  0.00066957 0.000488142 0.000462406 0.000170798 0.000154258 0.000802225 9.19588e-05 0.000421822 0.000613735
0.000199802 0.000405461  0.00069306 0.000407871 0.000256444   0.0114219  0.00111776 0.000213542 0.000116987 0.000143988 0.000150722 0.000498983 0.000243125 0.000783683 4.83821e-05 0.000393477   0.0002223  0.00033305 0.000158422 0.000211284 0.000120411 6.38747e-05  0.00036942 2.57132e-05  0.00107289 8.79912e-05 0.000133203 7.35999e-05
0.000183514 0.000430656    0.001148   0.0008517 0.000568486  0.00111776  0.00346839 0.000280451 0.000180849 0.000281979 0.000335725  0.00195004 0.000721501   0.0034384 0.000123622  0.00137937 0.000130589 0.000867781 0.000435069 0.000534207 0.000300559 0.000141302 0.000261649 6.29077e-05  0.00121351 6.39603e-05 0.000370132 0.000143515
 0.00126127  0.00248992 0.000823233  0.00083734 0.000672914 0.000213542 0.000280451   0.0074322  0.00197326 0.000857386 0.000450621 0.000263067 0.000292794 0.000412567 9.35825e-05 0.000351694  0.00013064 0.000494583 0.000222422 0.000375284  0.00023105 0.000265773 0.000270348  8.2579e-05 0.000802265  0.00042913 0.000173525 0.000502739
0.000655491 0.000839452 0.000447525 0.000568335 0.000646069 0.000116987 0.000180849  0.00197326  0.00293412  0.00125584   0.0005926 0.000202896 0.000273799 0.000265255 0.000120474 0.000282112 6.95711e-05 0.000415038 0.000235155 0.000386278 0.000280695 0.000404276  0.00014084 0.000119936  0.00034486 0.000316999 0.000185911 0.000767617
0.000300852 0.000459502 0.000491348 0.000671747  0.00103269 0.000143988 0.000281979 0.000857386  0.00125584  0.00289926  0.00111764  0.00033268 0.000427674 0.000404394 0.000183423 0.000432689 5.55817e-05 0.000598884 0.000377014 0.000620932  0.00045955 0.000632867 0.000113708 0.000167682 0.000376257 0.000132251 0.000298933  0.00118973
 0.00017427 0.000297408 0.000459423  0.00059458 0.000876771 0.000150722 0.000335725 0.000450621   0.0005926  0.00111764  0.00182599 0.000418216 0.000531971 0.000468124 0.000257574 0.000515403 4.66803e-05  0.00062201 0.000510051 0.000761124 0.000648659 0.000826237 9.49089e-05 0.000213542 0.000349193 6.81447e-05 0.000420508 0.000958971
0.000139525 0.000321741  0.00096753 0.000847841 0.000636334 0.000498983  0.00195004 0.000263067 0.000202896  0.00033268 0.000418216  0.00202447 0.000918975  0.00307592 0.000193359  0.00168851  8.0179e-05 0.000980444 0.000588303 0.000659835 0.000411844 0.000202227 0.000165213   0.0001033 0.000814632 4.75415e-05 0.000522458 0.000191649
0.000135996 0.000281784 0.000633695 0.000643657 0.000607315 0.000243125 0.000721501 0.000292794 0.000273799 0.000427674 0.000531971 0.000918975 0.000984108  0.00108938 0.000285204  0.00116745 5.69251e-05  0.00080033 0.000733105 0.000699712 0.000531298 0.000316574 0.000118865 0.000167425 0.000531649 4.67916e-05 0.000659268 0.000302463
0.000254682 0.000651731   0.0019766  0.00139935 0.000848948 0.000783683   0.0034384 0.000412567 0.000265255 0.000404394 0.000468124  0.00307592  0.00108938   0.0113132 0.000157145  0.00271618 0.000148645  0.00144647 0.000588211 0.000772012  0.00039857 0.000195531 0.000340887 8.38323e-05   0.0023759  7.9337e-05 0.000476473 0.000207893
3.86943e-05 6.32912e-05 0.000129983 0.000173403 0.000212198 4.83821e-05 0.000123622 9.35825e-05 0.000120474 0.000183423 0.000257574 0.000193359 0.000285204 0.000157145  0.00128065  0.00022117 1.28049e-05 0.000221557 0.000380586 0.000281388 0.000379205 0.000319197 2.26191e-05 0.000747758 7.50657e-05 1.54922e-05 0.000421701 0.000210747
0.000180707 0.000412069  0.00106457 0.000956603 0.000751524 0.000393477  0.00137937 0.000351694 0.000282112 0.000432689 0.000515403  0.00168851  0.00116745  0.00271618  0.00022117  0.00301922 8.57251e-05  0.00123592 0.000678735 0.000783945 0.000477242 0.000262394 0.000189025 0.000125852  0.00102536 5.90725e-05 0.000578844 0.000266476
0.000253036 0.000306179  0.00023267 0.000126991 7.78432e-05   0.0002223 0.000130589  0.00013064 6.95711e-05 5.55817e-05 4.66803e-05  8.0179e-05 5.69251e-05 0.000148645 1.28049e-05 8.57251e-05  0.00498996 8.89431e-05 3.83653e-05 5.66192e-05 3.22202e-05 2.26747e-05  0.00174649  8.2281e-06 0.000465395 0.000255906 3.11262e-05 3.32863e-05
0.000231167 0.000504157 0.000978085 0.000842923 0.000736477  0.00033305 0.000867781 0.000494583 0.000415038 0.000598884  0.00062201 0.000980444  0.00080033  0.00144647 0.000221557  0.00123592 8.89431e-05 0.000897421 0.000578936 0.000690815 0.000474842 0.000338805 0.000200615 0.000140827  0.00109995 7.61853e-05 0.000502252 0.000386893
9.76286e-05  0.00018783 0.000405427 0.000460937 0.000496821 0.000158422 0.000435069 0.000222422 0.000235155 0.000377014 0.000510051 0.000588303 0.000733105 0.000588211 0.000380586 0.000678735 3.83653e-05 0.000578936 0.000962813 0.000644667 0.000597079 0.000360483 7.57444e-05 0.000229778   0.0002957 3.52891e-05 0.000804002 0.000305356
0.000160963 0.000315439 0.000586461 0.000618615  0.00066957 0.000211284 0.000534207 0.000375284 0.000386278 0.000620932 0.000761124 0.000659835 0.000699712 0.000772012 0.000281388 0.000783945 5.66192e-05 0.000690815 0.000644667 0.000695444 0.000555213 0.000439839 0.000119165   0.0001862 0.000512143 5.64622e-05 0.000567647 0.000460021
9.59849e-05 0.000170275 0.000326284  0.00040173 0.000488142 0.000120411 0.000300559  0.00023105 0.000280695  0.00045955 0.000648659 0.000411844 0.000531298  0.00039857 0.000379205 0.000477242 3.22202e-05 0.000474842 0.000597079 0.000555213 0.000591379 0.000569007 6.24967e-05 0.000279257 0.000226438 3.62667e-05 0.000565192 0.000443099
0.000106631  0.00015027 0.000214297  0.00031486 0.000462406 6.38747e-05 0.000141302 0.000265773 0.000404276 0.000632867 0.000826237 0.000202227 0.000316574 0.000195531 0.000319197 0.000262394 2.26747e-05 0.000338805 0.000360483 0.000439839 0.000569007  0.00181339 4.22249e-05 0.000349219 0.000126479 4.82549e-05 0.000316053 0.000972158
0.000468417 0.000592464 0.000588173 0.000297534 0.000170798  0.00036942 0.000261649 0.000270348  0.00014084 0.000113708 9.49089e-05 0.000165213 0.000118865 0.000340887 2.26191e-05 0.000189025  0.00174649 0.000200615 7.57444e-05 0.000119165 6.24967e-05 4.22249e-05  0.00918564 1.41458e-05  0.00114006 0.000518583 5.89804e-05 6.39049e-05
3.40525e-05 4.76564e-05 8.11384e-05 0.000116754 0.000154258 2.57132e-05 6.29077e-05  8.2579e-05 0.000119936 0.000167682 0.000213542   0.0001033 0.000167425 8.38323e-05 0.000747758 0.000125852  8.2281e-06 0.000140827 0.000229778   0.0001862 0.000279257 0.000349219 1.41458e-05  0.00188418 4.28699e-05 1.47032e-05 0.000244229 0.000233187
0.000714921  0.00219657  0.00729529  0.00197072 0.000802225  0.00107289  0.00121351 0.000802265  0.00034486 0.000376257 0.000349193 0.000814632 0.000531649   0.0023759 7.50657e-05  0.00102536 0.000465395  0.00109995   0.0002957 0.000512143 0.000226438 0.000126479  0.00114006 4.28699e-05   0.0390334 0.000271429 0.000218227 0.000170512
 0.00248776 0.000690894 0.000169267 0.000121041 9.19588e-05 8.79912e-05 6.39603e-05  0.00042913 0.000316999 0.000132251 6.81447e-05 4.75415e-05 4.67916e-05  7.9337e-05 1.54922e-05 5.90725e-05 0.000255906 7.61853e-05 3.52891e-05 5.64622e-05 3.62667e-05 4.82549e-05 0.000518583 1.47032e-05 0.000271429    0.117056 2.81606e-05 0.000106266
7.59063e-05 0.000143616 0.000328259 0.000388368 0.000421822 0.000133203 0.000370132 0.000173525 0.000185911 0.000298933 0.000420508 0.000522458 0.000659268 0.000476473 0.000421701 0.000578844 3.11262e-05 0.000502252 0.000804002 0.000567647 0.000565192 0.000316053 5.89804e-05 0.000244229 0.000218227 2.81606e-05  0.00106537 0.000248734
 0.00020707 0.000265758 0.000274164 0.000409021 0.000613735 7.35999e-05 0.000143515 0.000502739 0.000767617  0.00118973 0.000958971 0.000191649 0.000302463 0.000207893 0.000210747 0.000266476 3.32863e-05 0.000386893 0.000305356 0.000460021 0.000443099 0.000972158 6.39049e-05 0.000233187 0.000170512 0.000106266 0.000248734   0.0022345
