 55.3781 -3.43597      358
 40.4637 -3.74922      130
 53.4129 -8.24389       60
 39.3999 -8.22445      115
 47.1625  19.5033       19
 41.8719  12.5674      211
 46.2276  2.21375       85
 41.1533  20.1683        9
 41.6086  21.7453       19
 50.5039  4.46994       37
 46.8182  8.22751       17
 51.1657  10.4515       70
    45.1     15.2       11
 43.9159  17.6791        9
 51.9194  19.1451       22
 49.8175   15.473        9
 44.0165  21.0059       11
 52.1326  5.29127       17
 47.5162  14.5501       14
