36.689673 24.414999
40.957005 -2.831916
38.986091 10.675900
57.378488 -6.146437
44.869762  5.999415
59.321626 -2.879999
54.262913  0.700022
40.087235 11.293645
56.243262 25.076237
47.292326 23.563280
54.175233 18.559075
35.757918 -4.755488
37.354169 25.490277
38.651560 -9.879040
45.114041  3.311891
58.601790  7.178040
60.887243  0.676278
58.691521 18.486853
57.277714  9.876410
54.873721 18.755683
52.309314  2.555923
44.911325 26.137540
47.808070 -2.423700
48.498260 -2.872927
36.764274 -8.571943
49.098070  8.556079
48.582530  1.739112
37.580397 13.739903
