46.411696 14.925283
57.328992 11.434889
39.350061 26.344713
45.696264 17.875650
39.603916 13.991740
39.103090 -7.350887
47.374305 25.690533
58.804470  0.698482
39.424223 -5.475658
47.679312 -3.560998
58.119857  6.096872
50.348964  6.240549
38.016994 21.790540
46.716032 20.345230
51.683394  9.625471
48.987948  9.607900
58.044584 -4.451773
57.923413 10.941477
53.873667 -0.962550
55.229835  5.848505
54.202970 -3.429094
45.732544 22.173568
58.772473 20.970939
58.878875 27.357791
47.032235 26.283427
46.039078 18.961827
53.406952  5.589606
54.827326  8.978521
45.212435 -1.238248
