-3.829552
-5.008679
-4.412140
-4.655679
-4.826022
-4.183624
-4.518201
-3.257705
-3.663948
-3.074165
-5.612731
-4.440874
-3.722230
-4.237323
-4.450941
-4.360819
-4.407840
-4.474267
-3.909345
-4.116394
-4.805487
-4.181798
-3.593818
-3.620996
-3.636886
-3.734554
-3.813755
-4.033015
-4.170597
-4.067846
-3.906171
-3.547983
-3.236295
-3.040310
-3.649576
-3.824361
-3.982612
-4.178372
-4.203031
-4.040829
-3.199989
-2.946416
-2.944670
-3.741523
-3.807936
-3.974905
-3.998947
-4.124140
-4.279864
-4.160587
-3.726034
-3.109216
-2.940273
-2.955279
-3.960259
-4.082496
-4.199245
-4.236835
-4.149962
-3.842999
-3.082161
-3.173289
-4.102005
-4.218363
-4.401573
-4.478966
-4.358406
-4.013940
-3.850012
-3.503082
-3.308793
-3.372443
-3.351653
-4.214495
-4.348201
-4.471437
-4.530902
-3.876629
-3.772671
-3.470373
-3.500645
-3.589557
-3.629024
-4.148767
-4.196887
-4.243579
-4.396207
-4.395224
-4.111548
-3.467363
-3.683490
-3.771109
-4.095886
-3.983885
-4.002064
-4.187286
-4.103153
-3.677333
-3.526406
-3.390262
-3.680100
-3.817875
-4.302831
-4.130106
-4.232752
-4.241433
-3.858450
-3.485071
-3.538140
-3.785888
-4.764260
-4.911801
-5.131728
-4.958436
-4.820489
-4.539143
-3.863106
-3.586902
-3.688367
-3.682031
-5.161638
-5.309188
-5.533867
-5.225353
-4.628327
-4.360846
-3.667521
-3.464657
-3.494484
-5.284624
-5.392346
-5.459645
-5.321203
-4.531153
-3.928793
-3.513853
-3.456774
-3.311819
-5.132656
-5.174137
-5.150741
-4.999762
-4.279742
-3.778548
-3.232271
-2.799852
-4.919847
-4.780054
-4.581275
-4.313725
-4.156485
-4.197778
-3.973844
-3.539260
-2.530252
-2.318399
-4.829532
-4.686083
-4.152835
-4.165304
-4.239736
-4.165233
-4.147320
-3.890127
-3.401366
-2.562160
-4.697430
-4.549813
-4.265798
-4.194021
-4.322856
-4.343045
-4.017925
-3.660087
-3.324790
-2.754295
-4.661625
-4.602787
-4.408416
-4.323529
-4.211711
-4.216086
-4.290408
-4.150062
-3.863074
-3.541286
-3.248118
