-2.488491
-1.401148
-1.347178
-1.043644
-1.501338
-0.660338
-1.019060
-0.279005
-0.689366
 0.005444
-1.819020
-0.653333
-0.390683
-0.248649
-1.274531
-0.846533
-0.911098
-1.129370
-0.620074
-0.816120
-1.145072
-0.765288
-0.417533
-0.374768
-0.434476
-0.516564
-0.694439
-0.911097
-1.087732
-1.064420
-0.869183
-0.613980
-0.429851
-0.331070
-0.348983
-0.471952
-0.763159
-1.067426
-1.146185
-1.000683
-0.364958
-0.272560
-0.230557
-0.296557
-0.245781
-0.215036
-0.482180
-0.920414
-1.132485
-1.129985
-0.740861
-0.262667
-0.112492
-0.125126
-0.289152
-0.224745
-0.645344
-1.022223
-1.059557
-0.869485
-0.018454
-0.105164
-0.379699
-0.296795
-0.262415
-0.424854
-0.834296
-0.942989
-0.913549
-0.521353
-0.088696
 0.088684
-0.025535
-0.451242
-0.385036
-0.397453
-0.731626
-0.863827
-0.629976
-0.206319
 0.022686
 0.037903
-0.013650
-1.041764
-0.964414
-0.941124
-0.878106
-0.806990
-0.715126
-0.086477
 0.032258
 0.006472
-1.902030
-2.438957
-2.348486
-1.225568
-0.628329
-0.520576
-0.272480
-0.063698
-0.035167
-0.070016
-2.023084
-2.458932
-2.335575
-0.662713
-0.503823
-0.306810
-0.155388
-0.171352
-2.000744
-2.458327
-2.434481
-1.873842
-1.118602
-0.872764
-0.582707
-0.450379
-0.350981
-0.351967
-1.690024
-1.747557
-1.904655
-1.562497
-0.875564
-0.699589
-0.664898
-0.634792
-0.574631
-1.586181
-1.724947
-1.896284
-1.948531
-0.827950
-0.703892
-0.732288
-0.690977
-0.710660
-1.471758
-1.606916
-1.857923
-1.945459
-0.861644
-0.736944
-0.781572
-0.758435
-1.421522
-1.600275
-1.685502
-0.904030
-0.779045
-0.777779
-0.764682
-0.797716
-0.809690
-0.835703
-1.218429
-1.260529
-1.062128
-0.776407
-0.724347
-0.716882
-0.792411
-0.760020
-0.829393
-0.878598
-1.128733
-1.071128
-0.865514
-0.706926
-0.715533
-0.759551
-0.789171
-0.846098
-0.882851
-0.898333
-1.064853
-0.994363
-0.823245
-0.699909
-0.628833
-0.652325
-0.694050
-0.780525
-0.828378
-0.850056
-0.896747
