-0.86713205056743  0.56314116323854
-0.86704695756758  2.04235232381906
-0.82413131534097  0.99280390149261
-0.89621201357893  0.46834058510528
-0.94860387858398  1.07462087787916
-0.91531488042633  0.73139371782607
-0.95775803762179  1.06722160964683
-0.92393103375398  1.71589770543780
-0.96257748440919  0.71363611352259
-0.90298618885456  1.03964740879415
-0.95051706240811  1.04002744810986
-0.99053600677844  0.80242689134630
-1.00132473619928  1.12135377416160
-1.04155273291282  1.56568609409641
-1.04866797825914  1.57140429417844
-1.01317802933855  1.15366042213032
-1.03352145673908  0.84323547744599
-1.00242970726196  2.00203050129092
-0.98948608774905  1.37921259961763
-0.95301555975681  3.25470066317716
-0.94123421512431  2.29110162432078
-0.83942485564691  1.87454045052536
-0.87334269118612  1.76230957365404
-0.87461500920257  1.77726767010479
-0.85603932901617  2.52135479383345
-0.82105312684769  1.65010405552141
-0.88108103679406  1.37397055113504
-0.87548685904306  1.30210559623009
-0.84765379948528  1.69281415828179
-0.84665237408384  2.08020094714314
-0.91894176072085  1.78533163033663
-0.82559456364897  2.38816258899375
-0.87277222903431  1.37242136773985
-0.87916084552878  1.33260123089625
-0.88089943391470  2.12800774316891
-0.88528166045944  1.42848019716784
-0.87264094467403  1.38008781172904
-0.84755942767521  1.91686803174643
-0.82986080225043  1.14785048283601
-0.90703169692696  0.93140550113755
-0.94023062963559  0.80706551104462
-0.90733420849432  1.62401000000793
-0.86371429715060  2.25073938784769
-0.83479127407424  2.23933926980232
-0.82183732388798  1.26882335327438
-0.80494379619470  0.78944509638063
-0.79132237324298  0.80995586577631
-0.74455612956109  1.04032986910233
-0.76614049448728  1.62828259970260
-0.85490887822120  0.87166242295251
-0.88050345272123  1.87426087035568
-0.95855659669437  0.96295738140903
-0.95524164602975  0.83569587754071
-0.93115553346933  0.61579567944434
-0.94739692431318  0.67408905427063
-0.92888284428550  1.10432394206080
-0.97156774251745  1.67359741731291
-0.98440718839622  1.18569836868787
-0.99370781418855  0.90628681180108
-0.99922738564018  0.55462837672728
-0.94897498598084  0.72748278206016
-0.94646959959630  0.68682593447100
-0.93714271171008  1.26899771971256
-0.92200084636012  0.66641588111849
-0.81641365340135  2.05761501978694
-0.80671306298742  1.00651446217042
-0.81856892885192  1.35557619894649
-0.83275188953895  1.32272053229620
-0.79890731351037  0.96789803947109
-0.82696856215484  1.92311025631622
-0.82572394922605  0.88237492846132
-0.80834646222591  1.03804615955677
-0.85523705827310  0.65060346695328
-0.95812949477622  0.95489199869836
-1.01322461385955  0.88304426206801
-0.94799406877299  1.64510630316010
-0.93520003224340  0.55732461197016
-0.87556115486580  0.88148398452650
-0.80347670017132  2.38433780075689
-0.73095338613397  0.78226612577494
-0.70648851073129  1.07404216361468
-0.69108012443278  0.99654518819926
-0.64806001030960  0.53452233602783
-0.65204959005463  0.79846898834816
-0.69239809042080  0.81714879554556
-0.70424634762425  0.80612807442563
-0.62898853455595  1.09270365716338
-0.72011257863923  0.62577207052761
-0.71235727476963  0.87936262617202
-0.68922048041366  0.38392523986174
-0.72281983972785  0.66053613222625
-0.77751336947164  1.30974288045609
-0.76653243081231  0.94940559906407
-0.74541886889801  0.63652240239059
-0.78514020032811  0.98521595747939
-0.74262170204940  0.64682881471877
-0.70419173593961  0.55926872302338
-0.69909442036816  0.63891524139431
-0.63257746009981  0.50814458909728
-0.66315594581906  0.99827767011525
-0.70477440440798  0.45424471025252
-0.71690530907984  0.41705284572485
-0.74730440514081  0.51612964552059
-0.87191696026494  0.39296934803231
-0.89751656460866  0.43262218100627
-0.89846028422085  0.38958995296831
-0.84892928026403  0.98794258545017
-0.87634258908860  0.63626425145045
-0.80149051734809  0.85766255425887
-0.76879128482091  0.75110037280726
-0.78467248166624  0.50403777266849
-0.77131069161238  0.34356964435768
-0.83177608978955  0.52402190973603
-0.84563709959322  1.26896239065591
-0.81255485649163  1.39230354015542
-0.76336330388726  0.97181280156403
-0.74463191944186  0.59486561411115
-0.78018372893876  0.59108247675106
-0.72136195918809  0.70312231006817
-0.71748491789574  0.58785585204814
-0.69110070024251  1.01940164673461
-0.66579637242807  0.52166640345092
-0.64877301062842  3.34501326578286
-0.69585726122395  0.43726364905914
-0.67502325705418  1.18627397183837
-0.64606013521647  1.21196190644914
-0.65300733124603  0.69769338966216
-0.73440635489933  0.64953830529966
-0.74755551357029  0.64835414883383
-0.70875352245721  0.35466665853084
-0.77705079937794  0.62677091812768
-0.77688747034880  0.61130621444265
-0.78344939673824  0.26803437885305
-0.77910671070882  0.49907315481685
-0.73691012547088  0.75669405975217
-0.74556909230765  0.59300289327288
-0.74728867096517  0.42189256929966
-0.74525721525900  0.46111658810832
-0.73801927505270  0.70919465113547
-0.72084169816274  0.82129437359106
-0.76650075668176  0.37634203121559
-0.77125451043652  0.50172860287780
-0.81092745441925  0.66286190694013
-0.73720635536410  0.79288389847189
-0.77589072898884  0.95728725416827
-0.81391053061351  0.83806120077659
-0.84376515810889  1.31283523637891
-0.83533339135319  1.10618299480151
-0.78071121848010  0.36941442429267
-0.78233622124569  0.41240379766532
-0.80981898010232  0.47462885188089
-0.84930175277511  0.79057539391267
-0.87918472747639  1.91874693536026
-0.92731518672750  1.04656356607754
-0.91360850353700  0.50825105158660
-0.91793596751685  0.39282944225215
-0.94414153634380  0.45179003412825
-0.88909023778291  0.43520502254823
-0.91875349693048  0.41956210293844
-0.92104740836951  1.13875136481801
-0.92162668441066  1.03177688890487
-0.93832972346583  0.75113514507292
-0.97359226366898  0.61425501457713
-0.95712131622342  1.42862471121683
-0.91405447088334  2.58270197248886
-0.96217351419370  1.58136525277801
-0.98200285204961  2.75704821283738
-0.93864335272957  1.64933771643262
-0.87201838583448  1.56849801791238
-0.89405737518988  0.84985585918442
-0.93251761740474  0.84538300094903
-0.88990529380023  0.40990968379428
-1.00117724377864  0.79706389251614
-1.01405686642977  0.55258519595242
-0.96982320287154  0.86176555723265
-1.00276469407824  0.80622458510388
-1.02969515922972  1.17731697190930
-1.04125915216679  1.24732652780252
-1.03612207083332  1.01848012152708
-0.94290757222052  1.09892538981616
-0.92924244866553  2.23872412707387
-0.86066206549573  0.68332120084316
-0.81587617126940  0.83783493253978
-0.79211207159946  0.36503423024904
-0.78001048351224  0.27196932123152
-0.78939375143003  0.64049193228519
-0.77756966198827  0.37944002538593
-0.77656004662138  0.82446801319517
-0.77551005038357  0.78392098349852
-0.78488712615142  0.44285828801643
-0.75372583351656  0.65143027346163
-0.74040459931501  0.47811383836759
-0.78401695236754  1.08507858258161
-0.74937824396682  0.48452030811883
-0.77952035003408  0.52080430846100
-0.76507731877377  2.25849629646450
-0.74274167739276  0.59079702521697
-0.76968716303876  0.73980176317950
-0.74966549786306  0.70969197268625
-0.74811415281129  0.68289683104054
-0.72781731525121  0.67831848036071
-0.69265693181670  0.28484918480727
-0.76757597672229  1.00006402713961
-0.75367669790774  0.39055312881676
-0.73042102060307  0.46119972885423
-0.70192929944271  0.47750986747601
-0.76029663323615  1.13175780044769
-0.74744294313028  0.94226170784634
-0.70653793594600  0.74485115174154
-0.68429902058015  0.58277005036496
-0.72559170531481  1.76020558253592
-0.75787592638967  2.41195057108754
-0.72367258711583  0.97971344408620
-0.67399470610094  1.33717976076716
-0.67714457447146  1.33418069944116
-0.66498635233383  0.42987421234906
-0.73720869279351  0.46584296927467
-0.72646443425399  0.55767436468760
-0.76062345805429  0.88146828521639
-0.76473392295116  0.40383729164175
-0.74029179781371  1.27667099176060
-0.76139104123079  0.85877049671988
-0.75708221791266  0.32275448312170
-0.72009580909488  1.85120109876076
-0.77759274692628  0.42103104606670
-0.70947592399200  0.35737944164881
-0.82187034867998  0.97435049083952
-0.80265299528988  0.89912085778433
-0.79667149124509  3.40016989188979
-0.78319129853591  1.04318088896757
-0.72203785972312  1.21871528419968
-0.69553460114017  0.82151774303879
-0.72834358591131  1.36204347545777
-0.77332600797480  1.37444410688903
-0.79257489467149  1.77034482885544
-0.80360940090773  1.46016681858933
-0.77896149045454  1.38154115094854
-0.76695973364927  1.18886594064567
-0.76020959294903  0.98433471702917
-0.82222303609802  0.56884973548801
-0.81810025227957  0.60636827735339
-0.82635538884272  1.46912704299262
-0.82244531689471  1.40833794498128
-0.81465654400547  0.89007135979295
-0.84005028886127  0.63590129395137
-0.82978063821988  0.97408343587895
-0.84156432499110  1.07384784004004
-0.78082149903805  1.15168786853818
-0.78776929032061  1.26042895850447
-0.78532352460407  1.66550295031545
-0.76659074662895  0.97038613978243
-0.77815093331733  1.30180151081509
-0.74297293151745  1.62816251184815
-0.72090073196943  1.63742406672139
-0.69159459430664  0.68487188441497
-0.69918081031218  0.93853032326921
-0.66109326361775  1.25793983906099
-0.71160018651855  1.90785007344911
-0.73258558692530  2.71995326272264
-0.67845067937263  1.82813915393259
-0.70124659060825  1.58522593120242
-0.53945633750921  1.07123639708054
-0.50689033232197  1.70854077089611
-0.56041253580090  1.30386435069240
-0.60740569133618  1.46974698679170
-0.67299295439844  0.76675431248712
-0.65596828135436  1.39806234181732
-0.65503558226579  1.07122539596768
-0.66587626317426  1.28775465664775
-0.69271806853770  1.20786108631855
-0.69233034666749  1.84498266750564
-0.68266539460893  1.67329949472480
-0.68601817049375  2.32012783515661
-0.68556733304900  2.62893215893213
-0.70629698270217  2.99722295336633
-0.74838068001027  1.38314348657175
-0.70556520864827  1.81576518359170
-0.65015626428131  0.34444670771990
-0.68127414941214  2.48689144716678
-0.71755012813725  0.56999757300271
-0.68643168214272  1.38960566054925
-0.72282016200867  0.32655564807431
-0.74490157024192  0.97566869496703
-0.74975996548202  0.92729229358147
-0.74975996548202  1.28787353268537
-0.81575917019230  0.48998049378555
-0.79997444310679  0.36611658389586
-0.78201961847409  0.81934468771016
-0.84929361615825  1.19756467544621
-0.86561326580239  0.82895361407678
-0.85902537068366  1.67117527670415
-0.89035619551356  1.37282314082231
-0.86031307589582  1.26982189872787
-0.90612809485307  0.73950065602880
-0.86161756596217  0.71975715701716
-0.83493870695452  1.00916568022884
-0.90818152338736  0.77208447603769
-0.86958924224272  1.57828757867778
-0.92738286479629  1.06302961430036
-0.88998812030307  0.62097417189078
-0.83987313967506  1.91678058618797
-0.87364653857938  1.99134234806067
-0.77660055944403  1.61931861792643
-0.90481016978717  0.81548820305504
-0.94689506519866  0.64069130708931
-0.90538902747069  1.23806799081584
-0.86985918668028  1.17249809446427
-0.86394487367209  1.22134986317313
-0.88811897429469  0.61258755037183
-0.88638271448448  0.67772648738334
-0.90586034727811  0.75240667327337
-0.91236156364539  0.73006056285429
-0.92718569744717  0.47439521015631
-0.95213202735825  0.52890459781690
-0.96441899254747  1.17645214864542
-0.96974293509477  0.77503949043829
-0.91495638060107  1.21263688376997
-0.96209697535401  0.77683125273704
-0.96388999970497  0.99966441346613
-0.99900903006763  0.56797370884310
-1.00258157794699  0.62072718386369
-1.05070385906562  0.42335395349743
-1.03808779830031  1.67983935932942
-1.04404470217546  0.47961814022187
-1.05010383115327  0.39086354678812
-1.03662304009903  0.31200436844872
-1.07391159838087  0.49917520498757
-1.08315926651480  0.65817242504117
-1.06337646340535  1.33686818992279
-1.07524181552521  1.50218195274608
-1.04506281038681  2.21286690996557
-0.99369174108950  0.88324465686284
-1.04470711580890  1.00018749176281
-1.02194776898722  1.22025730294284
-0.98673265802343  0.80791853118565
-0.99937730793411  1.63862919988912
-0.98602102888200  0.48814796090524
-1.01355279838432  0.56798998584612
-1.05462230362492  1.77424309326291
-1.04170720968553  0.45518875634534
-0.99121667825759  0.57855193786134
-1.04919894266633  1.28914977630990
-1.01817719255442  1.18704285149530
-1.05000438967539  1.01542690558253
-1.02762095889807  0.76199482810085
-1.04086470863946  0.80916070080075
-0.99175196737877  0.98446000724341
-1.01863403803674  0.53577673563706
-1.07388243726814  0.80182995954762
-1.06595830490549  0.88650281145015
-1.08986322517327  0.81077813543054
-1.15712687234896  0.38010130173308
-1.19053386928278  0.71860433551688
-1.15578999612839  0.50326424995603
-1.20698692629880  0.91811735051949
-1.17599101061149  0.84783103415687
-1.14027749569301  0.51828008366798
-1.16805431134843  1.46026540131551
-1.10685292229468  1.31263309277438
-1.16081388216007  1.75587325135828
-1.16632717992034  0.57710392675907
-1.15456143847154  1.98438985957881
-1.22423344122625  0.88513677395869
-1.25115051330633  1.09275380559238
-1.31339764233335  0.89036445580018
-1.32764781716898  2.34954703367513
-1.32230106200882  1.04468093124283
-1.33427088241643  1.53682031775255
-1.31847834905621  2.95395157513065
-1.32771169567075  0.79804258911907
-1.34181525426222  1.54796848600792
-1.35390869096747  1.50441580805356
-1.29803021308280  1.96760725301313
-1.28246484676251  2.03821517780793
-1.33539658896913  1.11928327656154
-1.27326649741201  1.35816778573730
-1.29059970477208  1.37129415532676
-1.30431906689806  1.87748959027554
-1.30017660309469  1.50081932190233
-1.33721091421452  1.56012545618176
-1.35468023203228  1.21341698229479
-1.34469953371381  0.99985524891953
-1.38779008058933  1.36332306081162
-1.28507242709682  1.41188485078914
-1.30491888901749  0.90052619985525
-1.26085979235581  1.59349379244125
-1.20985879488783  1.94494755729886
-1.19172092647236  1.09890398779771
-1.15941615963815  0.63156828881413
-1.12573264697288  0.49233576582372
-1.02072488841994  0.75895812258949
-1.03838471803029  0.54306687224592
-1.05910134165385  0.61444734205386
-1.03990595065056  0.81647767896765
-0.98052877553972  1.08386345907291
-1.00297915209755  0.63291253104663
-1.09546800928946  0.62135144694369
-1.05710197296517  1.39093366970771
-1.03347058778055  0.97339871266050
-1.05195043258961  0.86880440852546
-1.07426019600728  1.40004403208270
-1.09604444180376  0.69607803945861
-1.10608750875627  1.59829331885116
-1.08034171162305  0.67823438900713
-1.07000870444879  1.47677390589611
-1.03386742422538  1.05558421620654
-1.08601143312405  1.34723295861260
-1.03604271759170  0.85027683896528
-1.03288199689411  1.04452383314710
-1.02237653465128  1.20289252126623
-1.00611469822873  0.78131283337773
-0.97785921597569  0.64368600203736
-1.02628556840546  0.94475823692357
-1.07234690129906  0.87884181766563
-1.04741675326445  1.65381766542491
-1.07687969627635  1.18948331192879
-1.05857308173932  1.65459589405762
-1.07780808087313  1.55668855350406
-1.08367099602258  1.45642911314718
-1.00371492968615  2.14594493110036
-1.01835267588985  1.81482105886384
-0.99277235846128  1.38161550489509
-0.99914434252994  1.41758667838746
-1.03762135398429  0.46999799957527
-1.05335615371706  1.10723521077123
-1.00378295957160  1.05337895361560
-0.98929378049289  2.35452464494449
-0.99538566427881  1.30241006028626
-1.03928197149505  1.31083366672839
-1.03301659909227  1.37110781910372
-1.01537886202288  1.16896060245350
-1.05797398977819  1.34248825592411
-1.15922345184227  1.18507866682474
-1.10289164052587  0.93070131107949
-1.06486216059799  0.64752870213217
-1.09405365664925  1.87100551618225
-1.03687406547799  2.36034313990792
-1.08190452208260  0.93400653592607
-1.08420045111119  0.67770618392806
-1.08152571709409  1.07579832281170
-1.08585763619702  0.69934124925149
-1.06854516088709  0.63468709194680
-1.23165719269451  0.75421270712626
-1.24221394513373  0.81518199240740
-1.17658942699630  1.42968290795788
-1.17391827294107  1.30735669034052
-1.16588480088483  1.53987219760644
-1.16688429752181  1.63382097541694
-1.22689563933910  1.91938782927700
-1.21206139392682  2.31042507426210
-1.20752458308019  1.00666144008552
-1.24351026695919  2.14593375793768
-1.20396919410875  1.34743855175941
-1.15548171340497  1.11703331406888
-1.19287166358550  1.18128737010246
-1.16898907599937  0.70625664981193
-1.07361344154274  1.49434401020799
-1.08295216450923  0.90737123392493
-1.05234916933555  0.91930681777682
-1.06910335990634  1.05362485082764
-1.06267647299960  1.03963038030330
-1.13213198545390  1.54684064355329
-1.15768005437157  1.48816156980245
-1.13243791899048  0.86067065639968
-1.13598768062139  0.69094819577586
-1.11209769777612  0.98011466362833
-1.11628450829108  0.89658017541146
-1.12650606421384  0.52392451527715
-1.11870407984583  0.81469969978340
-1.12031034452414  1.03366017625320
-1.18132917756068  0.91463581136702
-1.12667635258265  0.85076450273922
-1.14916704380289  0.50672578318597
-1.05946039765649  0.71903123588563
-1.05994197507407  0.63077012114214
-1.03421326914142  1.47393904257775
-1.03850302928799  1.17730206394116
-1.04177454829048  1.77286720789453
-1.04177454829048  0.75958606214320
-1.04900229435683  0.84388448104715
-1.14026343561168  1.22214877475435
-1.06928058820728  0.94016983067756
-1.04922172499417  0.81728077322789
-1.01523804999726  1.96161733057560
-1.03685335889896  0.81440859452951
-1.04914015795397  1.18589763837677
-1.05439906994333  1.28064270536607
-1.00802987929561  1.36443914110664
-0.99367621772960  0.75689579946997
-0.98999186737222  0.65989447955190
-1.01461502781289  1.45744852089592
-1.03723512631769  1.06713634771452
-1.04517920095209  0.78972336483471
-1.07973829640738  0.54693921352093
-1.01858459890060  1.08798032600052
-1.01083899980399  0.60259156888870
-1.01123679112449  0.36433292593753
-0.96082588715190  0.75945921343052
-0.94754901104694  0.50399181973178
-0.90749893093309  0.53036784385441
-0.86745314393796  0.54895141362899
-0.88140842378570  0.49868563967797
-0.91173740852764  0.46204353056102
-0.90915835025668  0.36676801931622
-0.87298289260645  0.37811908067998
-0.90887792255438  0.64106343749581
-0.90887792255438  0.87698826751939
-0.90308816351919  0.60560442693377
-0.91007891439701  0.86879572100325
-0.92376331535892  0.47788167574007
-0.86707575717992  0.72816451966900
-0.86063762815040  0.96454277872047
-0.86698602606270  0.66146461307664
-0.84442676637680  1.10328743172290
-0.81278262354542  1.30059040715963
-0.83288149673447  0.78372358273887
-0.84350472051020  0.97203708969921
-0.82699624466999  0.89927198064432
-0.76581764996773  1.07090150846619
-0.79265863699936  0.82890979183978
-0.86910561010362  2.15220097512417
-0.90373773641927  2.99351697048670
-0.95756304739190  2.58670695783376
-0.88334907601451  2.27732455230646
-0.86695331569988  0.97153825773641
-0.89437192211200  2.64563987670435
-0.86024462957094  1.66233768278433
-0.85752794994946  2.05729851224258
-0.82063531536257  0.87250315459123
-0.76956793371392  0.69376995965081
-0.77629185913164  1.50530750095891
-0.74717333614030  1.06131494986770
-0.81542974224712  0.73242983619647
-0.85381110687977  0.84738904926827
-0.80571005921339  1.09742736346600
-0.80730666281002  1.15893658369755
-0.83766088197882  1.74023079680716
-0.77755545566590  1.16875722573926
-0.77330679850483  0.79232039614147
-0.82382076118197  1.45498519464940
-0.80877663363401  0.70119418907456
-0.77127978840649  0.45589822257320
-0.83661437385204  1.42022196714351
-0.81103816558859  0.91822590304050
-0.83049364711151  0.52966427496096
-0.83658741511674  0.34222800074059
-0.85526693998679  0.32086485761383
-0.89316310188755  1.68305197521829
-0.88300639731913  0.82687365858213
-0.86468222194261  0.74779529019634
-0.88116995218453  1.18984200674564
-0.95932830287350  1.61436002343029
-0.91833134372960  0.64697770524366
-0.92568466639466  1.05896079635415
-0.96812916931380  0.70744504146766
-0.91333178505795  0.76521612970271
-0.90703973868454  1.24890650575258
-0.94584002813214  0.95424209631672
-0.93020144943037  1.76650774010626
-0.91633474210177  0.93768751529383
-0.87926245727334  1.02346287142267
-0.88856537458059  0.78599237557114
-0.86082927906787  0.56412548587599
-0.85531777670226  0.77072638274878
-0.85981858576593  0.73617422452401
-0.84981405420321  0.70152163667696
-0.82377157872988  1.32413103096780
-0.80019972040752  1.09785369752800
-0.73871172323481  0.71842314630562
-0.71554713738918  1.60463103815477
-0.80125335358845  0.93299734479952
-0.81384455441979  0.76428598875457
-0.83818875192053  1.66250734814709
-0.87805974656650  1.03144622150216
-0.89969622560878  1.64491695463488
-0.84187210854136  0.76358904035711
-0.92692751637606  1.18567473291224
-0.83957072834395  0.65620678753622
-0.81888440074601  1.21680260677542
-0.85350122572762  1.62208425429614
-0.89515468577407  1.83982365502043
-0.92070001067871  0.68493744191209
-0.97112190731011  1.42204664638493
-0.99795977434636  0.86720589789318
-0.97335542429989  0.56314020615871
-0.91688506466309  0.69710714665185
-0.86428331417859  0.51922837233672
-0.80334945074871  0.33629992156175
-0.72438520372803  0.83873039795885
-0.74445894839135  0.61953547612968
-0.69528915044758  1.35959852038483
-0.67889927734837  0.80776855132331
-0.72512699772909  0.43006068113449
-0.81233707899577  0.43420032771697
-0.81007302326188  0.39855065118944
-0.80019400428208  0.80580163111284
-0.81890670487722  1.71130788890262
-0.86119526390902  0.78514844323810
-0.82814778763679  0.56827615164777
-0.78212791238122  0.62600022999939
-0.80458848078541  0.63337403638372
-0.79085472571814  1.29890298321138
-0.77877973266517  0.93522472194542
-0.80671286030198  0.51394950233751
-0.77438328018103  0.81739456240286
-0.76768027426989  0.62551291021885
-0.79959191367883  0.48566524862157
-0.79229516670261  1.10618615398459
-0.79050280666258  0.82303296208217
-0.79327113675990  0.91754531197437
-0.86694578894826  1.37920464992945
-0.83582191582439  0.91967987481121
-0.83785688603816  1.14583429704352
-0.86227506479406  0.92241902729532
-0.87614011951586  1.50568629159334
-0.87519577069964  1.02160740291561
-0.88738188449614  1.07412891083180
-0.85640586810654  1.18501517970555
-0.89487906989391  1.35834083996955
-0.87781861269102  0.65184903479557
-0.90666434501466  0.48750570830819
-0.85143706459257  1.24588218264099
-0.85727670301521  0.75869900018083
-0.91450419955153  1.10011953577298
-0.89994708947388  2.02504883193891
-0.96885985316779  0.95341008992093
-1.03428488396282  0.83707080681007
-1.03428488396282  0.81147387918316
-0.99333083941070  1.06836624837349
-0.94685202341430  0.85647819858279
-0.87275799500359  0.69562026544392
-0.82830059914509  1.06511173236723
-0.84586300539674  0.42784528080822
-0.82437053184988  0.32845468102535
-0.83461636707309  0.96389503659115
-0.87314523239634  0.71570610501448
-0.89954161388395  0.70986693254922
-0.92015165072298  1.36746434561006
-0.90484929253126  0.97029406997496
-0.90898866993508  0.51897148726555
-0.88236957626115  0.83423335660644
-0.87281782253412  0.80849881819347
-0.87951321055046  0.68753957794167
-0.85625498181270  1.01325203420822
-0.84013233760599  1.12203720283964
-0.86632473296158  1.07960115688257
-0.86695023803880  1.69045838435070
-0.88656350168018  1.07835383547221
-0.87064636909400  0.87683857530063
-0.95498128581491  0.71585064117786
-0.90174652461357  0.90408823963479
-0.92932264812951  1.45909805037383
-0.92181425381060  1.23005076330323
-0.88361189509801  0.72889996495957
-0.89519817776513  0.82797440151536
-0.85579318262563  0.68620081473197
-0.83757427431483  0.47777757981877
-0.77870690128674  0.84600709239829
-0.75017371836101  0.99790544246434
-0.75121060426195  1.78747269759119
-0.75694281094620  0.86015433982079
-0.71856107164331  1.01364839377004
-0.77638696688259  2.34423808360519
-0.72964507790886  2.29830839833287
-0.75868860463716  1.12521478999201
-0.76062466774086  1.54811733057378
-0.70018589455720  1.67762657305220
-0.77131176534401  1.66248851978387
-0.62909136361435  0.85762159889386
-0.63523903428479  1.30157572103489
-0.65349560917248  1.57418889161377
-0.65170923403382  1.57322104833247
-0.64147119586965  2.34019888268308
-0.64576228044719  1.49257767275807
-0.65813477109881  1.52815506344093
-0.64984559186139  2.65431112891959
-0.71529747464203  2.17105818244704
-0.71086950450548  2.02539716451308
-0.71086950450548  2.45853906534479
-0.72090041938551  0.60912807660729
-0.68894163784723  1.28976741061714
-0.73891712141173  2.85710156891944
-0.79318909346238  2.03093209020325
-0.83079030727129  1.03488299894934
-0.84005689706267  0.62102238232393
-0.87410253014108  0.95550380365625
-0.85401745518069  1.47455450477490
-0.90850182641284  2.55037510414260
-0.94943622343465  1.34879866268582
-0.95323573373680  1.05991269894533
-0.96863152303579  0.93955531943853
-0.96082268659729  0.82527631325186
-0.79524305592265  1.55254255101056
-0.76555457988235  0.88070361624954
-0.73718024335093  1.55171707970020
-0.72597697440529  1.56439862159209
-0.74491257051655  1.41891491598192
-0.74828559896013  1.53192950056516
-0.79202117569990  1.34784478000386
-0.69005908738787  1.26449556086419
-0.64873001865049  0.67953972909222
-0.64726321973986  1.13887403183141
-0.66948950686889  1.41192701138071
-0.69253811608571  1.02421429816419
-0.70995891907188  0.34869124670529
-0.78246295246524  0.77472162984584
-0.80892647106205  1.76985808662275
-0.75362017790857  0.87852749968380
-0.75317696598478  0.51685326003847
-0.74890818254596  0.39349075161453
-0.73690784942870  1.75596230001483
-0.68060920594496  0.66140626369924
-0.71639391446635  0.72934856746329
-0.70149051998356  0.64422463897753
-0.70181055751986  0.82620611039106
-0.80096745024939  1.67149905208537
-0.85546493094332  0.62072204813768
-0.86607205384110  0.73214070787220
-0.92040081230501  0.86052853946597
-0.95963785628334  1.36308297453959
-0.97879976501087  1.09197794415679
-1.00067882227345  0.73868870847842
-1.00955328998460  0.51697401286343
-1.06369944198545  0.53393409441667
-1.00585978344842  1.15325077602393
-0.96151528219376  1.37877749760260
-0.96930478591395  0.51022848998462
-0.94863150580601  2.03021568308072
-0.94245351199020  1.58474296209701
-0.87697839577874  1.22750072637537
-0.90386138971921  1.05352733871481
-0.90299285330525  1.62067465334204
-0.86773700234320  2.05749672845162
-0.86830156075551  1.79621177477538
-0.83918658295723  1.38834899394345
-0.84074055127242  0.52204737192941
-0.88627219057666  1.38113261860083
-0.90369947079265  0.45737472495101
-0.86533174398052  0.61656564226819
-0.91999347660381  1.62916249256413
-0.86000085030524  1.08770152448376
-0.87663931202031  1.55160843666053
-0.94135346756526  0.79392392978417
-0.94960791012881  0.84009350656386
-0.95549795875131  0.77897848546629
-0.92366167322547  0.69050888014383
-0.95944416236009  0.96681903561869
-0.94529234939406  0.54266731736656
-0.93837310441356  0.56108078476112
-0.95039558331272  2.54136126914115
-0.96605558469700  0.49472997314122
-0.97714223854371  1.85144016284567
-0.91586276906290  0.70956063488732
-0.99756634787426  3.06238104451956
-0.96189024688367  1.15222999884795
-0.96430843960868  0.68609491922015
-0.98226543664703  1.10328348984273
-1.03595039109882  0.62319563426631
-0.98002231822879  1.25851857484189
-0.96715163639755  0.64742738543729
-1.06024984894081  0.71426021273246
-1.05055016006941  0.67146139770589
-1.02098333534056  0.48785792216629
-1.03393998390348  1.23983508692057
-0.98788902415324  0.44023215446042
-0.93405811850500  0.81329655649424
-0.98985987209740  0.48323507992178
-1.02338450021767  0.47440305479719
-1.00206396551861  0.81254800285726
-1.01677241630782  0.79662467566755
-1.04100872327168  0.83604549706648
-1.01184683535633  0.62520251131401
-1.05311225072531  1.07025576316706
-1.07864408277100  0.90229437399669
-1.05528647692435  1.05589246573972
-1.03189185575550  3.37753998794625
-1.05482280874743  2.41627547546997
-1.06642947810681  0.60614443809923
-1.05118949518417  1.42613825022239
-1.05492182545131  0.67832692033971
-0.96092008681914  2.00199801050916
-0.93472594532029  1.62540509445554
-0.83390257436095  1.04437647532868
-0.84501760745926  1.23977037131717
-0.81345990993589  0.79681757547858
-0.78523454216408  1.24806182338731
-0.81737930793158  1.18648370987287
-0.82197291689362  1.67226623660466
-0.81299774577847  1.01443201062598
-0.84322628976629  1.11502929117258
-0.81859637507478  1.40933888841391
-0.89043118133745  1.80273987583375
-0.86643209920555  0.94109751241170
-0.89441066538601  1.83252081875569
-0.87399377880100  1.73951658718462
-0.82154140751211  2.16517347008089
-0.86143336682925  1.49914302857987
-0.90188172426658  0.86500239744531
-0.89758429004326  1.64646637393252
-0.86807292274494  0.55805500157585
-0.86412895905553  1.55892469455832
-0.85265008139591  0.76158068316549
-0.85381408670012  1.02717197145121
-0.85418696085933  0.45957318567388
-0.90166916914125  1.10527324740143
-0.91855473062596  1.42266664899458
-0.84105645705798  0.97303785533324
-0.90890948104558  1.43662267163339
-0.88090375705113  1.24656208951138
-0.89712360926739  3.26207931760495
-0.88871883389793  1.81913391615947
-0.96474732357886  1.63443855147678
-0.91531282130868  0.91977854198376
-0.98232552240518  0.97844738668596
-1.05057259073062  0.51510306795407
-1.08906981195981  0.75043701437511
-1.02739083121083  1.29081542636664
-1.10409287332274  1.31400491592256
-1.13498079239257  1.32313889656625
-1.09598161578737  1.49912984911549
-1.10888849391031  1.64216781885457
-1.16301841658353  0.68120403076310
-1.14820562736319  2.34147434204612
-1.13936653956309  1.34499977223569
-1.13506023244221  0.72010264403130
-1.13416607527833  1.42705554487808
-1.10568758118626  0.81569263671904
-1.11732019832105  1.23516434374216
-1.11907945576058  1.06520665554578
-1.09686831410291  0.72121159082410
-1.08118970135791  0.64680563121271
-1.12203540966902  0.58991875268411
-1.08965191976362  0.69459245222376
-0.98965010089801  0.69197777585311
-0.94801763661327  0.46637312265858
-0.94986205942816  0.34311960374677
-0.99967843539375  0.81620250396073
-1.10231485100450  1.43437953293506
-1.06338537440563  0.54539196627579
-1.03454332943721  0.93860963576926
-1.02340118655161  0.54315907119218
-1.01169466200389  0.74792438397963
-1.02789947400479  0.55802617528129
-1.04605899999033  0.36801666447326
-0.96446413213511  0.80853039784691
-1.05422018830268  0.57245073311427
-1.08098513032691  0.79125152896096
-1.10533801013941  1.09167775633147
-1.03502915560584  2.09587021180258
-1.11502747834818  1.42986020291042
-1.13876358778665  1.96479561094778
-1.10712584902028  1.83902987920465
-1.12311710840629  0.83425831336500
-1.13402757171656  1.07000504885678
-1.14103929518614  1.58426186899071
-1.15658463254600  0.80213498622424
-1.14400286385980  0.69329605159458
-1.17182029712445  0.92102331663298
-1.13695716687709  0.46656406293632
-1.09603205767042  2.66837284794673
-1.09641857476541  0.79094396763448
-1.02252347285094  0.78836525923372
-1.00448853523778  0.71391324076003
-1.02685686742702  1.52149813771621
-1.02599015610069  0.70845960847033
-1.06390344498527  1.56917406587469
-1.03880374345731  0.45960349309167
-1.01959124913744  0.47708269459380
-0.98153902870342  0.34331941826644
-0.98480687707905  0.98660526338007
-1.01727384567397  1.08786675509822
-1.02030600882908  0.45956462098195
-1.03443746692203  0.64750477555532
-1.03796937550800  0.26184734727495
-1.03984942283580  0.92351211502252
-1.04545957390740  0.56979065412196
-1.04374493898449  0.85979835296282
-1.05733786646158  0.85854508117826
-1.05643458142243  1.31510278396477
-1.07413283042520  0.96891911523416
-0.98648801558761  1.04977613852861
-0.97609058770782  0.66114570162859
-1.01205940817937  0.95586389798958
-1.01177354411746  0.79343789617877
-0.95883072056325  1.09455566582831
-0.98993260463898  0.92060825552725
-1.00255582572090  1.11792230173789
-0.95214498374499  1.80765643276065
-0.85828146026584  0.97733353615440
-0.85156048075675  3.06685738194180
-0.88475413610571  1.48694312451625
-0.81139038546100  2.43303844604877
-0.79778525135905  1.84888567576477
-0.82505529200083  1.52336416032551
-0.79518270023111  1.12300793972091
-0.84518517319009  1.40191671038785
-0.87433697155150  0.90908012350688
-0.90167734531562  0.75271109501037
-0.85124301475853  0.39853343966290
-0.88489859373213  0.49878533527172
-0.92284709741166  0.44800501700861
-0.91905142133121  0.53218316957813
-0.93031446764105  0.61764015244893
-0.91654332256432  1.37378729709263
-0.76741910044164  1.25857282993826
-0.81562096933686  0.82186712678670
-0.81239437623110  0.68756255624036
-0.73516645223808  0.89081678543997
-0.73030854616522  0.43153315613920
-0.69151998455039  0.70869081701526
-0.67147357125216  0.91023717733451
-0.64463135864582  1.05460264699716
-0.59372247611766  0.55916503048852
-0.60861329885228  0.76345526505802
-0.60054667548424  0.69497138666606
-0.64377262074092  0.55422296112962
-0.61988001357058  0.55636944930046
-0.63905635556318  0.64197821324690
-0.67033151800285  0.68697989971798
-0.67519332894996  0.51781200388134
-0.69883230557307  0.56906905126805
-0.71678775720860  2.76098449133969
-0.74191223502529  1.12732963275065
-0.71761169352835  0.85830060811861
-0.72701606234358  0.63300386328840
-0.73195105412129  0.54742017891774
-0.69579687846500  1.23492575716653
-0.66026230936233  1.73577284814901
-0.68922085581681  1.62342190949287
-0.72086253830120  1.50690616980139
-0.75553295916395  1.48208942005482
-0.77184514991930  1.06285568376323
-0.83487098734819  1.04304549877700
-0.80392195312156  1.45841977178339
-0.72593156399339  1.14180181977571
-0.74174338689977  0.56724895571947
-0.74264338780626  0.31481865360114
-0.78247063426779  0.87601163102758
-0.79048305392547  1.47498547560962
-0.71161821824888  0.56387445875706
-0.61434483538170  0.38544706015514
-0.70122699824713  0.50632292987984
-0.70405959260635  0.63229043121233
-0.65634290865739  0.66798195201131
-0.58519069783053  1.56133408409094
-0.53618086793652  1.50402863877785
-0.55356030777807  0.80043493380261
-0.57863386869961  1.75051578832758
-0.57869669441503  1.13071243957841
-0.58917895872834  0.73580248960980
-0.62314523929490  0.81658059786268
-0.59837056992576  1.31754757959568
-0.68376804295725  1.00969456334799
-0.68319538384648  1.61203008939446
-0.67229816979600  1.29813510866697
-0.64425000024178  0.43749343826816
-0.59975859329513  0.60047759336204
-0.63040030901939  0.67996457746345
-0.65419728823118  0.51739451854428
-0.63138006463734  0.59432315107721
-0.66915220241467  0.55259912334010
-0.67376938777408  1.28440648492181
-0.66853024377294  0.79564416003062
-0.67672809941562  0.62998756990881
-0.66411678743126  0.87647561814064
-0.65989672511664  0.62315851901874
-0.66581779602023  0.74697988380013
-0.64172309997189  0.72655773609965
-0.57431980714652  2.80374872074581
-0.54170223106211  0.73039820713193
-0.51259971577385  0.78196840012542
-0.52668643437511  1.02589223814433
-0.56297511247016  1.47091627935303
-0.50425449219038  1.22416252853733
-0.53938392291021  1.16015960013603
-0.53836611921793  1.44429578059537
-0.49580738246722  1.23620106403936
-0.47119880824688  0.68937651973982
-0.49585905729744  0.66651587700733
-0.55309654265397  0.56085715583444
-0.57457489921700  1.20312017193887
-0.55647992216601  0.88420364321874
-0.54521685923011  1.26514748262160
-0.54655341883591  0.87992751539010
-0.60700803611986  0.83958269859262
-0.61717077258715  1.32025560803559
-0.51857735627183  0.67457272321371
-0.51164065949214  1.35215731754589
-0.49289137970783  2.08269992851511
-0.43437741088081  4.89566924599890
-0.47735434516641  0.94344879255845
-0.40396769390237  1.17870095690750
-0.39032376688138  0.80294774097012
-0.40563629070590  0.82567858112340
-0.40229755998095  1.21868162681911
-0.39433176577958  0.94695483071595
-0.43340109792827  1.27346086552898
-0.44513979691685  1.10237081831924
-0.45202093183242  1.42494196110888
