-4.32706586640321  2.82783647463295
-4.31388896285331  3.96503488046854
-4.27146848272933  2.92516855056322
-4.29868677673320  2.57734993527690
-4.23964250114078  1.36480769547687
-4.25507135642756  1.66949882188776
-4.26781360649018  0.93100276015322
-4.31719815183935  2.34557103891206
-4.33051122573711  3.89316990238796
-4.34184630724323  1.21328997303775
-4.33091563003699  1.06998109468828
-4.31043990284781  1.64626972617459
-4.30986602254974  1.73405594908128
-4.30167946717659  2.39576205436555
-4.24951798837324  1.99478388707776
-4.24794615431489  1.49721410256724
-4.27685988590640  1.74599659336390
-4.26280348166075  2.23633157887248
-4.28447984901496  1.34624167129819
-4.29555487574138  1.81343471301750
-4.29316347267831  1.42276096966309
-4.31009586224096  1.92020805139487
-4.33485908151534  2.35807593279644
-4.32443839057250  0.76173535805564
-4.32186102073773  1.44444839235503
-4.36743696325491  1.28072772989666
-4.33957492813000  1.28420892007609
-4.33916515319777  1.09390861798075
-4.33102785269132  2.04297401934092
-4.32756313297409  1.13943555946264
-4.33165680656110  1.35921990418744
-4.29357843981974  1.56383781033922
-4.30840920461542  2.18107190344291
-4.28334121851305  1.69362150105700
-4.34975103931328  2.21745258228721
-4.34733690489824  1.73795152899759
-4.37818371933433  1.82224344745578
-4.36407837034433  1.77033181859012
-4.33461945135246  1.35843675108092
-4.34702601405618  3.11868086196697
-4.38362850451202  1.78413765487916
-4.40699030551291  2.30629221829232
-4.41939203272910  2.00606180005850
-4.41001151041782  1.64933133474432
-4.38728547638718  3.32704132194029
-4.45726009905223  1.64114717395904
-4.44557958883139  2.92453587054342
-4.47164376183531  2.30093356712789
-4.45885844054381  1.67034964030723
-4.43748872961836  2.89065070529272
-4.41885447817016  1.38550739654367
-4.43496626553919  2.05927817788857
-4.40368795269489  1.75324763002391
-4.41335302482900  1.56859495192934
-4.41845091235608  1.69331097066779
-4.40213998963125  1.48567669578042
-4.40030161448976  1.62620807052367
-4.36198319558760  3.15541998747221
-4.38780859061275  1.65331740709087
-4.40226592844106  3.36097215521138
-4.42770375915020  1.77740436568304
-4.43040907599321  1.94929668660917
-4.41701039892730  2.37274712070746
-4.41214136750071  1.55952255890859
-4.43093643445815  1.65569907524802
-4.37832369292825  1.33427660812222
-4.39821432255569  2.15154593282735
-4.40930599743911  1.39137187276959
-4.39976710767601  1.81194817426459
-4.40297366920255  2.49242129451755
-4.43982414978658  1.95947014049654
-4.43966244143611  2.95228163598520
-4.41490189279562  1.65093555125242
-4.41659224506845  2.10127647763805
-4.41522655525452  2.46594269561051
-4.44515664256753  2.69141176161718
-4.44502595598657  1.92515181711351
-4.50957745041608  1.84610641152630
-4.50957745041608  2.69663703267038
-4.52104625060884  2.00652452876168
-4.52745262840669  2.28311617633940
-4.52727539937961  2.27075650543247
-4.46705719527416  3.28669028906564
-4.48382713472760  2.67856688102690
-4.48196437630690  2.58284935514647
-4.47936055614981  2.41102163594400
-4.47033979250658  2.81059936671135
-4.50085213965109  3.33676936815633
-4.48250409174591  4.00630221339233
-4.46356311439863  1.75560460383513
-4.47625828983076  3.18637430588352
-4.44593315267358  1.34389970135452
-4.47164404835383  2.44959147572584
-4.46452648577919  3.42943059215315
-4.44929174933523  1.72440071853859
-4.45375817099862  1.88502261246654
-4.45477496210595  2.76752210030226
-4.42038945302447  2.02103646804717
-4.40865639936384  1.77615938452851
-4.41167109782272  1.61940196637549
-4.39383484447592  1.88953728314264
-4.40562536435874  2.72720737418780
-4.42493951073195  3.36361063239545
-4.42871378096049  2.05842130068063
-4.40144600444516  2.04982772853389
-4.39053532030398  2.01326989528227
-4.39907017371084  1.93471137274165
-4.41689640470186  1.70551086135649
-4.42699715144624  1.91295737629476
-4.43552363260414  3.09751363209579
-4.42301284679646  1.88071627163466
-4.42686863525228  1.84971700187047
-4.45213621738100  1.99900897567057
-4.44601261346753  1.69711025766197
-4.45698954376982  1.49645615470221
-4.44436295814287  2.13997493216585
-4.47020680297383  1.52138374788721
-4.48758861937510  1.80829490904135
-4.47320413914496  2.62437653100543
-4.49684019792538  2.96303403330239
-4.49325687606227  2.26952211020717
-4.46556495730675  1.23338991912702
-4.45288938458909  1.62960112406410
-4.43308331303438  2.28892600496557
-4.45399801190171  1.41485886413026
-4.42868833689120  0.90053845417885
-4.44082780106430  2.79218449531693
-4.43437538330321  2.02946021188740
-4.44919551631152  1.13808836999838
-4.44557195725126  1.16351837710446
-4.45348461235725  2.29744545759054
-4.41910882595937  1.99437326694698
-4.43072886283612  2.68819682817676
-4.45720144017840  2.67987658607938
-4.46359319808104  1.87863330687569
-4.46409622670450  2.02625753625131
-4.45961518212988  1.53448271022812
-4.45969638079019  1.71696088786274
-4.48276564177839  1.52836466045457
-4.46979132851930  1.99911867384118
-4.48629478197109  1.75705965341988
-4.51955542874349  1.47883141550770
-4.53570442797467  1.65965304039962
-4.56164758442696  2.75568812021802
-4.57198669179391  1.73509321027543
-4.57198669179391  1.28734422152718
-4.52832604135876  1.51767941600196
-4.51054186956914  1.25353268264076
-4.50215200176925  2.35683289600198
-4.51753112893670  3.38287546390462
-4.47050801693934  2.05886510613446
-4.47240311348491  2.12824115604899
-4.47983567741503  3.52712582708774
-4.45456335791417  3.00492052551491
-4.44047327248458  1.80588012526382
-4.43446676307411  1.07752013059086
-4.44659751835376  1.76456283463628
-4.44490046376703  2.54518809229670
-4.46713561945958  2.09886105256403
-4.49270214931640  2.59955957974382
-4.48410586506663  1.47611309784381
-4.47078298021281  1.75670045531935
-4.47721083192169  2.78958789957290
-4.46977863659928  3.88979000459485
-4.48716620891026  1.80303194508339
-4.50056493242616  2.35770849528462
-4.49524344967197  2.11049672223311
-4.49600460513857  1.76706175109650
-4.51512955547695  2.56543146815091
-4.51685703703664  2.36645326219801
-4.49148924330774  1.55474585238947
-4.50490239912990  2.44108948544432
-4.50213818366732  3.57757541039908
-4.51137503629688  1.81529172025737
-4.51454370795950  3.07131655379089
-4.51958759887468  2.40932790611230
-4.51483634184154  1.79948369630367
-4.54674985435222  5.81178049979145
-4.56800088442730  2.53270921848850
-4.53044981683324  3.25197701852341
-4.52778031453593  2.00637044707215
-4.53377835451340  2.34619453959560
-4.57310673320786  1.88577068373468
-4.58945465488952  2.55022666570574
-4.56773141233607  2.35218113231381
-4.57073460450832  2.72481721278304
-4.55940866337242  2.36146649175316
-4.57863428129864  2.56868638781711
-4.57246273065904  4.50926513298814
-4.57725204909684  2.32569662517068
-4.55530514915950  2.06271136305130
-4.52898933055617  2.63406004907419
-4.57076242086539  2.36108782419832
-4.56128287328632  2.00598277634856
-4.53871104508991  4.08939739013887
-4.51007995193688  3.97763708377455
-4.49822641223527  2.79685787408819
-4.50671578994431  2.97992227972124
-4.55795177556426  3.31650346269385
-4.55421377380977  2.18893372111211
-4.56683015671812  2.64415157385833
-4.57539392307300  3.51395973178633
-4.56323478918390  3.55760248561461
-4.58625478579385  2.30636058899498
-4.59127741252002  2.60856631497986
-4.57889789082935  1.97742622002585
-4.60624066918329  1.84281987549898
-4.60654074083353  2.96924057255808
-4.57089039744624  4.73315173065459
-4.58266937706187  2.19804958858411
-4.58657142913164  3.25069843779159
-4.56390336249496  2.74346016425799
-4.55864904827044  1.75544642286983
-4.53383306300960  4.14084182224168
-4.55078288638390  1.53218858902566
-4.55683509356953  2.44221878454581
-4.55597557839837  2.01144662738390
-4.49567361983611  2.78597004800541
-4.49424674850634  3.88175611819813
-4.48801743684973  1.42662427942741
-4.53611248381998  2.53159432919751
-4.54756833913413  1.96220301582044
-4.54590896297962  2.34413607047228
-4.55411067849399  2.42432445773471
-4.52133127809099  2.07066157331972
-4.52577594823366  1.77137706064418
-4.57314575089137  2.77988554805093
-4.55757685663824  1.83500683085866
-4.54029511317618  2.27185461669759
-4.53865105818000  2.42645248324271
-4.53377388289396  2.67650996972312
-4.52734640281440  1.64783958492925
-4.51614502513572  3.53912739138451
-4.54224846405917  1.83609768933398
-4.57880036421918  2.08135561742264
-4.58569429563990  3.07248417175155
-4.55179343368372  2.26448984251574
-4.52661723201460  3.08093777697185
-4.54124746171100  1.17455905116534
-4.51777158320755  2.56573475444583
-4.53650473983900  1.23613015860475
-4.53667199934349  2.38272912176840
-4.53944365068767  1.89558383719858
-4.54766826722553  1.99440539624651
-4.52193964426027  1.03453544033906
-4.53832715784601  2.67882040207623
-4.52349370083138  2.59726384120898
-4.52245793099749  1.87570139642379
-4.52661859759580  2.71478165172987
-4.50498025465478  1.41562991957393
-4.47514077800943  2.51610392432732
-4.50263700394130  1.26693098616316
-4.45851460866926  1.75819511929566
-4.52171562288174  1.30493986569927
-4.53658610270014  1.55627887505528
-4.49371188425034  1.74130816677206
-4.45782587243159  2.25754174719552
-4.44874322763874  2.62336457560130
-4.45244536381217  2.34089553977851
-4.44712032606754  2.81487286564170
-4.43987269848957  1.48565223755006
-4.41210165302028  2.77214018867375
-4.37666876305289  2.76310580718914
-4.38740982418211  2.41449251050527
-4.40084773496092  2.16825091159099
-4.39617516683975  1.79236275463472
-4.37694230569087  2.28822910877307
-4.35804898947422  1.83798975342960
-4.36526943493590  1.33195664753633
-4.35682285676824  1.17725101537378
-4.37380667849331  2.94230705760594
-4.35374251070913  1.63796647967571
-4.31662321128465  1.67259858294118
-4.31101047302484  1.41938159800561
-4.31913728351517  1.01624688797874
-4.28520202876908  2.42570120652310
-4.29163188209985  2.38057315227166
-4.28688816641107  2.22585990168108
-4.25440080747054  3.16326999480543
-4.24345513616004  2.45551631647352
-4.20091019356407  3.92897356025621
-4.22124968928420  2.92545922477046
-4.24584233366378  3.17927677271447
-4.30571871125714  1.84912977416421
-4.30844094656770  1.57238240105688
-4.29474700346496  2.76619848917451
-4.29209148019480  2.50023674368380
-4.28564354890368  1.88293294511059
-4.29804988739650  4.90536388502309
-4.28330039709895  1.47561729834531
-4.30571451607476  2.10269493909392
-4.30622846875683  2.09411834919355
-4.29834212645120  1.87981467688787
-4.33839395018532  2.03210142006544
-4.33880798516313  2.58092471924446
-4.34741323676560  4.23753295441841
-4.33875140671131  3.64730018072534
-4.34846777896440  1.36366375220913
-4.31648232692571  3.21304934860046
-4.28653165609800  2.01001473339781
-4.28723208214616  2.14067633152765
-4.24920396651558  1.59884866470418
-4.26714625680271  2.36023299277946
-4.29398400069310  2.47044653979002
-4.28309165291837  1.95732779821774
-4.27720302134362  2.87789966985853
-4.25194061417336  2.17312707644233
-4.24790485472199  5.13208576761086
-4.25231178965457  3.46099178658931
-4.25597536642093  1.35773485298040
-4.26633338487393  2.02856422560855
-4.23808061584067  1.33512435606666
-4.21872767759118  2.94337383358769
-4.20267786790174  2.20556305285967
-4.21729313765272  2.52870142271708
-4.20694219081803  1.54503271125143
-4.19202963317739  1.04430098187154
-4.19202963317739  1.65205390653099
-4.21593810862633  3.34321515336082
-4.20041490457771  3.69131784179595
-4.21298259358042  1.90161907244718
-4.21599251726308  2.22916116068666
-4.18064159778440  3.06163818050078
-4.17563239901322  2.03283648983832
-4.19246237184568  1.88474729408376
-4.18832013491150  2.69251586710896
-4.17527373354965  2.33122891265192
-4.15618839771696  1.87089368970148
-4.15704243379682  1.45187427109526
-4.15282813513132  1.09553395594933
-4.15014486807274  1.78044839831543
-4.11509667927037  0.91605755784546
-4.09183790898544  1.39173168537593
-4.09183790898544  1.23698474779894
-4.08438076261443  1.03460103287701
-4.09150511400455  0.91206946175650
-4.08287500898027  1.80114515209312
-4.09631563212018  1.10336972371153
-4.06476059224301  1.30533058585742
-4.08865711814162  1.27619375744176
-4.10336039935481  1.44958956672701
-4.11754312414010  1.80079087942404
-4.16179389142267  1.09080343690851
-4.14805217210680  1.48528570899752
-4.15449155392420  1.20972418048547
-4.15040911174151  1.56200152195844
-4.18876460958115  2.06800544844484
-4.18876460958115  0.76355106661627
-4.17364857779316  1.74870724961720
-4.17204805596641  1.95720033979104
-4.16059299236281  1.66027019257106
-4.16826301326468  0.95478659298945
-4.16826301326468  1.13883649279061
-4.18808533379822  1.27180954495756
-4.12875746489160  1.33206576506619
-4.09725720486510  1.10526018584916
-4.09106588029442  2.44041442721002
-4.10857734689452  1.76501537298683
-4.14155502999400  1.59054550927759
-4.14214196408990  1.57053024716071
-4.13676576674353  1.41335176745288
-4.18295133786470  1.31603137902899
-4.13510367009112  1.12294602417158
-4.13149321933072  1.63624853018153
-4.12197526799048  1.88207520227883
-4.13592457652439  1.56478906029117
-4.13778074900459  2.40092001910343
-4.13586147163972  1.28453183215479
-4.14223161970605  1.04652181647487
-4.20818753752013  1.86547757687066
-4.20280903924941  1.53634324950129
-4.19158523666544  1.27622470360240
-4.15651612754083  2.37820602360376
-4.15893445762243  1.74179707807986
-4.16767185938489  1.48701149555328
-4.17592710848959  1.08730389874195
-4.17211190966641  2.46205084135156
-4.16887763427321  1.58578222289463
-4.16201238299845  1.59497919355423
-4.11965990512193  1.83545484447953
-4.14801950746175  1.31333632379872
-4.16226741350285  1.34694600989749
-4.14016538653566  2.41974588113644
-4.12795268796928  1.88890987625816
-4.10086042832729  2.69794582747989
-4.09363947369759  1.15410938554956
-4.10167986281057  0.83364874416748
-4.12004030226567  1.63366282154867
-4.10448910163046  1.08990722674701
-4.11613934789173  1.60032059521392
-4.09686678934737  1.56619826971839
-4.08343340168619  1.31438034064528
-4.05952036970688  2.06056698827290
-4.05505702666714  1.65081596677864
-4.05117357262928  1.32240379150221
-4.05759641025714  1.32774696373926
-4.03207924406814  1.61256949940688
-4.03905408951900  1.03531989031720
-4.03234593702741  1.22346929870231
-4.00173638048630  1.07995652068572
-3.95316638069599  1.08023571285541
-3.97578573958601  1.64735781337891
-3.97425359657216  0.85938800997812
-3.99234025578739  1.33841781221583
-3.99616255028547  2.51366971671244
-4.03449656208139  1.39939537688804
-3.97985761273505  1.52675958428820
-3.96847488065982  1.31188265254259
-3.91650722159588  1.69452206088009
-3.93880082461375  0.89588998727825
-3.92524452332664  1.25449409900520
-3.94203942242070  1.05463450456546
-3.93607325012277  0.83400108690294
-3.94643839221496  0.51336087674700
-3.94528680606552  0.66713923378199
-3.92318130291212  0.84982321504896
-3.90797743037875  0.73646409804190
-3.94521523518352  1.17958525075641
-3.99631402630346  2.03842598417412
-3.97898652655185  1.45147744446147
-4.00997572686535  0.80622281238081
-4.01516590131416  0.96288120972348
-4.00729050484272  1.18800055679671
-4.01478902723759  0.75590025954294
-4.02345312309557  1.92468175173574
-4.05610728197904  1.14833345433692
-4.08076070781214  1.19059043414488
-4.06147314304998  0.89821972366366
-4.04654174868641  0.88712041660531
-4.06541594275902  0.80203871266704
-4.06090057201837  0.66505904138855
-4.06424252142662  0.54504920854258
-4.03333846169791  0.65947737120821
-4.05056630676438  1.32981730976865
-4.09381186934437  0.78491942255582
-4.07324681705609  0.95640647617807
-4.09336064657053  1.31955338118263
-4.08534689990221  1.72205782170873
-4.08114931836396  0.89763069185378
-4.09697466638602  0.72994551150381
-4.07594262206417  2.19264159267229
-4.07089577234209  1.14126138356653
-4.10261486683873  1.14732486882761
-4.09991529736897  1.11876842565407
-4.10649389863668  1.37165202551755
-4.09651820205883  1.54952903905698
-4.07702664437289  0.68342643761824
-4.14772384590628  0.81636340983042
-4.14546448205239  1.06179784422615
-4.14691248506212  0.74342369632604
-4.14588666699422  1.35364386246472
-4.16133633859313  1.27180696736712
-4.14340814707516  1.02952800437877
-4.13431057587971  1.02223060377175
-4.13025072535281  1.44579330537078
-4.08379837980894  1.41458766126621
-4.07769236132857  1.36861820769808
-4.06017602129928  0.88385433571593
-4.03291255838011  2.18940599057956
-4.04615239838069  0.99725074555182
-4.05908754299007  1.45407874818675
-4.09251488806626  2.22415692235483
-4.07874782864045  1.99632534797029
-4.08067318852328  2.22195358715380
-4.08795465961725  1.10340578689191
-4.08555431125979  0.73453856019233
-4.07230254836212  1.15430113083930
-4.08492525297835  0.76401068268482
-4.09467239005659  1.28624784683751
-4.09522885647544  2.40397077792565
-4.08979801352188  0.97706017886760
-4.06766366055787  0.82738720033157
-4.05113942839505  0.97251040764678
-4.07034875591032  0.61178685570508
-4.09280261567342  1.73683636369796
-4.10611250191726  1.06245726718719
-4.11329963712276  2.16703629390751
-4.13275655428516  0.71175534291039
-4.15432055955200  1.30931120033066
-4.13895054832901  0.85898552589896
-4.15986266906208  1.27116112148143
-4.17275797184109  1.27868679479903
-4.18815759072196  1.57761622182107
-4.17812246594576  1.36364225343815
-4.16439607548539  1.84921755463082
-4.17698193765200  0.98145911886067
-4.16781615926205  1.43443319304531
-4.13053859121801  1.20286679630282
-4.14557571601013  1.42116336810295
-4.14853998373365  1.29613450932528
-4.16157930266700  1.87023930786116
-4.20925077204723  1.48130250095470
-4.18495617998594  1.89814652273717
-4.19412075271202  1.63784758146999
-4.17438637649494  0.95004339078983
-4.19901598609489  1.19533632511196
-4.19890932644985  1.88157976467126
-4.16336697855907  1.46775517623175
-4.16336697855907  1.61902811744281
-4.17125628063649  0.77412738978271
-4.16568987717602  1.30281651415912
-4.16374663823307  1.11335575828936
-4.18744075057789  0.82360324136884
-4.19851480045520  1.61775503080803
-4.19770675490650  1.18007498085427
-4.19876182565547  1.59414645082690
-4.19353139203370  0.92066372205443
-4.19242380712529  1.64753448092129
-4.15018149966669  0.97714487995853
-4.12365817387671  1.03028367783868
-4.14464047948290  0.92470519626193
-4.12617214631689  1.01581409706205
-4.14774604362039  1.08263158654796
-4.12672309944361  1.46137191176532
-4.13672017347610  1.09150425179820
-4.14431404321760  0.98832121373985
-4.15269466093699  1.31253530163263
-4.15552281435943  1.71480132940167
-4.15927692932382  1.13412101520611
-4.16008116514088  2.71823921341414
-4.17164883835433  2.77512399822995
-4.15148787718422  1.06676585676980
-4.08773817770061  1.64321182772215
-4.13399843575669  1.18620200960267
-4.11464095353559  2.05185054739783
-4.13556488165390  1.52780868261800
-4.14391694583569  2.07720541030700
-4.16556634543920  1.73475469809373
-4.16459533746990  1.73428620318738
-4.16459533746990  2.06800762358261
-4.16302947804916  1.03237561412129
-4.14455720334358  1.05995628671042
-4.16254302272897  1.64329978263958
-4.16254302272897  1.61773207539292
-4.14861174081776  1.17564216048924
-4.13974317222646  1.22295650491115
-4.14238720433398  1.47273876123179
-4.15670024646660  1.50766387760577
-4.16014060903145  1.16007293052662
-4.14143352830808  1.28911635561303
-4.13925071170380  1.29341816205066
-4.11811954132141  1.05509809882554
-4.12191878000283  0.93356473385516
-4.13064184213668  1.58974600900765
-4.16002125123196  1.06467138816329
-4.14822740037185  0.99034227303775
-4.15524825092506  1.75317902135935
-4.13514887303215  1.88119567266898
-4.14509314445667  1.61129914295036
-4.12052109177888  1.26109753720717
-4.11083565833032  1.36325464578394
-4.12595451100165  1.36730122775400
-4.14020673696462  1.65117361143162
-4.16942105628519  2.03056088946514
-4.15936464259075  1.00198548376114
-4.15767263362465  1.00486307709076
-4.10852081731260  1.35413786731711
-4.09546954974066  2.22553624547802
-4.09977950708630  1.47079744184355
-4.09077466829935  2.83242377300293
-4.10967449728370  1.44138752336327
-4.10888590407375  1.86767734379288
-4.12019189759159  2.02941600994806
-4.11256312012114  2.17431620988232
-4.12550098071120  2.97533056425683
-4.10721118052082  1.80663775049000
-4.07077416821409  1.79912625665852
-4.10239186725252  1.83350302174656
-4.09315830737555  1.13253251436231
-4.02915298260557  2.46699994057662
-4.02627697525425  1.32781166790426
-3.97229133832535  1.60731299399187
-3.96680225744580  1.97401136167102
-3.93776546064189  1.71547036178739
-3.91825723211098  2.52266820369614
-3.90752838674882  1.75603463818972
-3.89416801512408  1.42596373991945
-3.90358667935260  1.55934992065084
-3.91464684126785  1.34614947471136
-3.92383515058362  0.88727153612644
-3.93149893822382  1.60479423879077
-3.97339217259927  1.76745856871609
-3.94118705960078  2.91696096696146
-3.92901051726111  1.12745801446403
-3.92617403212817  1.73317745694910
-3.93131801986804  2.77196030487037
-3.95173830437250  1.16864783494822
-3.97661098779875  1.90087662236138
-3.96195399719130  1.72964240759427
-3.97522768300641  1.22615825237069
-3.96703235723399  1.47089266769482
-3.99489834964679  2.29108704280366
-4.00016757284937  3.77766731499172
-4.00130256381235  1.83185662233809
-3.99027529258606  2.46151947624188
-4.02005984914466  2.30706427567401
-4.03102648911954  2.45396916935158
-4.00406552168324  1.76994155287823
-3.99420726131425  3.22363629645285
-3.98075354447907  2.39134540001855
-3.97604562931010  3.62577700023034
-3.96853699413830  2.10461147789668
-3.93715789690958  2.49877451730043
-3.95231363624213  4.15329197348814
-3.93784281164832  1.90320156097586
-3.91394431466226  2.26086626808553
-3.91542675588303  2.48732107631794
-3.91365514024895  1.22514836452572
-3.91022947980430  1.43972211408734
-3.92865051015935  2.37072166525700
-3.91193315557173  1.30405141021372
-3.90310027864918  2.29097054371428
-3.93436192535515  2.28661274215938
-3.90480486626220  1.41990055583400
-3.89061824680410  1.43118506102593
-3.87730655490784  1.88290415833817
-3.88881417049103  2.10757653390611
-3.88266888001620  1.60501992853016
-3.88086413032099  3.32376204877089
-3.86329414284569  4.54891286343534
-3.85099422025348  1.34329821083355
-3.86918308794548  3.61357851542842
-3.87350785050489  1.18141355686563
-3.87426192680782  1.51084016524587
-3.90057777332088  2.32536616784345
-3.91573484480353  1.15043444926493
-3.89447232129376  1.79592130686159
-3.86806410363630  2.07280851671492
-3.87633160542125  1.03936537871646
-3.83319200308395  2.26374679962713
-3.85346719676193  1.94104847028735
-3.88829234136961  2.23059471721795
-3.88337042230016  1.71805064214410
-3.91062388720582  1.42436816830650
-3.90951051817653  1.96386180375276
-3.88068125196560  2.41670440588426
-3.85156407215199  1.99471233053324
-3.87753983798335  3.54124527499241
-3.88888450775828  2.49856656936860
-3.85465845281934  1.48362036466974
-3.87918894799219  2.45012745870469
-3.86400824103533  4.20348328272006
-3.83624708545533  1.17461629635319
-3.84691669876698  1.61849883239607
-3.87745337100080  2.19741941370320
-3.86965056931347  1.33321921304549
-3.84629407412949  1.77348689541648
-3.87155092204844  1.79045755441424
-3.84403250579972  1.54545558798825
-3.88679838270461  1.07850747120509
-3.87417774420386  1.43293585091272
-3.86429669558839  2.67295400185991
-3.88488544810592  1.87941389066658
-3.83979023990672  1.03357488033407
-3.81494889075810  3.54104891832871
-3.81326806499260  1.14866409114682
-3.77780624596846  1.45651832676024
-3.83747370145660  1.58970219147646
-3.83373399101690  1.60543021544307
-3.85776297862792  1.20791073519471
-3.85986337698956  3.04142846840481
-3.85796130112180  1.71839868320567
-3.86625707816396  1.54959366735880
-3.86840547887557  3.43324562412853
-3.81598710187487  2.04144648819520
-3.78825272990087  1.32382185416730
-3.80601648593717  1.65640568594653
-3.79359719926205  3.28458020295542
-3.82243882027171  2.24430244879280
-3.82651505845600  2.81037606615847
-3.80532189677999  3.58106224708384
-3.78326285382840  1.89753118279782
-3.78550955388670  1.53985537823746
-3.78155662970296  1.12278522010343
-3.80373016648737  0.93362247352097
-3.75436832098931  1.41555294888178
-3.74711621078236  3.11059708560824
-3.71791721355125  1.14317636494752
-3.69455023727363  1.61133288154369
-3.70627262269991  0.96547567061893
-3.65606870530756  1.93208105901805
-3.62712867039364  0.66791328329250
-3.62354761186118  1.37803364676242
-3.61454401429941  1.35590230535955
-3.61454401429941  2.35873397751707
-3.61090830380053  1.40462150900678
-3.64542053269678  1.38582906060200
-3.64724157469810  1.27407071284369
-3.62933615091467  1.53770720188176
-3.59815653726057  0.82680751473038
-3.61232150451669  1.14834896627223
-3.63648462737107  1.90252629824321
-3.60466144808542  0.98975586105033
-3.60565431367664  1.26064006939103
-3.60200469341382  1.60268288042309
-3.62226612534002  1.52582221732363
-3.62749455175526  1.01962111556018
-3.63025779045389  0.93889445055620
-3.59389316221470  2.75316907710223
-3.57104576575674  1.43999181863884
-3.56634261535783  1.30964437058599
-3.57601075240587  1.49123687800457
-3.57282078694177  0.99786912092193
-3.56880020895362  1.39211163948096
-3.54211166603025  0.82359270754832
-3.55396497077854  0.91881725325692
-3.57002321716876  1.24374820205886
-3.55065763771713  0.98346647733303
-3.55467273173099  0.93515512150246
-3.55542890473507  0.78584431292175
-3.56644108784352  1.52554965009315
-3.56048945248906  1.72317057537962
-3.57093416098648  2.34281698311996
-3.56926620750156  1.44875223705232
-3.59566634408199  0.68557985016633
-3.59765832144069  1.16896680659692
-3.59678162417609  1.46484471370120
-3.59375169215160  1.80415146013024
-3.58629000592404  1.31676118844437
-3.58090007478984  0.84121290487585
-3.59326572112820  1.27804978059112
-3.62842468775271  1.37975475244777
-3.65801671830226  1.94004623670480
-3.62995137019815  1.05972127659288
-3.60448478526329  1.91554542788449
-3.60719181008648  1.96116592891227
-3.63516947774169  2.05807957019358
-3.64534455951370  2.53818311541699
-3.66829981007611  1.31576667571609
-3.66374975017023  1.05516302552955
-3.64939267563879  0.97818434450266
-3.67455365367439  1.34022187487388
-3.64523684773802  0.73997245394034
-3.65515838342273  0.83710359742108
-3.67841497707223  0.66177855336705
-3.68823822349877  1.08094787112602
-3.68906543968706  0.71806402742320
-3.70698282283280  1.34410660562732
-3.70274821251997  1.85512968962676
-3.69778352837751  0.88666273515795
-3.70150239902503  0.72468879884938
-3.65901455626581  0.44646119388412
-3.64975398708332  0.46630324218720
-3.64493913597513  1.50330618353411
-3.66725475242264  0.76969235887801
-3.68530605199496  0.84171420249471
-3.71392063818032  0.88700976270275
-3.65157939041808  1.01402245951195
-3.64461439319276  0.63140466612019
-3.63776557253201  0.73925798407193
-3.65527473492943  1.02854843158720
-3.64807218480999  0.82934305748749
-3.65768933370986  0.67109457936316
-3.64401363378016  0.52609289488815
-3.64703510329344  0.99957838909620
-3.62827448200157  0.88583764297179
-3.61780823924380  0.54701998610123
-3.61889149111730  0.64317864121170
-3.61535165657434  0.36263068319094
-3.61170504986458  0.67659322383165
-3.65646576365917  0.47806305367199
-3.66189942829947  0.57930972643224
-3.69189160914285  0.49914563932513
-3.68234022842799  0.59188593729818
-3.68101843345566  0.46380497220415
-3.69654790173465  0.40535795832852
-3.71292139547103  1.00415273982327
-3.71388636448726  0.78449072266200
-3.73113837853692  0.39259594361211
-3.70954559710167  0.56329692404977
-3.72430777592474  1.11308898550350
-3.73579595608533  0.52392526154776
-3.69350070820253  0.82144873368571
-3.69475772190575  1.05897235236364
-3.70384739677441  0.43759298258666
-3.69412084121893  0.84006641884180
-3.69439743605314  0.63810353544429
-3.70197977178369  0.77810880746566
-3.71611369482119  0.83987593785285
-3.73223172192015  0.57660481586218
-3.69923629828347  0.44564566121053
-3.72412600815372  0.76507032138601
-3.72605929859599  0.79077916169693
-3.71678267679318  0.97636526815582
-3.67911817165267  0.49513929462634
-3.67372273086536  1.52962605954910
-3.68357759310339  0.42243249768391
-3.69426540494067  0.80164525056600
-3.69220588542850  0.92945166594538
-3.66324938235433  0.53622253680060
-3.66485599249973  0.53988758404574
-3.66003154271605  0.68633917859471
-3.64849124581927  0.79202684225627
-3.64016937317275  0.67008254427146
-3.62958655195883  0.71887610310401
-3.66976314021646  0.47575241154794
-3.69665876284898  0.79238075307873
-3.70425037092689  0.51083741842182
-3.70840181128700  0.77240125110403
-3.72887249867997  0.47557042609357
-3.72656291971995  2.02471679993722
-3.74682014135160  1.52920146986164
-3.76782973369946  1.17546117958892
-3.75605865240541  1.85822807294010
-3.74530443559663  0.79126104756917
-3.74822126321554  1.01227468081397
-3.74842867534346  1.53648866179077
-3.70879586579818  0.74303822841916
-3.70610318825419  1.06947010554463
-3.70665924973579  0.61442031582458
-3.71571395294026  0.54380830871225
-3.72382769819443  0.61287785273833
-3.73244618437834  1.07806376712314
-3.72486881570851  0.72656559734134
-3.72319477275255  0.75360826997916
-3.69772906554657  0.80926282389249
-3.74203616154165  0.58223190236140
-3.73704628303097  0.87505042909008
-3.75370257004262  0.86815688538848
-3.72827731902817  0.62439435670342
-3.71580476673353  0.56477758001495
-3.72917263465790  1.27808195853863
-3.72900606858604  1.11300582897945
-3.72504237856173  0.96180615309879
-3.71156878500328  1.89004061968143
-3.70360531292240  0.71265824000869
-3.70091435308115  0.77225018625143
-3.71665161077581  1.10359669688798
-3.68356182812941  0.97856719651548
-3.68459836713712  0.92372409344816
-3.66961018159492  0.88599426078155
-3.67473751139542  1.20433015934730
-3.68530757827811  1.00006121647425
-3.71575187760886  0.96202693102083
-3.74485506744640  0.83423384747593
-3.73280742020173  1.05742333903272
-3.74296673626313  0.82510206694375
-3.73547845547448  0.54873088459915
-3.73093769053157  0.63443020232016
-3.70125958414525  0.75335546079393
-3.71634770286135  1.11958178922673
-3.68696291628422  1.77553921012171
-3.70647373195456  1.16821581924124
-3.65310581306526  0.68016771464029
-3.66403014391067  1.13685026575879
-3.66692064195620  1.05288802321521
-3.69124741808788  1.70385015416151
-3.70835969573995  2.12823179606838
-3.73383381359219  1.17772016071799
-3.74920015430240  1.37494712764609
-3.75792045010548  1.41940471666604
-3.75629798724704  0.99479600671794
-3.75629798724704  1.05580528952176
-3.76688528223137  0.60538079998815
-3.79823520786097  1.25979824849089
-3.81911049818994  0.70322266398312
-3.81102730594899  1.12336437883898
-3.82279511387880  0.86156902179057
-3.82008837884212  1.27344087521841
-3.80623517732056  0.72137304752516
-3.80447750095665  1.25647167801175
-3.81647940454476  0.89759654646788
-3.80872976271997  1.68427498705401
-3.80848653747992  0.85500096942243
-3.78327333943482  0.98443583875743
-3.78844559893854  0.88231128140369
-3.80903398690423  1.62576487936953
-3.79002056365055  0.91339515563590
-3.76074987528092  1.20731451743300
-3.73924708594045  1.75228009314025
-3.74948524384215  0.84649375652735
-3.77047275769461  1.18797530112249
-3.79304582174891  1.25798615596245
-3.79876065291839  1.11744135279873
-3.77673536573720  1.55681569465785
-3.78085199375607  1.63171758527367
-3.76989445866058  0.70603393530861
-3.80791085995725  1.69078077403547
-3.78335459047335  1.83634856439770
-3.77015575346943  1.89824880459534
-3.81009961932185  1.14970857755058
-3.82688216070539  1.53254132213281
-3.85198810697775  1.28395884364786
-3.88725386476746  1.27788366729896
-3.88949811648459  1.84166921276522
-3.88757725880768  1.57530143798629
-3.85636569903828  1.47253830659584
-3.85568085127019  1.37800906397525
-3.83704322344850  1.03181732201015
-3.87942747324454  1.23214765849828
-3.92103534049540  1.41560160653905
-3.92103534049540  1.56258513573631
-3.92831282569470  1.84348960934647
-3.94234773026911  1.19590350605002
-3.95695368206015  1.77757275391906
-3.89812243033102  1.27979531507290
-3.90697760811202  2.22589355330535
-3.92642883461486  1.34205202280561
-3.97215778317232  2.54734992505129
-3.93267398866826  1.34783715938918
-3.94859458891665  1.06486246825520
-3.95186353943751  0.94672637868644
-3.94441196055729  2.60726182610947
-3.94843881490698  1.19079431018534
-3.91110177444005  1.75888964932399
-3.93882383663687  1.88578758519700
-3.94578874553099  1.63076531130961
-3.93364172234924  1.36229415423457
-3.90375102116033  2.62194779770775
-3.89840525011384  1.11402137459403
-3.90184851480811  2.21463734894527
-3.91079190024418  1.95148335469829
-3.91833551250423  2.61471482329420
-3.92674642565231  2.16182352289378
-3.89225788731674  1.11531518589090
-3.87585112826039  1.07824406386964
-3.88601684323810  1.77688994419847
-3.89703407058399  1.92520093012604
-3.90238504501917  2.21172048879705
-3.92378588067717  1.06514746577904
-3.93070195264171  1.13418580832072
-3.88139663379166  1.02720259499464
-3.87522689252035  2.48184669910636
-3.88107139816672  1.23499430737348
-3.86837083005334  1.28838327897020
-3.81916103478831  2.42445502601038
-3.86673172326529  0.78831029821218
-3.91916025699454  0.75523324734819
-3.85502624110031  1.27188103866254
-3.82637735611692  0.94251414527249
-3.86091078866450  1.70972749845605
-3.83707761427549  1.06737598161839
-3.79073670709813  0.94543597283631
-3.77935553205032  0.90648580544807
-3.74974555400797  1.29179113059781
-3.76828058881860  1.04158310129527
-3.77680803748868  1.22159865411311
-3.75504496723858  1.24640058941792
-3.80501258011442  0.90814068557468
-3.80573787935134  1.63998419420367
-3.82505501878550  1.14176014229878
-3.82929046128548  0.76034371925986
-3.83271425555921  1.47202300886991
-3.80046879199140  1.65038219591715
-3.81746564742146  1.63638738117375
-3.83063330278107  1.63355384313861
-3.84284314921194  2.16164856230288
-3.83934294873843  1.57403384200411
-3.87711509158121  1.61752589558362
-3.87624733642374  0.81056025072627
-3.85579029057431  3.27009250752632
-3.88485976836939  1.42198053692061
-3.92868347268829  4.49177481843562
-3.93306605013224  5.21406199940452
-3.89616210626854  2.70945583506780
-3.93165420592565  1.01057751733006
-3.97737572172940  1.39747729899556
-3.95627267074303  2.04778468032767
-3.92405553792400  1.32144337305092
-3.93874859681065  1.72733537699118
-3.87365192133777  2.14901412375059
-3.89688577507453  2.73086666257148
-3.91972441408764  1.52032285172404
-3.91720945992780  1.25062013102068
-3.91474584058862  1.85959979143721
-3.88591513979608  1.27690687808998
-3.88401866704125  1.01487745508078
-3.84707052473232  1.05550004469498
-3.87133387543905  1.34259686973614
-3.87193839399860  1.31067001048371
-3.86823934821078  1.64808090781711
-3.86594209261274  0.87913955715055
-3.89125043759681  1.18282662561448
-3.91917215543121  0.97650661981731
-3.93867420735837  0.98893241131692
-3.92239140583659  1.36060406206582
-3.90742630016441  1.11743629189233
-3.91344438932611  1.24717015789728
-3.90662051559481  2.50788728721407
-3.90208724312102  1.34411603350492
-3.90694893190298  1.26797687928527
-3.91685683210865  1.53580576249662
-3.88220883600135  2.04931947749779
-3.87234021508234  1.63598267786090
-3.88566288147615  1.52371575563533
-3.87830757298979  0.88713370788393
-3.88299079450677  1.04841158724059
-3.86825401765133  1.51577876011511
-3.87112957873744  1.35738790080910
-3.88622002375958  0.93673251508090
-3.87540667866714  0.85479603319281
-3.87319071205419  1.57292134961690
-3.87638439516356  1.12116281213749
-3.86646504621220  2.42314396469126
-3.89820823508019  1.32689552198822
-3.89930565025929  1.27698030819566
-3.86833662005610  1.30789098478951
-3.88868385913340  1.37015859712499
-3.88704688615096  0.84773924680643
