      25.96002621297652 -4501866.15379622485489
      19.96447745499924 -4501868.46142158750445
      25.05973072637579 -4501873.77931523323059
      24.56540889265871 -4501877.12305350415409
      20.85647522326990 -4501886.16760827694088
      23.33955052310531 -4501879.44979459885508
      19.89923748145360 -4501871.47541045118123
      17.33433907589419 -4501866.94333967287093
      14.94907893609011 -4501872.07766153570265
      17.52309529383347 -4501872.69323332607746
      19.83294102452199 -4501872.77696216758341
      17.66004617097811 -4501870.28794181998819
      18.87823104614696 -4501874.64824678469449
      18.01299107154260 -4501877.55265700072050
      17.17958837596429 -4501873.73222418501973
      17.04327638033278 -4501875.91831766441464
      19.46097861502909 -4501873.36213859263808
      16.61651604361879 -4501874.38225887902081
      17.77817548003098 -4501878.45650519803166
      13.50058476925885 -4501870.12854380253702
      12.97502108464066 -4501872.05913144256920
      10.16082438940930 -4501874.85286953765899
       9.78882138461241 -4501876.72337992675602
       7.98934831879059 -4501875.12061252258718
       7.83902420634233 -4501871.17330976296216
      10.18043089957135 -4501876.81930472142994
      12.82721780170187 -4501873.63105513062328
      13.90225900156146 -4501872.59880615025759
      12.11876415413815 -4501876.87530195340514
      14.26492831584467 -4501872.53369737416506
      11.38329222869270 -4501871.25251528061926
       6.39949455135822 -4501873.85378309711814
       7.06029704863913 -4501876.27100975811481
      12.08038542617308 -4501881.02819659840316
       9.99896035569489 -4501871.84824355784804
       9.57088085614140 -4501878.85844301339239
       9.45543520916387 -4501871.87440673355013
       9.54435768414449 -4501876.24335964303464
      12.57570896640791 -4501873.99561370164156
      13.69918227512084 -4501872.26579793076962
      10.98510570410766 -4501877.41189576406032
       8.12418757976581 -4501879.66425934992731
       3.85413963551493 -4501869.38596211560071
       5.21350693825776 -4501869.58070301078260
       8.66728563694393 -4501872.74541018065065
       4.42760013894575 -4501871.20202506333590
      10.88080934418151 -4501875.62724915612489
       8.01454789884393 -4501880.43049372546375
      12.66672560498406 -4501875.52923632320017
      16.16184022205134 -4501873.08596240449697
      14.24684814704094 -4501882.64671747665852
      14.77929746578377 -4501879.14534008596092
      13.86910410508291 -4501876.13691023178399
      13.57114680962673 -4501879.35675421729684
      15.33937495202206 -4501875.18775115255266
       5.83419033390040 -4501874.88355056289583
       3.63323653206719 -4501874.13853927515447
       5.54050576039009 -4501873.81937230937183
       7.50507502427722 -4501875.15543998032808
       5.14828089335710 -4501874.13559163548052
       6.37722514561989 -4501871.26856627035886
       7.90344999131079 -4501874.00778872147202
       4.93266898014180 -4501873.53771130833775
       1.32263878881828 -4501866.81126518454403
      -3.36583780480046 -4501872.25806998461485
      -2.94634017265897 -4501869.56133177969605
      -1.41244873015518 -4501870.70606560539454
      -1.07826242192865 -4501874.23077979311347
       4.61954860370298 -4501876.86711912229657
       4.82166005128972 -4501875.23467000573874
       3.46047849609794 -4501876.03941855300218
       3.25459425785921 -4501871.59729455318302
       3.48528385313608 -4501878.33989681210369
       2.04058438097967 -4501873.64290739595890
       1.93677855718933 -4501874.05173927638680
       2.42464015222679 -4501876.62339800875634
       2.82188825737319 -4501876.91151170711964
       2.97475883806223 -4501875.94170715473592
       2.18751579591610 -4501876.77114805113524
       6.72200056313167 -4501876.84673597011715
       6.22702348614120 -4501875.34050613176078
       7.75032891471632 -4501877.45343617536128
      12.21262570622313 -4501876.00913991872221
       9.72095371553951 -4501877.11650630831718
      10.38544927883839 -4501871.88558618165553
      13.03993402376372 -4501868.64799500908703
       8.39961985476690 -4501873.86162124667317
       6.15431128874720 -4501878.59185692854226
      12.58950124176662 -4501874.75964596495032
      14.17064332194802 -4501870.62274156417698
      11.33985668438823 -4501874.06050955504179
       5.84128420523419 -4501878.46009186003357
       8.68581261358513 -4501874.46637625526637
       7.63254484182692 -4501872.51927155815065
       8.57163680039761 -4501877.60446203220636
      13.79665782377017 -4501873.59573370963335
      15.38503242345813 -4501874.66962544340640
      15.20782151706434 -4501871.78565911110491
      13.61409891070404 -4501873.30686460342258
      14.64181118832337 -4501873.43137427791953
      18.13824014755973 -4501873.86902390420437
      15.03456154504160 -4501877.38747481163591
      16.20885120803348 -4501873.31213411781937
      17.35676047588029 -4501873.44692609272897
      13.31191727883979 -4501877.79829952400178
      16.67143771257331 -4501874.04332147166133
       9.77635630417041 -4501876.57608016766608
      10.82505207557924 -4501871.20989158749580
      15.25858347629169 -4501872.99339492246509
      15.30691804420779 -4501877.62416557315737
      16.44278205588239 -4501884.83224443532526
      14.47847984407042 -4501881.22309537790716
      12.68434524856270 -4501882.46013831254095
      12.91191731654921 -4501874.96621678583324
      12.93690000739696 -4501874.46583296079189
      12.28929587800301 -4501875.88348956871778
      15.97994762296308 -4501873.42271221335977
      16.86521884871211 -4501872.95917752012610
      17.20949601136772 -4501877.87536148726940
      16.38968160224131 -4501872.81404419988394
      16.15615284926138 -4501875.17675357125700
      17.31526558672597 -4501873.66043017245829
      12.92390473345062 -4501876.36869475431740
      19.13763121633768 -4501880.71366217266768
      14.19850812389235 -4501875.60879789292812
      14.35733314344902 -4501874.26946832053363
      17.51652991796542 -4501878.38385303691030
      18.69613247565338 -4501878.55906657408923
      18.85057118646825 -4501876.58715382404625
      15.68621394603272 -4501875.02922613546252
      19.86976151340082 -4501871.68348231352866
      20.18258906380492 -4501871.02746290992945
      22.77507531702510 -4501869.13711507897824
      19.91671736438670 -4501875.14028008654714
      22.34211813843694 -4501877.05639426223934
      22.06741983203050 -4501871.00486087426543
      22.06852605271956 -4501874.07750762905926
      22.57853020688776 -4501872.47948392294347
      18.45413979460300 -4501874.43622055277228
      15.64373686682569 -4501873.37560484558344
      18.46754814561725 -4501878.04040089715272
      16.61554914869834 -4501876.85434995498508
      17.53214045378875 -4501875.28183891624212
      14.93935386337904 -4501874.11502589471638
      10.05924434079716 -4501873.41428464464843
      12.13254071399430 -4501877.21459197346121
      12.46307962484326 -4501874.12225632928312
      11.39678601310213 -4501873.27549070492387
      14.08848982338056 -4501872.43381945975125
      15.74709974356477 -4501873.49582063872367
      16.26879940107392 -4501872.11136058624834
      14.35398846877499 -4501875.12233280111104
      10.43495166012482 -4501867.62401934154332
       9.29021547891557 -4501871.36374852247536
      12.27005925792585 -4501871.85382853727788
       8.71725091752660 -4501870.79004144202918
      11.05825662543606 -4501871.10570063255727
      10.59788151922582 -4501871.90193684492260
      11.40512624138631 -4501874.76221413537860
      10.72195427606596 -4501871.70515436027199
       9.18511629496120 -4501875.10659876372665
      10.56333874780356 -4501876.59279730543494
      13.85683530750123 -4501877.82798022404313
       9.84391310428171 -4501875.98290723841637
       5.77484717060100 -4501873.43608955014497
       1.43663152176205 -4501874.67610258702189
       2.99314872578074 -4501872.31347558367997
       8.84554390883557 -4501874.01184304617345
       9.85371633409301 -4501881.65596655290574
      12.52314684781437 -4501875.20526870433241
      13.17504045966394 -4501873.01108547206968
      16.86374772557044 -4501873.75638951640576
      16.87565169831250 -4501873.50147142075002
      12.31570791881784 -4501869.69823888130486
      15.73995202961179 -4501872.54054490756243
      13.71746765987892 -4501877.72440577857196
      14.73189360598796 -4501872.87282905820757
      16.11604308868172 -4501872.75727710220963
      12.37840505926162 -4501868.38709820248187
      16.19769878981123 -4501874.48695179168135
      14.62750203563599 -4501874.24825654085726
      18.05479418931280 -4501871.10175353288651
      18.97610385677890 -4501875.79006161261350
      21.95012433787465 -4501877.35033848602325
      21.52430710681780 -4501875.32547016255558
      19.22938227134307 -4501872.22674772329628
      20.05450559452387 -4501874.26748738996685
      18.33254619477626 -4501871.96523213200271
      18.52476559949528 -4501878.42457037977874
      20.52605936359267 -4501872.56772934272885
      14.74268596621357 -4501866.26904426701367
      16.46544179131622 -4501868.37689680140465
      16.54196180050131 -4501868.84807969816029
      20.54665345558359 -4501872.56119432672858
      19.66351536208768 -4501869.03402058966458
      16.09812825648921 -4501874.49266170710325
      18.83530050492214 -4501872.35603500716388
      17.50306046517457 -4501875.47586924023926
      16.81950236244502 -4501872.74374191090465
      14.39739337164436 -4501869.41979614365846
      18.49876634249868 -4501870.47677357960492
      21.42020585704321 -4501869.70598514471203
      18.10098256538628 -4501873.61822524014860
      17.97087016712146 -4501872.25117719639093
      18.41317336153909 -4501874.61210101190954
      18.94961558888222 -4501875.53922830615193
      14.97935176990004 -4501871.20791561249644
      15.83906210206836 -4501875.49862203281373
      17.90859340463748 -4501874.05625976156443
      13.37662503244011 -4501872.66737422347069
      13.48928901532106 -4501869.53510658815503
      12.94231651076166 -4501874.32900214102119
      15.34041264895493 -4501871.65587698481977
      13.49093848899580 -4501870.16062599606812
      18.77327373713390 -4501873.50837611500174
      23.57206390414972 -4501870.29758212994784
      22.52277534320384 -4501872.79550071433187
      22.47039960215825 -4501875.24496670998633
      20.36090142837235 -4501874.93673328403383
      22.44864784155464 -4501871.84647539164871
      21.06176484422845 -4501877.44408646598458
      22.55223097141466 -4501871.19907234795392
      22.36434683363093 -4501879.83630341012031
      19.10933395459605 -4501871.74701018258929
      23.37669155823592 -4501869.85597573034465
      24.46256583906357 -4501875.01864092145115
      19.15735059708684 -4501872.79733937419951
      18.69944878818134 -4501872.02940189372748
      14.72949246773088 -4501874.79108926840127
      15.41144890567476 -4501875.26273815240711
      17.45722283814908 -4501872.92899612523615
      18.42989162149306 -4501869.08773498702794
      15.20086233610221 -4501873.12780818436295
      16.38972874998486 -4501869.31863675545901
      17.31362285273500 -4501872.26056314539164
      16.55529854809742 -4501878.73977204319090
      18.15251319550692 -4501871.12097784504294
      18.04289286016402 -4501869.50593075249344
      22.85988531481578 -4501869.58162112161517
      23.53488611761815 -4501869.55255624465644
      24.33547244635251 -4501870.70951835904270
      20.80352399470364 -4501870.84333761036396
      22.30263589263805 -4501867.01037203241140
      22.99435446580125 -4501871.77243022900075
      22.03974039976194 -4501868.24057164415717
      22.65010212318006 -4501872.14695620536804
      18.64583931957303 -4501876.07213788479567
      19.37736267539522 -4501871.69424599409103
      21.19011747021904 -4501869.67740623094141
      20.01647667066126 -4501870.61579583864659
      15.76461300416662 -4501875.38303027115762
      14.85650860264308 -4501872.78591923974454
      14.95026202350540 -4501873.45945719908923
      15.27125972935252 -4501869.67487582378089
      12.79376790640197 -4501868.57902393769473
      18.18692116646695 -4501872.45754543226212
      18.02008056535359 -4501869.20307858567685
      15.68539924023901 -4501871.51784535963088
      14.12194124584486 -4501870.01822138205171
      18.07673542579945 -4501872.46992405503988
      17.31737332174458 -4501874.72961072903126
      19.18492373620149 -4501870.74966988340020
      19.70173422711699 -4501872.87064200080931
      18.45981494888009 -4501871.50390631891787
      19.17395115964820 -4501873.62309234403074
      19.30941930411880 -4501869.03191132657230
      19.76034030625557 -4501871.22253865562379
      21.87619331233981 -4501875.82866672519594
      19.31782661280996 -4501869.19961152225733
      19.14525107652493 -4501871.50322548300028
      19.21119986607975 -4501873.29256784450263
      19.55328066342624 -4501869.56601686589420
      19.99836049911421 -4501871.73698375746608
      19.43874757993663 -4501873.63547484856099
      17.62059830156621 -4501874.29275607131422
      20.59486946667774 -4501880.08281112741679
      20.05172813214996 -4501880.04312751255929
      20.59657121791780 -4501877.73449208028615
      16.90810432407099 -4501878.50568625610322
      20.97325829331404 -4501881.08350599836558
      20.20347004696001 -4501881.26523921173066
      16.76541117422088 -4501878.24546277802438
      18.03945810183966 -4501878.58235996402800
      17.69444292604275 -4501877.45834058802575
      18.12538933290796 -4501878.03837005794048
      21.11861885577030 -4501875.00074605084956
      19.17737485435797 -4501879.94543239381164
      20.53131955691350 -4501877.30422140471637
      13.23135146324825 -4501874.82896963227540
      14.13071903111928 -4501872.18409928120673
      10.17016511235297 -4501871.34817302413285
      15.13507536260679 -4501872.78670839034021
      14.73254201796829 -4501877.56070265080780
      17.55948280204915 -4501875.81878030952066
      16.62991934539543 -4501869.64594960212708
      15.17772384996481 -4501876.55944029986858
      12.18134592940437 -4501872.01101855747402
      11.51838743414820 -4501874.50567547138780
      12.07629304620542 -4501871.31970293633640
       4.99296315510693 -4501868.86828170623630
       9.97436841468164 -4501869.11566520202905
      11.09644222541300 -4501874.56022151000798
       9.95987689230663 -4501875.55143713206053
      17.61340646261280 -4501871.87876161560416
      16.11870972764787 -4501873.25463304482400
      14.46612400549742 -4501872.98124757874757
      11.91299650578700 -4501864.42499751411378
      14.52645709547516 -4501868.14114273618907
      16.03644141415120 -4501866.32914214115590
      20.80769468163246 -4501872.25688048452139
      21.75941589084913 -4501872.46765358932316
      20.22139196486159 -4501874.55712597817183
      22.23449554515897 -4501870.45995270181447
      22.75874448457150 -4501868.94098829291761
      18.48328055899614 -4501870.18198728282005
      20.81499144710204 -4501873.11574558541179
      16.73420477207211 -4501870.13730718009174
      17.29288424390819 -4501870.86764196399599
      16.27201621072842 -4501866.83668926637620
      23.04423817882295 -4501871.24967814795673
      24.27618815684481 -4501871.28844935540110
      24.46332643256878 -4501872.18957275711000
      19.34529396059880 -4501872.33750197105110
      21.57972739825614 -4501868.15228598844260
      22.80354898985421 -4501876.84773037023842
      22.08858860505583 -4501869.45891618076712
      19.80401967060950 -4501869.07772927731276
      17.80855152450019 -4501870.80332611221820
      18.75656858044299 -4501871.62755863647908
      18.79699377957527 -4501873.29745473433286
      18.88383228266634 -4501874.79327166080475
      18.43440213770888 -4501874.21399251278490
      22.52779025994404 -4501875.04279658664018
      21.05504577311880 -4501878.36331109330058
      19.12822934777944 -4501874.45724936947227
      16.74707897171590 -4501872.60564161557704
      17.49725367453030 -4501870.95549866370857
      20.69255139632415 -4501870.13763716630638
      18.40187457331997 -4501870.63075146079063
      21.94088722402546 -4501869.66393466480076
      20.45829622041977 -4501873.26314513478428
      18.90430363032205 -4501878.13526618853211
      19.70454321289072 -4501871.80558618158102
      20.47908567430140 -4501869.86466890014708
      21.21148767161902 -4501873.47336966544390
      24.09067573263996 -4501879.18790767341852
      21.19803055015036 -4501876.93772346526384
      19.91460545077615 -4501878.32839589938521
      23.00201050974727 -4501876.02824012003839
      23.14825289289161 -4501882.39808830153197
      20.80873083483852 -4501875.68219409696758
      20.89968349935150 -4501872.50722061749548
      22.23169931355593 -4501873.05133503861725
      22.35765801454994 -4501872.17147916276008
      22.28018223779683 -4501871.63511083181947
      20.98493594846454 -4501876.17893804050982
      21.78383052043013 -4501876.16680108848959
      15.70702513388652 -4501874.87659168429673
      17.34223287439298 -4501873.37258989084512
      14.23373524244916 -4501877.49777659215033
      16.96364687939705 -4501876.02620474994183
      15.81163907594360 -4501877.53875621035695
      18.43414676592458 -4501875.04211930651218
      14.70810496048973 -4501879.70994134433568
      15.94174058370650 -4501873.23406568542123
      11.82584837548028 -4501876.39302289020270
       5.03502310900472 -4501875.49744688626379
       8.54084492892593 -4501878.48199690319598
      11.34231940632205 -4501882.90068920981139
      15.12659006040586 -4501883.44659280590713
      10.71207416646420 -4501879.95846084319055
       9.82945320383416 -4501877.48107416369021
       2.78426846994081 -4501880.71523338090628
       4.88754740855946 -4501877.30785212479532
       4.79440435739422 -4501877.38455143477768
       6.62183685829670 -4501873.79651286825538
       8.39072630059137 -4501874.22727170679718
       5.35191574825217 -4501878.93436023499817
       6.62694510893747 -4501877.36199488211423
      11.13661746836041 -4501882.63389180228114
      12.19410944110855 -4501876.81475458014756
      12.49878049234275 -4501873.16206531412899
       4.52491235894891 -4501878.57975589577109
       6.65242878195928 -4501876.89280824176967
      12.07487362810005 -4501874.39449255168438
      12.69384566371638 -4501877.43400264065713
      10.72103572928892 -4501874.88640220928937
      13.81777218285112 -4501881.92505873460323
      14.39804974716538 -4501881.76468948554248
      16.67174307216317 -4501879.95757381338626
      16.84129408306195 -4501879.40828741621226
      20.96981022225984 -4501876.58070870768279
      20.19490034454064 -4501875.69377444870770
      19.11874716166212 -4501879.90578524395823
      14.58145633469928 -4501877.90517876483500
      17.66553434970599 -4501881.06368823815137
      15.08848200267037 -4501877.74414675589651
      16.07576381759822 -4501882.79380419291556
      15.56610447473591 -4501878.42741458117962
      13.16835377341002 -4501883.75888106506318
      12.21921812252749 -4501875.68314530607313
      16.67173027441389 -4501876.77191877458245
      11.48682408810732 -4501877.56395344156772
      15.76820826098792 -4501877.95528230257332
      12.50099952380903 -4501879.46166297420859
      14.27676886085028 -4501879.33572687581182
      11.11050441128101 -4501877.48339714109898
      14.42437392155067 -4501876.16716168913990
      15.98758901610692 -4501876.86989263165742
      13.00239453548710 -4501874.79687511548400
      15.51053920088174 -4501871.74635506141931
      15.25501830484944 -4501871.24216416943818
      15.32022944067361 -4501871.02849089168012
      12.51592224306402 -4501877.18327485211194
      12.69554253649947 -4501874.37214408256114
      13.92617931676966 -4501880.09457716438919
      15.66750436090663 -4501877.29206566605717
      16.33420543949127 -4501871.31171983946115
      11.06624523933499 -4501876.07460288330913
      12.42698512203464 -4501877.65038406662643
      12.09815682025536 -4501879.91357189975679
      14.92142730097453 -4501876.84919055830687
      21.20628106940395 -4501876.45315336808562
      23.93680667918345 -4501882.00565698556602
      21.84868788806976 -4501878.97289611864835
      22.11576548881818 -4501876.70335387624800
      13.31403109272906 -4501876.11344456672668
      20.80818609734528 -4501875.53914839960635
      19.40358786264039 -4501873.46388313733041
      16.92090264268497 -4501880.38376154657453
      18.20687390691474 -4501873.04134405124933
      12.37480123969173 -4501875.60340140014887
      14.94975827401076 -4501872.96027427818626
      14.43236504454876 -4501874.49748600646853
      19.23398841637182 -4501877.85683183372021
      16.80030920336461 -4501876.16046214476228
      18.74293039190063 -4501874.23505453113467
      19.50553284551949 -4501879.06214776728302
      22.24938264495808 -4501876.39869023021311
      18.61363455253420 -4501870.52120321337134
      15.94692062001993 -4501875.02399602904916
      19.53647427874230 -4501874.48873652238399
      17.28793646779449 -4501872.58941051177680
      18.63598484672031 -4501880.92086509056389
      16.69055039510928 -4501873.88871384039521
      15.88028261891995 -4501877.93626976292580
      11.97966499447576 -4501872.54225456714630
      11.07792685959360 -4501871.05464633088559
      12.23800779464417 -4501870.46513885259628
       6.06590445523095 -4501869.88123222626746
       9.75443151745378 -4501870.91387423593551
       9.52932886650255 -4501869.72264610696584
      12.89086121067706 -4501877.16995664127171
      10.51206443307027 -4501873.71993399783969
       7.89053178550452 -4501873.07010803744197
       5.08027723603242 -4501866.50037211831659
       9.35011013086817 -4501867.32673095539212
       8.95587108534832 -4501867.14316783472896
      13.81986437327364 -4501869.03432262968272
      15.43849253783707 -4501867.49002360831946
      14.25122251606913 -4501868.18025139253587
      15.72720246136912 -4501868.75144251249731
      20.08891444240434 -4501874.25334545318037
      20.32404316351581 -4501872.05869152490050
      23.55804640147405 -4501873.71093629579991
      22.35890680039024 -4501870.69229553546757
      21.35958625429012 -4501872.04335197247565
      18.97677989811450 -4501876.26280371472239
      26.10575337885012 -4501869.60808805469424
      22.25224253762072 -4501871.14421440847218
      24.14057213178381 -4501871.67078383173794
      23.81399734524845 -4501873.41086992342025
      23.00839940124959 -4501871.20937256235629
      21.90896170706944 -4501869.57315329369158
      22.15965097999009 -4501867.66910155676305
      18.39087225410607 -4501869.34048298932612
      19.34114614225537 -4501870.95536273531616
      18.54638525654585 -4501869.90296769700944
      17.21773716446247 -4501872.81290140468627
      18.04352369204148 -4501867.32886953931302
      23.65994026814114 -4501873.17111018393189
      24.07078776597740 -4501870.14902589097619
      16.23239448594004 -4501870.51492981612682
      18.67201321293352 -4501870.69497685134411
      17.21081053379335 -4501866.98919546417892
      20.27136044787291 -4501871.74514436349273
      17.22435110087017 -4501873.63011625036597
      16.90381120731573 -4501879.12255575042218
      21.42496218101718 -4501872.88383635692298
      21.18638923746276 -4501873.54404810070992
      18.71024089033807 -4501874.03010327741504
      18.98681167152646 -4501871.85460556391627
      17.32373818265879 -4501873.31108428910375
      21.87630042919050 -4501869.94429273344576
      20.40176075194766 -4501870.59098095633090
      23.87576500657520 -4501873.89031307399273
      16.52862166871621 -4501878.93208838719875
      20.13517843611484 -4501882.18896436784416
      24.79499771034321 -4501880.16537944134325
      22.85131440868601 -4501876.95094675105065
      22.77064158774355 -4501873.18696628045291
      23.88762186340565 -4501879.32742792088538
      24.43766796195301 -4501875.90083549730480
      25.35840292740201 -4501871.45606060326099
      22.98337605159386 -4501869.62162794452161
      20.69037280456564 -4501870.76098254136741
      18.84049710843905 -4501873.97818958666176
      22.43509686275595 -4501875.86277988459915
      18.13646328681000 -4501872.65966022759676
      23.77258762227493 -4501874.01280164439231
      22.61681486981301 -4501872.81901959236711
      22.55138281104027 -4501869.40873023308814
      23.00485462432004 -4501871.04797018505633
      20.65738585878560 -4501872.48380336165428
      21.72543436018170 -4501879.60189231578261
      23.28135219792312 -4501878.29227065760642
      20.94714094192858 -4501870.79551433213055
      21.18209827789063 -4501868.60430647246540
      17.63478337642751 -4501867.61978510115296
      19.56985022361680 -4501874.42069054115564
      14.05440577128729 -4501871.01898445934057
      11.82567244760589 -4501873.12547361478209
      14.36844373303204 -4501870.35058018658310
      15.76546742391136 -4501875.68431320507079
      16.65826599593240 -4501873.30915810167789
      15.27747205004956 -4501878.21414694376290
      14.71401246053364 -4501868.10838970635086
      12.88150806761631 -4501872.92034038901329
      14.96881921586069 -4501872.91929162200540
      17.23730919512328 -4501869.05910249240696
      13.81350737294382 -4501868.25055455043912
      16.97790705595281 -4501867.98719861079007
      18.22371237852215 -4501875.93844059295952
      17.06074029479785 -4501876.69879470299929
      18.01332479707454 -4501870.36760598234832
      16.81334423722234 -4501868.47661651484668
      16.70706404841144 -4501873.63009822089225
      16.96355085520094 -4501875.38707976602018
      18.46140773740707 -4501874.36087391152978
      18.97878535417618 -4501871.09166933782399
      18.58320156802957 -4501876.30601143743843
      19.88085105621900 -4501870.52861531078815
      17.19585159165426 -4501870.44742285925895
      20.86757669250790 -4501872.30282913241535
      24.48930218300464 -4501871.17648533545434
      24.27663175209747 -4501871.55015450436622
      25.08987774172243 -4501872.98201229330152
      18.91136475796452 -4501870.69916168879718
      19.61462074603759 -4501871.80221009068191
      22.97732155984153 -4501875.91233216319233
      21.74730243890173 -4501872.11056880559772
      18.50474554079766 -4501874.96966821700335
      23.23988655607418 -4501876.59311116486788
      20.74234822813748 -4501878.21135031525046
      23.99419780589782 -4501872.64661237411201
      22.64886138413866 -4501873.15754148922861
      17.88117517717699 -4501870.23668228928000
      16.92799262031457 -4501871.01005481183529
      14.13626020470536 -4501872.43699457310140
      14.76559873498595 -4501871.68378010857850
      17.95442640487415 -4501876.96936810202897
      21.10523359493980 -4501874.09368135314435
      14.35915847645941 -4501876.42206658888608
      11.00748421092369 -4501871.12011673860252
       9.77507524478099 -4501877.69089904893190
      11.17006043385389 -4501869.11226578522474
       5.80635982419581 -4501873.99152927007526
       6.03821946892657 -4501873.17637445777655
       9.96116849725137 -4501872.00730219110847
      12.23426106193138 -4501871.30376303754747
      14.21829052778243 -4501873.02903604507446
      15.83897133321091 -4501872.66298921033740
       9.14684952265576 -4501870.22411901038140
       6.11495885247471 -4501872.99782774504274
       5.38755858802609 -4501868.94230616558343
      11.71424937914253 -4501869.36290090717375
      13.95660517601499 -4501873.64539965614676
      15.99503556071456 -4501876.04086633399129
      11.56473096928624 -4501872.10856851097196
      10.07292797712142 -4501873.49386445898563
      13.24942902698909 -4501875.87174482736737
      13.52228399562298 -4501874.50529872160405
      16.36260956214462 -4501871.86265120282769
      14.28681389062667 -4501875.82923741452396
      18.86219701224369 -4501876.14981054514647
      18.76119442532496 -4501880.37500439956784
      16.80693742270413 -4501878.08242425136268
      16.54503114553487 -4501871.14711440168321
      13.85645170510881 -4501872.10940324887633
      10.35750639238364 -4501870.64746643230319
      11.58516933506785 -4501871.57469291891903
      18.06433160908815 -4501872.34820786211640
      17.74519841376324 -4501868.88543458934873
      18.45184702963703 -4501874.38484158366919
      15.81615360643134 -4501870.42907883226871
      16.55965029743814 -4501872.70213386416435
      13.86424502421017 -4501875.79447515867651
      14.68369258708946 -4501880.41927666869015
      17.11108902177562 -4501878.45689007639885
      14.56807638756212 -4501871.47204647678882
      12.08111366951258 -4501870.46646174415946
      12.84667439457989 -4501876.87215197924525
      15.98182204051839 -4501869.00988033134490
      14.93456274542348 -4501873.59555552434176
      14.83311662499646 -4501874.19791362714022
      13.84383604198359 -4501875.61295767594129
      14.76418117207657 -4501878.15497433580458
       8.66559016523035 -4501875.79286634083837
      12.65218553433635 -4501871.84519725479186
      10.84154129248872 -4501874.01544441562146
       7.03258701363846 -4501875.33901674114168
       1.23423488373309 -4501875.28941977396607
       5.61302850535174 -4501874.90528158564121
       2.76668995331323 -4501875.59713598899543
       9.23728797795994 -4501874.53075414150953
       8.71739159613157 -4501877.54544208571315
       8.79369246853569 -4501875.49124929588288
       9.11920451852126 -4501875.08693897351623
      11.00396542204836 -4501877.50251380912960
      14.32260987321028 -4501877.59655700065196
      15.36672969818838 -4501876.58658921997994
      14.42568745999524 -4501871.38649183511734
      14.06678818448971 -4501872.12752099148929
      12.92444103825817 -4501873.05845054145902
      10.39467302496514 -4501872.04710039217025
      12.67917749573251 -4501877.48239682335407
      13.88359981383361 -4501875.73471463751048
      13.24877763076794 -4501871.73049337696284
       8.97420402320365 -4501876.15604403521866
      14.13992124973696 -4501874.65346293244511
      18.69221351818051 -4501869.54157932009548
      14.63973845404644 -4501867.91765190940350
      14.09309814223299 -4501876.16961959004402
      19.39073812698271 -4501870.31403979193419
      15.23244943844585 -4501865.67003968451172
      16.42061253201836 -4501868.56425691861659
      16.05824632660529 -4501867.93832326307893
      14.08404253329361 -4501869.97579379007220
      16.46772464085864 -4501869.36584912147373
      22.29851447092965 -4501871.16889104340225
      19.83486794406283 -4501873.70671125221997
      19.97159720541674 -4501870.45596476085484
      21.07221541698710 -4501876.59493828099221
      19.45099562128217 -4501871.89919047430158
      17.88932626665105 -4501869.29588190279901
      15.01576213466202 -4501872.39928586035967
      12.58842184063736 -4501881.35231994930655
      16.88737062708632 -4501875.39219124428928
      17.46343736816757 -4501869.71054251678288
      18.49023812647459 -4501873.76150815002620
      17.95885213556242 -4501872.19249255303293
      19.09924040525042 -4501876.92382059991360
      18.98649286373147 -4501873.28478817269206
      18.29232409712114 -4501872.48501561302692
      16.42625875072335 -4501873.63510870002210
      16.48500387859615 -4501875.11541418172419
      19.89644852374710 -4501876.02706620097160
      19.42586978908476 -4501880.10556467436254
      18.74463880456070 -4501882.28629542049021
      15.50596958965343 -4501879.29577426519245
      12.28164328859993 -4501876.78800692595541
      15.32503754190413 -4501879.15578529424965
      14.31536970269921 -4501881.52403790038079
      10.77268632299052 -4501874.98864977620542
      14.15206531595372 -4501872.84308964386582
      11.56460598447448 -4501876.59920214582235
      16.46186413229060 -4501875.08423443138599
      16.74405475114551 -4501876.67848776280880
      16.59571928680410 -4501869.28837919700891
      13.85599201889148 -4501871.31777626834810
      14.41036453111563 -4501872.38549069222063
      13.42864452697014 -4501871.90443164017051
      13.61388373831470 -4501875.77733195200562
      13.61230007104025 -4501875.06865186616778
      13.28962958233432 -4501871.14992065634578
      13.89579854120601 -4501871.66577736381441
      13.74156056830353 -4501872.41777958348393
      16.86153080716134 -4501868.71268448978662
      19.11990011575865 -4501871.11830655857921
      19.84298955701237 -4501870.80512237362564
      16.00532317159011 -4501871.29348923824728
      15.76743601853322 -4501874.71891868021339
      19.02199784000245 -4501871.72537912614644
      21.60888871999556 -4501873.09029479324818
      19.99827504484682 -4501871.29276262689382
      19.07458133609910 -4501874.35626813396811
      16.16687556599434 -4501876.35555110871792
      13.80075533272898 -4501878.01328872703016
      14.81236230285655 -4501875.92229201644659
      10.72100482949559 -4501881.77783450111747
      13.41077248579242 -4501872.75139745604247
      16.33995573201831 -4501880.51910742931068
      20.26353543110700 -4501870.32595484703779
      18.46482534160705 -4501872.40597892832011
      17.38719246172204 -4501875.17167403828353
      14.29759015155876 -4501878.86467472463846
      13.99840441233552 -4501873.54125023633242
      16.41175864970315 -4501874.52238789759576
      14.83865559589124 -4501885.27008385118097
      16.92946653512035 -4501876.89614328090101
      14.53941151763259 -4501876.82766343373805
      18.15984945603206 -4501873.98120351321995
      18.34089467047291 -4501870.80280436668545
      20.04004734127556 -4501872.40354939829558
      26.34647024059975 -4501870.37703129090369
      25.98995049247244 -4501873.67395741771907
      24.69942658295772 -4501874.49495454411954
      25.25879543056184 -4501875.27798614371568
      29.10223118358374 -4501879.05254488810897
      26.28565808090238 -4501872.70066081825644
      25.76246297512070 -4501876.05047340225428
      29.11607977724887 -4501874.92875450477004
      27.44086829191037 -4501870.89721035491675
      27.09249873632449 -4501871.69888821616769
      20.72722541745816 -4501868.97736304532737
      19.32081327955559 -4501868.33376124594361
      22.47937965805086 -4501871.70751476939768
      23.73294728589472 -4501869.77625008206815
      22.00931699813822 -4501872.22850369196385
      18.31022102206209 -4501871.16298946272582
      22.21533471236526 -4501872.47760440595448
      23.60016587586250 -4501869.55559307988733
      22.47673572299110 -4501874.27540619950742
      22.10318449141305 -4501879.35660310834646
      22.18665184533695 -4501873.50333295948803
      19.41328935196750 -4501870.08615869190544
      20.32293373760192 -4501870.14498887769878
      17.61378916997297 -4501868.05819684080780
      19.91340201933228 -4501869.38768743816763
      16.74961123658787 -4501875.11348794214427
      22.61589382098927 -4501874.49542184639722
      19.86018176209578 -4501868.94703267514706
      20.28529216563165 -4501873.20844685006887
      23.34036951022339 -4501877.62909187935293
      26.96348401193610 -4501868.12374899256974
      31.14046658839225 -4501871.28856726363301
      28.05651946224141 -4501872.59159810841084
      28.18441448403808 -4501872.46348704211414
      25.25595602310257 -4501869.12092838622630
      21.25231215008572 -4501871.53714516572654
      24.36187043237634 -4501870.61898638214916
      23.64692769085664 -4501872.87368194386363
      23.88218845898325 -4501871.38334754481912
      29.22567546102591 -4501873.87893612589687
      33.48438177909494 -4501870.00186554063112
      30.68011711420378 -4501867.15513732377440
      29.40803830384801 -4501877.20183735061437
      30.54755915705565 -4501873.95432510413229
      26.04717192469080 -4501871.32361660618335
      24.00151096479113 -4501873.82121591456234
      23.73050747631943 -4501871.74545085337013
      22.66967653722018 -4501871.17447208333760
      25.07194390013291 -4501873.36019850894809
      23.83271644207301 -4501879.83785630576313
      26.06340952057925 -4501874.89994642045349
      27.23004680770295 -4501878.77436676807702
      24.92587526308116 -4501876.97438565641642
      31.65319273942214 -4501876.89529628772289
      28.96543091590223 -4501879.76767355948687
      32.02360941265943 -4501877.03484800551087
      34.36785867947169 -4501873.90738829132169
      35.19680408619852 -4501875.79698823858052
      33.06658112106285 -4501872.92580281477422
      31.58078349131318 -4501872.66154656559229
      35.37814528577062 -4501880.94048991054296
      36.33765760625735 -4501878.66263707913458
      31.12048977931235 -4501879.70062107034028
      33.30360094134449 -4501876.77079051919281
      31.50902826079007 -4501871.63166994601488
      31.87654091944173 -4501877.13636348769069
      31.23846502468417 -4501876.64347495418042
      36.20282919680326 -4501879.52806993108243
      31.02308751406279 -4501873.73059074860066
      28.31471669373499 -4501874.58145573455840
      30.69247567540327 -4501872.40924447309226
      24.28757904437224 -4501869.50385120231658
      27.20174227839457 -4501870.81987139489502
      28.52280817216495 -4501869.27464050147682
      28.51731974378719 -4501872.81618667114526
      31.46977923000980 -4501874.42083104047924
      23.14750345932833 -4501870.97253521066159
      24.93224894510277 -4501870.06505565252155
      26.33157391836342 -4501871.12693593744189
      26.10708969087062 -4501871.89238389674574
      26.28282678419662 -4501867.82072444725782
      22.03421014617663 -4501870.15737709868699
      25.27654135020797 -4501872.86186129134148
      21.48152855722939 -4501873.11688016541302
      22.12320626274344 -4501875.90166981425136
      24.96364625566094 -4501871.04692738782614
      24.57348015355762 -4501875.62503116391599
      25.17763626520061 -4501877.32296822406352
      23.68834564634728 -4501871.85012517496943
      21.56456928902619 -4501873.76404173113406
      24.86288047461166 -4501874.82740606926382
      18.72460178988853 -4501878.62701832782477
      21.95809741668990 -4501874.82560632564127
      20.67470657678752 -4501876.51874731853604
      21.95593290741797 -4501870.70027962140739
      24.34044541232281 -4501866.95864854380488
      21.90908619513472 -4501868.21589037962258
      26.73642522823714 -4501875.12728141900152
      24.58895290412628 -4501874.11665636114776
      28.73453899234324 -4501875.15806706808507
      26.10281364924388 -4501871.78653469029814
      24.52127568103791 -4501870.73558811843395
      21.75013335069118 -4501872.34186169691384
      23.31031192375930 -4501871.02596240676939
      20.69528736409891 -4501869.48513233941048
      21.01054947318420 -4501866.43571061920375
      20.03084198141007 -4501872.46623069886118
      19.14567151536526 -4501872.15318515058607
      21.18929299255877 -4501871.70631458517164
      25.77694581929349 -4501870.69244037382305
      30.09759588875765 -4501869.57678911276162
      30.26139418666019 -4501870.79922371823341
      29.36161190249694 -4501873.65433034580201
      25.88807342269256 -4501870.71490367222577
      28.33029796660438 -4501875.58580932486802
      27.44142386371141 -4501874.24596158321947
      25.99966512640919 -4501871.51986292283982
      29.30814562068945 -4501880.91775641962886
      25.18044998675484 -4501876.24026580527425
      25.12185325958146 -4501871.69066546484828
      24.69400740877745 -4501870.92829356808215
      24.70782079805453 -4501870.37082029320300
      28.69179253965275 -4501872.96112589165568
      25.71776467463268 -4501875.64179173577577
      29.27579436549496 -4501876.05256927385926
      29.11335131686097 -4501877.73445930238813
      31.12973567043604 -4501876.51559500396252
      30.25405473232092 -4501872.19652830716223
      29.87919250697851 -4501876.14612551219761
      31.38121279014677 -4501873.21722118277103
      31.77845216632713 -4501875.65050568152219
      31.76790579800038 -4501875.01559927500784
      31.17727119528673 -4501878.85314295161515
      27.13968260458953 -4501879.48879388254136
      30.68997722350868 -4501876.67981814034283
      22.21634973477167 -4501879.09065261948854
      28.51629034033585 -4501872.72010469716042
      28.57611490763052 -4501877.43835545610636
      29.21254807302999 -4501877.64272677432746
      33.61102901631607 -4501874.01079830620438
      31.15319032014132 -4501873.41941265389323
      27.88745958448015 -4501869.93643917515874
      29.91796124159207 -4501869.86098483391106
      26.79449759628039 -4501868.70581517089158
      25.80771413797482 -4501873.82658752892166
      24.33117245844609 -4501873.41506089270115
      24.15245503851898 -4501874.26248734630644
      26.23521362799291 -4501873.36595782171935
      26.80928145417070 -4501870.02374702226371
      25.15098083012179 -4501871.67886789422482
      22.74707743303472 -4501871.21700644865632
      23.27925757393895 -4501877.02022022381425
      23.64406655166167 -4501873.10691676102579
      20.83530657599831 -4501876.23271901533008
      21.23322241705749 -4501870.69291133433580
      20.82785958451017 -4501877.47823405079544
      23.24644632721230 -4501877.65360065177083
      27.66780037883077 -4501886.09978251717985
      26.79616580633921 -4501878.54477266222239
      25.66865403541115 -4501882.59582844749093
      25.32370256420924 -4501877.47894043195993
      23.67416482715178 -4501877.28211830649525
      26.07591102809001 -4501873.73347162548453
      28.64530260215272 -4501879.47651689499617
      26.14331944987823 -4501869.89251497946680
      25.30383811136903 -4501871.39978207740933
      25.32743065283117 -4501873.22187482379377
      28.64972442448058 -4501873.02955215331167
      26.68515772666703 -4501871.45975383557379
      26.32560017632658 -4501870.23489189520478
      24.81457817844037 -4501878.57460410147905
      26.13276249342010 -4501877.93802185822278
      22.85351693482324 -4501873.34423398692161
      27.68459956733644 -4501879.63699156045914
      23.68893921835036 -4501879.73389697913080
      22.09417297131440 -4501882.84590975847095
      23.74371235157292 -4501882.12077022623271
      27.25092663729365 -4501875.58300039824098
      20.75987317136301 -4501875.50441770814359
      22.59607999385220 -4501874.58659396972507
      23.78701196723287 -4501873.47226845659316
      24.30290129066286 -4501872.77804480679333
      18.28815617132801 -4501877.79850859288126
      16.71761080302264 -4501871.78294666856527
      18.91444823058765 -4501870.02348751015961
      14.50291956276322 -4501875.93255544826388
      15.61154410529459 -4501869.48354521673173
      18.09950919734003 -4501874.92356042284518
      20.12763847787461 -4501875.43011229299009
      19.25696527414403 -4501877.58489886391908
      20.75413592401383 -4501878.48470516689122
      24.21459856427127 -4501877.12190097570419
      26.30621617239347 -4501879.17570958379656
      26.41068943125808 -4501871.49418021272868
      26.65151779821374 -4501872.91147086676210
      27.30098018936159 -4501876.73543773498386
      25.60986459502538 -4501870.53822082560509
      24.86346766968064 -4501874.58536185324192
      25.44003761859461 -4501874.74831864517182
      19.95314619772944 -4501875.27473950292915
      17.91255294069158 -4501877.21072018612176
      18.49669435830543 -4501873.86388784088194
      20.04521485148589 -4501878.45107849128544
      22.83755582371393 -4501868.65959244780242
      22.02202269960170 -4501871.44897312670946
      23.87358310942489 -4501870.65645688585937
      25.73391759390027 -4501872.79965794179589
      27.85183202075481 -4501872.47624225355685
      28.52264734752652 -4501870.94931718520820
      24.42274818398498 -4501873.61558072641492
      25.91182539504955 -4501877.56317665707320
      27.74324888179287 -4501868.17675093095750
      27.23730923562861 -4501870.72678676433861
      27.74495294507286 -4501874.67843775078654
      26.22876996991310 -4501870.99205780308694
      24.67321476229189 -4501877.58985301200300
      26.49874290161204 -4501876.13934296183288
      20.00680064675627 -4501880.55990124400705
      22.10153002604422 -4501873.56723758764565
      23.23015540225159 -4501872.07487120665610
      23.77306984897253 -4501872.39916965737939
      18.22595503301971 -4501870.84077103622258
      16.02085734605665 -4501875.66228062659502
      15.63521440159546 -4501870.46827053278685
      16.73021631648049 -4501872.40695190988481
      12.98397927429678 -4501876.06023530196398
      17.56777702298097 -4501872.73680643737316
      15.31192971025747 -4501873.40498671866953
      19.24854338115868 -4501876.35586663987488
      17.63795169052184 -4501879.29261558596045
      19.35681760502850 -4501872.44235583674163
      25.83794912329458 -4501871.55901627708226
      26.99878154222369 -4501870.00383181497455
      27.62368285632622 -4501877.55364118330181
      22.33160018463295 -4501876.04478347674012
      25.93950163577471 -4501876.07385241705924
      30.47823127472198 -4501869.34326729178429
      28.90405975969593 -4501870.87531086243689
      28.56791622147069 -4501876.11073157470673
      26.82116553961325 -4501871.55281428433955
      20.55229960116769 -4501871.61788371764123
      22.91706327915860 -4501871.59919908922166
      20.51832593312893 -4501872.55716223176569
      20.39784664016216 -4501876.97822152636945
      22.14067210345321 -4501876.52068254351616
      16.67544882961133 -4501876.07515355385840
      18.75890235363558 -4501870.54865258932114
      22.07501472013917 -4501871.99218390602618
      17.41324336071464 -4501871.43384500965476
      15.43762286664432 -4501871.97281387075782
      21.04297053586014 -4501872.70678604673594
      23.97239407643338 -4501871.60694880690426
      25.88219765820872 -4501874.04230494331568
      21.36057698641735 -4501869.44473020173609
      21.62519114068789 -4501873.41351914964616
      18.12624796994753 -4501871.82978570647538
      18.31626470886707 -4501871.25889885518700
      18.71068606755039 -4501869.71777568385005
      22.03442182094175 -4501873.56648137699813
      23.78619696952071 -4501872.44422151148319
      23.57103275635797 -4501872.03151499200612
      22.80142682941564 -4501870.60181608051062
      21.20960354295122 -4501872.65938445273787
      16.66781021822964 -4501870.56182017922401
       6.39704809122900 -4501876.80850937124342
      18.19053743133621 -4501875.22895455360413
      20.30237927931692 -4501871.39530960191041
      16.64294185440959 -4501873.69020022265613
      17.80079833641230 -4501872.60117791499943
      17.03867365537020 -4501875.72140792850405
      17.43018095758048 -4501872.08421939332038
      17.71232319791286 -4501874.26408044621348
      20.06561146795068 -4501871.84996558353305
      23.42010421937524 -4501870.95791245065629
      20.30809626170626 -4501875.64056523889303
      24.08561051621588 -4501872.09543852042407
      21.44813003489561 -4501877.26396055426449
      23.96976925016865 -4501873.29354171175510
      22.61403533692514 -4501874.63616657536477
      21.97556001538616 -4501875.72589127533138
      23.33098681856377 -4501870.82733782380819
      18.13583311592414 -4501875.65726526733488
      18.27396269449933 -4501877.44987242855132
      19.41230475347104 -4501876.11341059301049
      17.54904072333554 -4501872.62704231496900
      13.51069124760919 -4501873.68229269515723
      14.09792896685740 -4501875.24041128903627
      16.09039849287036 -4501874.88269311003387
      17.18800259010266 -4501878.97488036565483
      14.28896012051550 -4501876.28248469997197
      14.69366998586561 -4501875.40789364371449
      17.54044497439112 -4501874.01689760759473
      16.16411493054955 -4501875.46805817633867
      15.51962022563425 -4501874.31572002358735
       8.82169781092444 -4501873.45791660901159
