39.8148       8
45.5926      16
43.6667      20
49.4444      16
44.6296      18
45.5926      24
47.5185      20
54.2593      -2
53.2963      -8
 60.037      18
55.2222      -4
41.7407      12
50.4074      10
39.8148      -8
39.8148      -4
40.7778      22
51.3704       4
46.5556       2
48.4815      14
51.3704      20
52.3333       6
     35     -10
36.9259     -10
38.8519     -10
40.7778     -10
42.7037     -10
44.6296     -10
46.5556     -10
48.4815     -10
50.4074     -10
52.3333     -10
54.2593     -10
56.1852     -10
58.1111     -10
 60.037     -10
 35.963      -8
37.8889      -8
41.7407      -8
43.6667      -8
45.5926      -8
47.5185      -8
49.4444      -8
51.3704      -8
55.2222      -8
57.1481      -8
59.0741      -8
     61      -8
     35      -6
36.9259      -6
38.8519      -6
40.7778      -6
42.7037      -6
44.6296      -6
46.5556      -6
48.4815      -6
50.4074      -6
52.3333      -6
54.2593      -6
56.1852      -6
58.1111      -6
 60.037      -6
 35.963      -4
37.8889      -4
41.7407      -4
43.6667      -4
45.5926      -4
47.5185      -4
49.4444      -4
51.3704      -4
53.2963      -4
57.1481      -4
59.0741      -4
     61      -4
     35      -2
36.9259      -2
38.8519      -2
40.7778      -2
42.7037      -2
44.6296      -2
46.5556      -2
48.4815      -2
50.4074      -2
52.3333      -2
56.1852      -2
58.1111      -2
 60.037      -2
 35.963       0
37.8889       0
39.8148       0
41.7407       0
43.6667       0
45.5926       0
47.5185       0
49.4444       0
51.3704       0
53.2963       0
55.2222       0
57.1481       0
59.0741       0
     61       0
     35       2
36.9259       2
38.8519       2
40.7778       2
42.7037       2
44.6296       2
48.4815       2
50.4074       2
52.3333       2
54.2593       2
56.1852       2
58.1111       2
 60.037       2
 35.963       4
37.8889       4
39.8148       4
41.7407       4
43.6667       4
45.5926       4
47.5185       4
49.4444       4
53.2963       4
55.2222       4
57.1481       4
59.0741       4
     61       4
     35       6
36.9259       6
38.8519       6
40.7778       6
42.7037       6
44.6296       6
46.5556       6
48.4815       6
50.4074       6
54.2593       6
56.1852       6
58.1111       6
 60.037       6
 35.963       8
37.8889       8
41.7407       8
43.6667       8
45.5926       8
47.5185       8
49.4444       8
51.3704       8
53.2963       8
55.2222       8
57.1481       8
59.0741       8
     61       8
     35      10
36.9259      10
38.8519      10
40.7778      10
42.7037      10
44.6296      10
46.5556      10
48.4815      10
52.3333      10
54.2593      10
56.1852      10
58.1111      10
 60.037      10
 35.963      12
37.8889      12
39.8148      12
43.6667      12
45.5926      12
47.5185      12
49.4444      12
51.3704      12
53.2963      12
55.2222      12
57.1481      12
59.0741      12
     61      12
     35      14
36.9259      14
38.8519      14
40.7778      14
42.7037      14
44.6296      14
46.5556      14
50.4074      14
52.3333      14
54.2593      14
56.1852      14
58.1111      14
 60.037      14
 35.963      16
37.8889      16
39.8148      16
41.7407      16
43.6667      16
47.5185      16
51.3704      16
53.2963      16
55.2222      16
57.1481      16
59.0741      16
     61      16
     35      18
36.9259      18
38.8519      18
40.7778      18
42.7037      18
46.5556      18
48.4815      18
50.4074      18
52.3333      18
54.2593      18
56.1852      18
58.1111      18
 35.963      20
37.8889      20
39.8148      20
41.7407      20
45.5926      20
49.4444      20
53.2963      20
55.2222      20
57.1481      20
59.0741      20
     61      20
     35      22
36.9259      22
38.8519      22
42.7037      22
44.6296      22
46.5556      22
48.4815      22
50.4074      22
52.3333      22
54.2593      22
56.1852      22
58.1111      22
 60.037      22
 35.963      24
37.8889      24
39.8148      24
41.7407      24
43.6667      24
47.5185      24
49.4444      24
51.3704      24
53.2963      24
55.2222      24
57.1481      24
59.0741      24
     61      24
     35      26
36.9259      26
38.8519      26
40.7778      26
42.7037      26
44.6296      26
46.5556      26
48.4815      26
50.4074      26
52.3333      26
54.2593      26
56.1852      26
58.1111      26
 60.037      26
 35.963      28
37.8889      28
39.8148      28
41.7407      28
43.6667      28
45.5926      28
47.5185      28
49.4444      28
51.3704      28
53.2963      28
55.2222      28
57.1481      28
59.0741      28
     61      28
