 22  36
 22  23
 23  36
 23  37
 23  24
 24  37
 24  14
 24  25
 25  14
 25  38
 25  26
 26  38
 26  39
 26  27
 27  39
 27  40
 27  28
 28  40
 28  41
 28  29
 29  41
 29  42
 29  30
 30  42
 30  43
 30  31
 31  43
 31   9
 31  32
 32   9
 32  44
 32  33
 33  44
 33  45
 33  34
 34  45
 34  46
 34  35
 35  46
 35  47
 36  48
 36  49
 36  37
 37  49
 37  50
 37  14
 14  50
 14  51
 14  38
 38  51
 38  52
 38  39
 39  52
 39  53
 39  40
 40  53
 40  54
 40  41
 41  54
 41  55
 41  42
 42  55
 42  56
 42  43
 43  56
 43  57
 43   9
  9  57
  9  58
  9  44
 44  58
 44  59
 44  45
 45  59
 45  60
 45  46
 46  60
 46  61
 46  47
 47  61
 48  62
 48  49
 49  62
 49  63
 49  50
 50  63
 50  15
 50  51
 51  15
 51  64
 51  52
 52  64
 52  65
 52  53
 53  65
 53  66
 53  54
 54  66
 54  67
 54  55
 55  67
 55  68
 55  56
 56  68
 56  69
 56  57
 57  69
 57  70
 57  58
 58  70
 58  11
 58  59
 59  11
 59  71
 59  60
 60  71
 60  72
 60  61
 61  72
 61  73
 62  74
 62  75
 62  63
 63  75
 63  76
 63  15
 15  76
 15  77
 15  64
 64  77
 64  78
 64  65
 65  78
 65  79
 65  66
 66  79
 66  80
 66  67
 67  80
 67  81
 67  68
 68  81
 68  82
 68  69
 69  82
 69  83
 69  70
 70  83
 70   8
 70  11
 11   8
 11  84
 11  71
 71  84
 71  85
 71  72
 72  85
 72  86
 72  73
 73  86
 74  87
 74  75
 75  87
 75  88
 75  76
 76  88
 76  89
 76  77
 77  89
 77  90
 77  78
 78  90
 78  91
 78  79
 79  91
 79  92
 79  80
 80  92
 80  93
 80  81
 81  93
 81  94
 81  82
 82  94
 82  95
 82  83
 83  95
 83  96
 83   8
  8  96
  8  97
  8  84
 84  97
 84  98
 84  85
 85  98
 85  99
 85  86
 86  99
 86 100
 87 101
 87 102
 87  88
 88 102
 88 103
 88  89
 89 103
 89 104
 89  90
 90 104
 90 105
 90  91
 91 105
 91 106
 91  92
 92 106
 92  18
 92  93
 93  18
 93 107
 93  94
 94 107
 94 108
 94  95
 95 108
 95 109
 95  96
 96 109
 96 110
 96  97
 97 110
 97 111
 97  98
 98 111
 98 112
 98  99
 99 112
 99 113
 99 100
100 113
101 114
101 102
102 114
102 115
102 103
103 115
103 116
103 104
104 116
104 117
104 105
105 117
105 118
105 106
106 118
106 119
106  18
 18 119
 18 120
 18 107
107 120
107 121
107 108
108 121
108  17
108 109
109  17
109 122
109 110
110 122
110 123
110 111
111 123
111 124
111 112
112 124
112 125
112 113
113 125
113 126
114 127
114 128
114 115
115 128
115 129
115 116
116 129
116 130
116 117
117 130
117 131
117 118
118 131
118 132
118 119
119 132
119 133
119 120
120 133
120 134
120 121
121 134
121 135
121  17
 17 135
 17  21
 17 122
122  21
122 136
122 123
123 136
123 137
123 124
124 137
124 138
124 125
125 138
125 139
125 126
126 139
127 140
127 128
128 140
128 141
128 129
129 141
129   1
129 130
130   1
130 142
130 131
131 142
131 143
131 132
132 143
132 144
132 133
133 144
133 145
133 134
134 145
134 146
134 135
135 146
135 147
135  21
 21 147
 21 148
 21 136
136 148
136 149
136 137
137 149
137 150
137 138
138 150
138 151
138 139
139 151
139 152
140 153
140 154
140 141
141 154
141 155
141   1
  1 155
  1 156
  1 142
142 156
142 157
142 143
143 157
143 158
143 144
144 158
144 159
144 145
145 159
145 160
145 146
146 160
146  13
146 147
147  13
147 161
147 148
148 161
148 162
148 149
149 162
149 163
149 150
150 163
150 164
150 151
151 164
151 165
151 152
152 165
153 166
153 154
154 166
154 167
154 155
155 167
155 168
155 156
156 168
156  12
156 157
157  12
157 169
157 158
158 169
158 170
158 159
159 170
159 171
159 160
160 171
160 172
160  13
 13 172
 13 173
 13 161
161 173
161 174
161 162
162 174
162 175
162 163
163 175
163 176
163 164
164 176
164 177
164 165
165 177
165 178
166 179
166 180
166 167
167 180
167 181
167 168
168 181
168 182
168  12
 12 182
 12 183
 12 169
169 183
169 184
169 170
170 184
170 185
170 171
171 185
171  19
171 172
172  19
172 186
172 173
173 186
173 187
173 174
174 187
174 188
174 175
175 188
175 189
175 176
176 189
176 190
176 177
177 190
177 191
177 178
178 191
179 192
179 180
180 192
180 193
180 181
181 193
181 194
181 182
182 194
182 195
182 183
183 195
183 196
183 184
184 196
184   2
184 185
185   2
185 197
185  19
 19 197
 19   4
 19 186
186   4
186 198
186 187
187 198
187 199
187 188
188 199
188 200
188 189
189 200
189 201
189 190
190 201
190 202
190 191
191 202
191 203
192 204
192 205
192 193
193 205
193 206
193 194
194 206
194 207
194 195
195 207
195 208
195 196
196 208
196   5
196   2
  2   5
  2 209
  2 197
197 209
197 210
197   4
  4 210
  4 211
  4 198
198 211
198 212
198 199
199 212
199 213
199 200
200 213
200 214
200 201
201 214
201 215
201 202
202 215
202  10
202 203
203  10
204 216
204 205
205 216
205 217
205 206
206 217
206 218
206 207
207 218
207 219
207 208
208 219
208   3
208   5
  5   3
  5 220
  5 209
209 220
209   7
209 210
210   7
210 221
210 211
211 221
211  20
211 212
212  20
212 222
212 213
213 222
213 223
213 214
214 223
214 224
214 215
215 224
215 225
215  10
 10 225
 10 226
216 227
216 228
216 217
217 228
217 229
217 218
218 229
218  16
218 219
219  16
219 230
219   3
  3 230
  3 231
  3 220
220 231
220 232
220   7
  7 232
  7 233
  7 221
221 233
221 234
221  20
 20 234
 20 235
 20 222
222 235
222 236
222 223
223 236
223 237
223 224
224 237
224 238
224 225
225 238
225 239
225 226
226 239
227 240
227 228
228 240
228 241
228 229
229 241
229 242
229  16
 16 242
 16 243
 16 230
230 243
230 244
230 231
231 244
231   6
231 232
232   6
232 245
232 233
233 245
233 246
233 234
234 246
234 247
234 235
235 247
235 248
235 236
236 248
236 249
236 237
237 249
237 250
237 238
238 250
238 251
238 239
239 251
239 252
240 253
240 254
240 241
241 254
241 255
241 242
242 255
242 256
242 243
243 256
243 257
243 244
244 257
244 258
244   6
  6 258
  6 259
  6 245
245 259
245 260
245 246
246 260
246 261
246 247
247 261
247 262
247 248
248 262
248 263
248 249
249 263
249 264
249 250
250 264
250 265
250 251
251 265
251 266
251 252
252 266
253 267
253 254
254 267
254 268
254 255
255 268
255 269
255 256
256 269
256 270
256 257
257 270
257 271
257 258
258 271
258 272
258 259
259 272
259 273
259 260
260 273
260 274
260 261
261 274
261 275
261 262
262 275
262 276
262 263
263 276
263 277
263 264
264 277
264 278
264 265
265 278
265 279
265 266
266 279
266 280
267 268
268 269
269 270
270 271
271 272
272 273
273 274
274 275
275 276
276 277
277 278
278 279
279 280
