3.10787922553077
3.13981836007192
3.15430239215637
3.23088210923210
3.23088210923210
3.15628663543792
3.01101916369468
3.14503226010064
3.16099955891368
3.20255689610373
2.98349604001869
3.11604671046102
3.20170575104987
3.16969413257708
3.12816557360025
3.15412596370433
3.06109700421816
3.02310390455663
3.02399907741424
3.07166189155387
3.07449138780823
2.93713738480685
3.04952582740807
3.04897832579787
3.17222286902010
3.16678464537663
3.03530797427915
3.03197322063106
3.17576828903626
3.15618524044456
3.08759690139026
3.05740389259311
3.05740389259311
3.13361586200402
3.10640935337014
3.10640935337014
3.02371836289353
3.07069232287288
3.18556018685936
3.18556433702925
3.07742306253736
3.04818097057128
3.18933629589875
3.16046519643456
3.26646558811390
3.17594678699253
3.15634910304095
3.14532434523735
3.13075029782042
3.06202972458134
3.13367868177406
3.16462303695883
3.16462303695883
3.10157739684426
3.08259502007701
2.99161366955099
3.04155210130925
3.06448119222275
3.06448119222275
2.99024840377061
3.14925565757812
2.99303844367039
3.27842328294517
3.11900771062999
3.08449024708275
3.08449024708275
3.10699480302518
3.06086387711451
3.06086387711451
3.26466413941307
3.22080086654347
3.05837592077017
3.17995682135869
2.95272643395143
3.03884849307367
3.16377369246554
3.22268994786623
3.22268994786623
3.11946809715573
3.11946809715573
3.13267355421605
3.21974365526664
3.19904702196953
3.19904702196953
3.23072061041055
3.12194677184796
3.28243244925348
3.13686351330016
3.32999734128614
3.39770200060604
3.18511917115229
3.16593047079341
3.05459903380945
3.22117704083189
3.02319700513312
3.12244981228573
3.04989487266801
3.11293951188128
3.15806616361276
3.08057903023616
3.28997303473120
3.17778090091863
3.20031885071528
3.04092953533476
3.17571185046398
2.98777897331836
3.08016158251774
3.09431123726228
3.06790872263905
3.18223043659561
3.12850887670016
3.12850887670016
3.12879655106494
3.24565214515675
3.24780143746525
3.02753243577848
3.14942284173374
3.23453453201892
3.13202885023684
3.11645673667686
3.08535893495409
3.03067527104215
3.11880400700622
3.21494295670170
3.13202852044332
3.02214127709193
3.08072251753270
3.03248930184145
3.08363585355235
3.08363585355235
3.18498457313825
2.99865159718090
3.02170483912725
3.13421846133594
3.07826086989058
3.02206081931409
3.06569306276150
3.09725345432146
3.30132327535447
3.18065398440032
3.18065398440032
3.15199698678371
3.13079916589557
3.04415465474307
3.23227986416445
3.09683858316932
3.10978632098949
3.07196278708184
3.07196278708184
3.07196278708184
3.05022270547142
3.18938740414380
3.11473867824840
3.17205261122226
3.08545214977980
3.11196469678433
3.11196469678433
3.11196469678433
3.11196469678433
3.08541026808811
3.08541026808811
3.18231536533204
3.20944612359028
3.10905503967947
3.06154290835367
3.07460442097349
3.14721077276048
3.29569302438209
3.23336059268713
3.19668043580587
3.12268998695225
3.04166406672163
3.18394034443548
3.02166508243918
3.05142456250089
3.11977622726944
3.16016566860752
3.09071142654993
2.98410733411606
3.16827115837676
3.16827115837676
3.09210434383219
3.14622211821117
3.14622211821117
3.00255396655911
3.04594123586309
3.12395235423920
3.12824852235951
3.08612322841044
3.08814017826358
3.10989274374485
3.08465571964108
3.14088520268832
3.07732833685419
3.12280895679434
2.99438294559882
3.17495591474389
3.22374040431979
3.02247162906507
3.11283043803628
3.08989331922844
3.05260691432408
3.10343296580465
3.21820140854142
3.04684234385731
3.13247420014257
3.07531622796253
3.13440115696600
3.02893173711644
3.23858678812459
3.07828342713095
3.07828342713095
3.07671971410632
3.07671971410632
3.01741023665510
3.13357834994975
3.13357834994975
3.17437105071467
3.17437105071467
3.05221713353483
3.11384887757743
3.20983611505860
3.11421838688385
3.11421838688385
3.22032053972284
3.24905978140874
3.14613056757083
3.06712646709522
3.08673971979321
3.12844628150973
3.09651785923613
3.09743115300577
3.09743115300577
3.01419940833975
3.01419940833975
3.22296807554500
3.02966855254567
3.07535325141701
3.08115766710017
3.08115766710017
3.09747580771086
3.23288601125935
3.04925919378286
3.05797710351577
3.04350588366849
3.07966865991471
3.09314968777813
3.12669665738112
3.12669665738112
3.06357336611067
3.12928721861083
3.12047000730548
3.12047000730548
3.12047000730548
3.08466572131766
3.03133435949380
3.08441738865669
3.11529902451103
3.11529902451103
3.11529902451103
3.05862625369578
3.16378786660492
3.10577481211118
3.25013315286795
3.07304675360227
3.14364290134896
3.14630110284815
3.07642339670008
3.13582486043034
3.13582486043034
3.19209469121622
3.06956702164526
3.22853039664189
3.23900968545362
3.10175341366019
3.03151454208927
3.17879921452363
3.06557126161714
3.19772702361651
3.14816435018062
3.10230998783874
3.17172681371851
3.13520193611438
3.17493369256508
3.15446306757438
3.05698125930124
3.12532440102418
3.11316974212318
3.27797784759222
3.23550183534040
3.00909728541561
2.97909280803941
3.09538827645297
3.15400532096623
3.04992795734667
3.17392522341877
3.17392522341877
3.17392522341877
3.17392522341877
3.08194763611953
3.08744665094910
3.03812525903113
3.12954443828191
3.32939135386729
3.18689111057801
3.13593737542901
3.24871766194215
3.14496448911407
3.22268410455774
3.12119610934075
3.09291301393767
3.16959978590881
3.17267167693241
3.16925343604499
3.16925343604499
3.22182694392591
3.12670790857329
3.15475521322574
3.22083563639600
3.20216990477588
3.23146804439384
2.98827524419607
3.11693444730353
3.04508823195732
3.07321160020183
3.04470623149205
3.04470623149205
3.29726214827069
3.15947057140507
3.12220487001652
3.11630663560765
3.08655510195795
3.10898318083053
3.15103485894857
3.17038630293458
3.10670050825701
3.06952862016224
3.12451808032316
3.00919404949035
3.02756573782110
3.00616191451723
3.18872388742091
3.21108598453989
3.21319824049709
3.07452654342418
3.20624370869610
3.07979835254497
3.04177790306170
3.13793722587694
3.18898816476325
3.02130538781046
3.02130538781046
3.06214552610506
3.01750367274764
3.12952766780939
3.15758758697294
3.25581342133927
3.01943413460952
3.09007351558132
3.11342339467114
3.03283673158177
3.19415463251847
3.02703399689904
3.08190943445184
3.11755039833425
3.09310583694096
3.09310583694096
3.09310583694096
3.08532422900206
3.16870991913532
3.14623965117354
3.12143070570183
3.18860584428147
3.01450503527179
3.06199364778217
3.16164746447500
3.21535808646022
3.04544864895166
3.18519878436278
3.03927620178294
3.02895339385618
3.23811181524991
3.09969323468365
3.00325322986399
3.16028905180279
3.21528120213924
3.18291377244529
3.08852907574992
3.04303597041068
3.22048352422453
3.04908374198734
3.21162136651427
3.20496713263452
3.09739690033625
3.16646087653710
3.04414371464154
3.15656294568026
3.28755236865982
3.12746102256530
3.12746102256530
3.11535276827712
3.11535276827712
3.08902879047481
3.07323820339437
3.02685942144942
3.02867063398355
3.14172313883720
3.15013875078559
3.07541952231185
3.07541952231185
3.22875318393077
3.15327212757054
3.13969003931258
3.07653346392653
3.17176316397698
3.07842766854313
3.15895014683263
3.23939158481119
3.04944679605186
3.04944679605186
3.09245017566770
3.09245017566770
2.99495178167777
3.11576299707757
3.12194572810399
3.15030386256969
3.04178792839824
3.06915452023678
3.09553959993254
3.11025520444169
2.99851688595351
3.18090219026014
3.14310688065657
3.05214315943980
3.09005926993887
3.09005926993887
3.25621725696111
3.24916693354177
3.19295259748358
3.03410981949701
3.09494445325323
3.16705892267594
3.10023601989587
3.16592011028028
3.12620647745022
3.12620647745022
3.03822546112941
3.13663162832159
3.00645702245393
3.22804168109819
3.08155613908786
3.18125954423194
3.15767733794257
2.94469762096912
3.12463894528662
3.19990825287572
3.01976519738202
3.11247925523918
3.11247925523918
3.20773121651459
3.05434147460869
3.12586240134910
3.15676908785011
3.26039879998433
3.06415332145317
3.23966334358718
3.11289625940251
3.12301352687123
3.12301352687123
3.12223589450812
3.22752473468854
3.03379679492014
3.07721548835408
3.06682456147205
3.08882380867373
3.17873601001322
3.11692604739301
2.99392990536402
3.08144593432772
3.14389734557600
3.31825543403410
3.15873883883337
3.04190743200291
3.25175513565652
3.04644950880988
3.11254447956279
3.09243840313353
3.09243840313353
3.20205221302739
3.00323346261242
3.22123697380732
3.17063278563783
3.17063278563783
3.17063278563783
3.20466104104109
3.17703369304292
3.10147502571145
3.13043417097780
3.15296202547671
3.18270964970381
3.23383541417083
2.93775774670959
3.17416678300846
3.19703454056673
3.13631219932280
3.10051802809715
3.18324691403646
3.12314053576916
3.08319943638093
3.12763108814228
3.12763108814228
3.10648906781959
3.16608294995929
3.23328777613186
3.13974351910598
3.13974351910598
3.11764204025498
3.11764204025498
3.10214766433265
3.10520587171638
3.06075715374223
3.03494668653063
3.15513899208673
3.08144915624489
3.11193296459782
3.16675723723869
2.90154482186074
2.97433995864045
3.05930241419617
3.02137080047940
3.17975877806530
3.05433152284708
3.09799723819370
3.12167072174643
3.13215750441014
3.15354296623764
3.15443460525542
3.09855337107216
3.04738591292372
3.10401725347912
3.18663583179357
3.16637523640457
3.14530567054183
3.04727628550364
3.07030862942098
3.07483245827586
3.17566783671656
3.29222148386252
3.17064326813176
3.19391767769751
3.13451781491895
3.14081013014959
3.14081013014959
3.10502021640282
3.17227275597689
3.13442190477233
3.19851869383215
3.11112368373758
3.03611234092723
2.99681089073554
2.99133195612951
3.12394100918100
3.02687645599305
3.19800554561984
3.05262887151793
2.99389644334358
3.25859009951052
3.00979441963660
3.17912854001080
3.16078432429206
3.03983788030614
3.03983788030614
3.10754121629669
3.21583487113864
3.03880777660789
3.13405973464355
3.13405973464355
3.10959606941093
3.15197309085139
3.15355114483928
3.23729945496103
3.03524680908036
3.09212565110653
3.09212565110653
3.09212565110653
3.09212565110653
3.09212565110653
3.09212565110653
3.20681647915184
3.14302162218817
3.11080945582210
3.13801348311512
3.06465205443279
3.26521363780708
3.20037977459241
3.16127061850885
3.09102715919197
3.07623840837236
3.13081414770993
3.13868496925797
3.08391394505625
3.00978793427532
3.00978793427532
3.02207369896415
3.18760136038659
3.18760136038659
3.21322482794496
3.08209483367524
3.13485235323047
3.05084368678048
3.12267046522053
3.10772923338244
3.16929932891636
3.11854289865699
3.18570180629207
2.98837007963902
3.15738994164823
3.16748431065733
3.07105512877440
3.08867234986515
3.17713924913009
3.10085337230268
3.09792588004613
3.18883092070379
3.05190734532982
3.15344360210545
3.03904403728985
3.08703949729921
3.08703949729921
3.07441583915162
3.20258002500236
3.12500420145053
2.92896418909077
3.12689317572059
3.11617269416612
3.10900534258970
3.06191179514562
3.15032073872715
2.99519890179027
3.07113838743862
3.07263697375628
3.10173208789579
3.04907943325766
3.15235042699880
3.20914311007559
3.04149792362753
3.02643678914113
3.02643678914113
3.16869783623502
3.06170732912610
2.94913778038555
3.15162812834494
3.16964682964786
3.14901072281191
3.16242107114728
2.95147555389165
2.95060270715684
3.13300267782857
3.13300267782857
3.19081727669280
3.19081727669280
3.11496231001380
3.11496231001380
3.11742262836453
3.10020178224970
3.15601804221586
2.98604046645390
3.08009846031682
3.04621744736463
3.06317963590791
3.14923897663895
3.16443521234357
3.00034126755363
3.04809533140968
3.04809533140968
3.03332043662482
2.92848386898578
3.10561009596209
3.02370001729739
3.17581656995547
3.13327882229080
2.96554185549243
3.13272241496543
3.22408446729284
3.01002141896287
3.03450582803135
3.05740278763331
3.09689073148399
3.07402046089113
3.19194389963658
3.14612336579813
3.06377912257905
3.15906178672780
3.19290182363170
3.13130744507057
3.09190314438431
3.07504732989664
3.07301762325953
3.19735741024960
3.17025035290449
3.22777881331794
3.03916900935851
3.06476619859698
3.16806242311520
3.18425858972638
3.18858559923825
3.14276731937116
3.14864891157809
3.03153568352836
3.28452726989035
3.28452726989035
3.09601722449532
3.13164515957268
3.06224735222116
3.10281721687987
3.04743875248675
3.12550180806221
3.12094674712245
3.17349511823565
3.16260297546044
3.23696366006544
3.17690153930960
3.13553489168573
3.05755909989058
3.08090966918223
3.08090966918223
3.12697851392271
3.21559106635269
3.01137121015799
3.04954450023712
3.19443197132480
3.12076016806141
2.98968616562174
3.07891220596661
3.19615795601222
3.03515911281157
3.09919420777840
3.15022543694249
3.10896180218156
3.10516985682613
3.23958019719937
3.00618383721006
3.03776120683066
3.06558350383384
3.13356416054102
3.17918061643449
3.12099032917969
3.11690113816275
3.09699545992981
3.15105184984808
3.02864368751518
3.14309750536154
3.06789524807130
3.19440072972516
2.98134760201350
3.30548192752323
3.04848318660023
3.05062475105323
3.04096225682183
3.12839016323974
2.99116021994066
3.22836220621870
3.05247472086377
3.02296092718962
3.01189138928472
3.10045355627479
3.01667224017447
3.20007787153491
3.02655430470884
3.08127033649473
3.03772763032601
3.21089607107094
3.11625086079673
3.09158044647264
3.24044739550116
3.10638205659440
3.17238916020096
3.10127514960587
3.19427026146812
3.16099067589416
2.98650242757656
3.23078543685727
3.09760830190886
3.10561030973777
3.11574952370855
3.17628983084366
3.13559120287883
3.15206194796769
3.07693348181448
3.04772994104777
3.09581016339245
2.91354352765151
3.10375624089902
3.13033201235522
3.14438991481206
3.19517610226698
3.11964281736107
2.93411903037895
3.08864017962092
3.08864017962092
3.13481929047155
3.07485490064104
3.12038546249777
3.07436810127050
3.07080227177087
3.04037832225733
3.17753367359607
3.01832918655063
3.09979064479189
3.20815912545402
3.20815912545402
3.22163134963471
3.20512099966575
3.14263508118360
3.10336069070911
3.16325768650032
3.02788261042815
3.09480903052403
3.14009422711763
3.18659696202499
3.18532951539928
3.18532951539928
3.17928610627386
3.03969357235867
3.20963591952551
3.22561206138306
3.16418728470542
3.02582010585625
3.22244622070302
3.13903457136773
3.13903457136773
3.13658986355601
3.17253553646948
3.21619959918816
3.12599991793899
3.16119618523018
3.17686316241697
3.17686316241697
3.04774502448900
3.05477259809261
3.02828968320310
3.17076954936425
3.18572408320708
3.18572408320708
3.16264414878462
3.17120704208188
2.93388607220908
3.17970771074880
3.11059706274170
3.08720070988130
3.19893649727005
3.17377033279529
3.05762534309071
3.13308218608626
3.28794538491008
3.05999043821354
3.14120388541084
3.14120388541084
3.14120388541084
3.07280100441397
3.04000964090207
3.10037116637463
3.08729184965440
3.15733743547022
3.06456512389997
3.10299014475508
3.10299014475508
3.15548859315702
3.23320055526243
3.09850899062789
3.09840155799322
3.02856653920331
3.19307574025034
3.19075924234412
3.08649772308560
3.10083294523453
3.12405955626986
3.21425732840886
3.04707389682794
3.27919614416578
3.20219934440413
3.22551479708747
3.13283333128264
3.13283333128264
3.10423250762285
3.09632987745492
3.27306276132443
3.23298192874401
3.02512614972642
3.15860666399832
3.14904735734080
3.08011341297132
3.12289799357101
3.12154311348774
3.14239370371040
3.18797505613969
3.10757043710178
3.04139364049588
3.04035699041816
3.08512270720728
3.09030122689039
2.92887223980019
3.16935777627592
3.05809335996904
3.13221438172539
3.04537657838130
3.06771202230569
3.16947690510215
3.16947690510215
3.10059019106853
3.17412251506945
3.13946507038745
3.13946507038745
2.99167170342103
3.03181137704956
3.13122400974275
3.01057130381887
3.03954318246638
3.05736794948590
3.14442501458275
3.06517949196929
3.22659878554641
3.18315466965283
3.11504831186967
3.23127614061816
3.06527812397612
3.04202833537551
3.03259694432982
3.13312489300385
3.05974126196223
3.05974126196223
3.11227382530452
3.05733212988911
3.05733212988911
3.09732707821524
3.04597651168937
3.12251839343206
3.13115365163581
3.20103094869347
3.07395694086312
3.19773625912401
3.17302953224885
3.06989345318201
3.18974554857895
3.04766385386007
3.03212625723543
3.17513410471616
3.02431732510209
3.21991381894576
3.07125806746963
3.08768575604370
3.03618844714779
3.07802196255132
3.17449304586211
3.14629005349309
3.15863261804171
3.19426515665039
3.03995356377365
3.03995356377365
2.99176239737854
3.10269646503374
3.02138743373157
3.08435192306786
3.01213506854680
3.25152539624811
3.04366449887053
3.10112802697071
3.13494506663435
3.10891389742509
3.07360665816224
3.04434306161607
2.95328374213393
3.12602644554785
3.10459462824408
3.00509390094755
3.14734794353341
3.18599270937101
3.19438679286592
3.08891557552044
3.10097349911891
3.15183275186592
3.00009801298506
2.96408033192025
3.23376205035693
3.17317093546448
3.12669474599843
3.04981755922278
3.09535516902183
3.06257945206849
3.06257945206849
3.04873218851246
3.06363503595148
3.06363503595148
3.06765813639540
3.10189416349069
3.10518602159824
3.14648973300175
3.09123977567539
3.15045706339642
3.10262818429772
3.06300688562923
3.12173509459296
2.96611747157590
3.22243380633355
3.18748716414539
3.25653574611093
3.13591425928245
3.14249897177730
2.99599311591496
3.04331483142178
3.21790022702957
3.19483224250351
3.05609218152044
3.05609218152044
3.06440140767644
3.31126184364234
3.11907933093141
3.10123772166415
3.22468177958770
3.12739854546747
3.12739854546747
3.26912847302683
3.01562150111504
3.10272914786112
3.30170883048222
3.22636466483374
3.16519533506179
3.24106287278649
3.13054308377648
3.09353112195548
3.16327432348021
3.12225403250893
3.09169808050417
3.15677368645962
3.12737474831087
3.00869180005187
3.11593677422175
3.07604282186824
3.14611822476316
3.10001686978862
3.17662269279618
3.10456112342694
3.10456112342694
3.14854905676826
3.15214814984390
3.11532278184852
3.20650705330575
3.06438057390936
3.06534831885466
3.13730875819706
3.13730875819706
3.12589929119616
3.19547145087214
3.08325149335829
3.10048047763595
3.07753550519584
3.07636275919499
3.25739655563979
3.01825097051292
3.10119087037166
3.09263306076670
3.09466182352449
3.15693116276922
3.25166640175943
2.93904537009941
3.07991023632028
3.05445136814832
3.05445136814832
3.17898784905147
3.14271140273122
3.16672291335531
3.16542378815648
3.16542378815648
3.08771700385424
3.07242248124923
3.07242248124923
3.28900691485485
3.06256580001972
3.21454709413935
3.07621892844693
3.10865020842555
3.10865020842555
3.10865020842555
3.23108479404298
3.14527571039080
3.19355836001914
3.09938004722961
3.06593020180191
3.13990735657692
3.10422130117687
3.20904249742667
3.06282927611239
3.21586905344646
3.21586905344646
3.13499344104057
3.07190693524635
3.11480436444513
3.18196307175357
3.25832416503259
3.10155013839807
3.11215464107275
3.12536319763350
2.99050554822357
3.08748455322381
3.08748455322381
3.10435557739792
3.25489385881949
3.14577597407756
3.19750992730863
3.17790431636378
3.06087563033706
3.01526942823272
3.21792401464989
3.14549902086975
3.16274623306308
3.09862523466724
3.09862523466724
3.14972993854565
3.16208528378142
3.03168300047905
3.12069265591574
3.06889747772808
3.13238292367972
3.17419534238371
3.08822575841537
3.08822575841537
3.01116423134236
3.21267147674446
3.00502486910033
3.09059936745777
3.14753069550787
3.14753069550787
3.04723708169568
3.19882745723570
3.16935564661036
3.13595969350450
3.12146636767221
3.09161931507490
3.05534147341301
3.19461785597115
3.08493707350029
3.16542903775404
3.17380807103243
3.01297491324934
3.10463750149783
3.15511437835507
3.03523997494042
3.03523997494042
3.31718342986626
3.22335893671143
3.22335893671143
3.07339714772511
3.11665059025500
3.17445986825272
3.17445986825272
3.01614256639024
3.09388314542500
3.05672102613102
3.13754353810072
3.07162206308189
2.96029042144744
3.21740692469180
3.08885231528895
3.08885231528895
3.08898409749544
3.15834043543858
3.10379266659538
3.10379266659538
3.14663120481544
3.10959002085729
3.15082963477687
2.95013739527660
2.98220023013223
3.14119711586535
3.14687438824978
3.18934870597410
3.24899120035435
3.12967816337077
3.27694027872479
3.05638077290600
3.20773393273308
3.02235081883568
3.07369221802821
3.14980339761017
3.27184022004362
3.02320818599713
3.01789610965150
3.21815787604507
3.21684723554353
3.17848718881227
3.17848718881227
3.17848718881227
3.03006764642040
3.04550509252744
2.93114375915957
2.91425355452069
3.09861846701171
3.08082378042895
3.18245261214938
3.10560262220763
3.18407476887186
3.13952525577664
3.16666254117773
3.17996774068165
3.08402424998064
3.11882100202636
3.22967185884235
3.22251419088872
3.15683653557008
3.08590805444606
2.96325003049516
3.08622539371657
3.10840779602197
3.10840779602197
3.10921535941819
3.03548043881089
3.10405597688516
3.06767932839660
3.06767932839660
3.03311788760156
3.17578104903740
3.16231369365274
3.11486652156518
3.03741081797118
2.99879682771697
3.00658074536123
3.16002765894722
3.24401993697620
3.09366994887687
3.17741699872034
3.11033783909335
3.11913565827498
3.24679098736765
3.09968759543466
3.10596504887062
3.11537882008075
2.99007706931769
3.08423049051675
3.08423049051675
3.07737419443730
3.18031427125963
3.15131159715367
3.18616364079916
3.10233974875090
3.06330635219331
3.23122282857812
2.95463127837267
3.12947690829308
3.01688201753425
3.15704170147594
3.21767780300944
3.09760354422996
3.13735286633599
3.05775476936325
3.16545558649307
3.10226377090567
3.29242296595153
3.30221522339516
3.11641001952955
3.10962826365341
3.12151350744804
3.02515114175888
3.16397196476512
3.08954555859143
3.13546525710471
3.08287008342085
3.14830526441252
3.15825737479548
3.17795781912356
2.97969820407010
3.16284139428886
3.17641937842862
3.05450758936644
3.17934440444250
3.10056147933994
3.09344770202001
3.15023606016869
3.11874036418433
3.19449861641363
3.06329910376716
3.14460097976023
3.09895890757021
3.15952618369612
3.00149157723731
3.17145450554399
3.12699159937250
3.11888630481967
3.14099740884685
3.02281193612094
3.18020488298676
3.10607029686122
3.21626993328847
3.17064045128657
3.07030201313421
3.15650472735008
3.10378678236713
3.14694580652337
3.03933735008635
3.11948016405544
3.16212431397381
3.08759243883890
3.03610522907085
3.06662397242654
3.10089625136960
3.13840945357453
3.04742499434191
3.10119993208838
3.15498505764969
3.15498505764969
3.12942124249725
3.12256960827647
3.23477451621316
3.00063421935068
3.04094547447042
3.16589945669990
3.14540267723272
3.22987912961201
3.08135700352788
3.08135700352788
3.11386456383559
3.07484423217284
3.19195954461022
3.17178074582214
3.18417931616485
3.18977903100024
3.11020191284008
2.98698320560511
3.03084257134823
3.12975947815870
3.12975947815870
2.96695201566526
2.99981318148733
3.08072562014170
3.08072562014170
3.11774548513083
3.10874451603825
3.00390077689964
3.00667296733741
3.12293498664149
3.08093362432645
3.16616615115417
3.21958837937991
2.99537222776369
3.11757102225073
3.10215273116676
3.18610230100865
3.12811708011490
3.12029865949282
3.12687232114649
3.06606579409381
3.11759920737657
3.03007823304640
3.12405495490504
3.13217998468973
3.13217998468973
3.10130007658149
3.16427804457588
2.97228432186472
3.12638392817457
3.09691228226704
3.05766103818014
3.13060594018370
3.15967439733110
3.16470314609363
3.07924564756230
3.13306654107704
3.19042233178956
3.10930654335038
3.05507937576852
3.15607374042507
3.06944622476985
3.18598191090799
3.08445050754072
3.10483333072986
3.04167023671224
3.05333556970080
3.05665529820968
3.11779182752213
3.06181850284419
3.07363618601518
3.16713864438936
3.14023866921080
3.13724650225075
3.22074220411044
3.22074220411044
3.09544911678088
3.07801970837315
3.19338038714257
3.16048131002155
3.05815893163246
3.17083620424113
3.02136998204701
3.20991647435572
3.12710127265927
3.19331005303016
3.14387803675680
3.09864490317072
3.19330109977958
3.03804044178516
3.07088804938601
3.00303598897670
3.08534475608925
3.17288522101672
3.10049529837203
3.10049529837203
3.16581703920538
3.09098087763516
3.09098087763516
3.11856804533252
3.15204349641787
3.10472184039582
3.08325840239556
3.16570039142296
3.10360113473088
3.17315169311486
3.06907155964384
3.12555384937882
3.13489333251797
3.05200496010047
3.05135739927725
3.14650375141625
3.12284947547030
3.17374230421551
3.17062187328707
3.02658286117656
3.15444413219805
3.15444413219805
3.18284251517461
3.13359202755854
3.13478354923052
3.14609467266180
3.12700776690695
3.02540796860235
3.15313671433340
3.15313671433340
3.16774766665719
3.16707858966150
3.05758460088835
3.12239375285818
3.08778471549270
3.26038231374901
3.17447405825460
3.17447405825460
3.04990925557148
3.06642148647630
3.14123330123442
3.06730568071656
3.15384904125856
3.16966839162017
3.17551700566490
3.11593585863767
3.11514036788064
3.19195166110383
3.04461027043560
3.09603111709405
3.06206466704618
3.25398298882927
3.15225647151154
3.15117260153434
3.13084101160582
3.24168329016811
3.16865995827263
3.12825687524615
3.12852191507524
3.15415010932526
2.99842550769850
3.19555888080385
3.14248565513919
3.22403765043722
3.08524651732861
3.16684246052082
3.16684246052082
3.18047656876660
3.10066433570566
3.19130917279590
3.18806989264258
3.15688521360179
3.10695776091578
3.10695776091578
3.18322839686048
3.09058808311517
3.09478403365329
3.14641752703690
3.03998291514392
3.16736511949216
3.12176922944955
3.13664142678537
3.05411868923098
3.16444943832631
3.17223805217917
3.13469497338666
3.08762347850762
3.08692639282363
3.08692639282363
3.14570075826993
3.14188752841992
3.14554833967175
3.18651732201190
3.16963986655997
3.10081360779046
3.07172284928578
3.07172284928578
3.13220811957298
3.02772640973498
3.15920574079420
3.14001375465991
3.06667286309087
2.97295910212343
2.98731404624546
3.17997553111193
3.10194968463213
3.16192834497209
3.13521824310665
3.12013137543219
3.15030515059436
3.04541063070876
3.08514527589600
3.08296041066984
3.14074829657615
3.09471936746963
3.09329423617154
3.08805519880761
3.11096428354955
3.16908571315735
3.12192167778801
3.09034737484000
3.08294040981927
3.15589098990115
3.11186940935732
3.15368928856239
3.20711109147356
3.20225960796275
3.16773933109150
3.15465575848743
3.04188106550903
3.11101978481831
3.03222834167860
3.11419844288577
3.05630812790642
3.10109272932661
3.07864387043007
3.07864387043007
3.09072131761750
3.10271315178091
3.10271315178091
3.10271315178091
3.06901050780803
3.06901050780803
3.13054933605061
3.20534546451021
3.12109281934401
3.09322453508778
3.10156600971080
3.10727156434112
3.13930489015382
3.14017043625948
3.16665694939193
3.08885120698733
3.20809017038564
2.98523219223386
3.03704013540227
3.12052284027602
3.09119457072980
3.14534368652200
3.08735361539141
3.20947222963035
3.23012001998541
3.04474925394199
3.13495401087048
3.18671770927710
3.14647518116838
3.04712176688535
3.03055658969196
3.01016367460126
3.20936055507280
3.16912940013905
3.16912940013905
3.09822769341719
3.15019447292938
2.97977020580186
3.13031198261169
3.11671744530046
3.15848074063785
3.16800000560985
3.16800000560985
3.08801655631974
3.18381860825468
3.07004254811316
3.02928433089470
3.10260000409009
3.13876710766403
3.18175611823816
3.07350825940059
3.19106025630575
3.11337540571455
3.20794533974608
3.04202887343845
3.20050753814018
3.12576293415672
2.93741481078829
3.23947880317988
3.27509490038208
3.02540964142502
3.20454932335221
3.19443271658640
3.31438507359715
3.03877766424110
3.05242725938175
3.07558145505921
3.08909845473208
3.14788367178107
2.84228682844568
3.06122287561820
3.12745874124100
3.25869781743700
3.09216969959345
3.09216969959345
3.13230422063526
3.08238579390510
3.10784092523666
3.05967127156008
3.05967127156008
3.05967127156008
3.18037776669858
3.04140320244006
3.27823646951727
3.19241194985718
3.05163599972484
3.12843362793002
3.08504525828422
3.14118085109053
3.01875215053245
3.07311196709073
3.17981303098700
3.20870873474929
3.17927006384227
3.17716964308311
3.11204838866326
3.00802020839652
3.21197405123355
3.17140654822306
3.00615982271072
3.10071545285692
3.14118009330905
3.14118009330905
3.06929489079760
3.08073916201909
3.19269577369332
3.18623878216358
3.18623878216358
3.15574103886001
3.08847164270696
3.05922462716123
3.17933393834970
3.17933393834970
3.07704693649659
3.14548988402239
3.17644986092850
3.17835206647365
2.90750892358047
3.08126070607453
3.02174228057201
3.26966431703655
3.03776014773019
3.00441821943181
3.00783120695034
3.10693688315690
3.03022625192870
3.03022625192870
3.18395287935703
3.18395287935703
3.09023281362184
3.16575047615805
3.16575047615805
3.13802228650061
3.23221894994634
3.22203862466632
3.17639026717731
3.23403973804980
3.20743447224544
3.13870621045211
3.14182233276199
3.17457056695674
3.15242426376442
3.15242426376442
3.20588857628666
3.06322898589765
3.15466635677153
3.12800311430256
3.02461904966703
3.23421629267418
3.09523914297970
3.17217118619037
3.17217118619037
3.16021366705154
3.22407055103830
3.22198580900574
3.07007518118731
3.07007518118731
3.14449613960608
3.11768305577958
3.15540070848252
3.02398069584876
3.09681821495179
3.17911847446393
3.17911847446393
3.00551215492856
3.07952205033665
3.29926703749548
3.20048135063667
3.23134058795508
3.21021159210913
3.17442897468477
3.19534005051171
3.10482558636733
3.10482558636733
3.08439998409566
3.14127503192212
3.21374868501065
3.11569567593354
3.08349790820277
3.05942532299623
3.07225507243088
3.19538168839767
3.18690986348562
3.28777297322802
3.28777297322802
3.28777297322802
3.11790186701623
3.16025804100737
3.18984393998671
3.18984393998671
3.18983827137658
3.02836101428916
3.14655219464886
2.95580729872559
3.16467691091055
2.97974539644357
3.08145778390308
3.05157419241327
3.21397755203325
3.18780656219626
3.18780656219626
3.22740809033787
3.16478472083379
3.08082639814273
3.18961613088781
3.23056749258557
3.20899539122266
3.15860367404841
3.15860367404841
3.15860367404841
3.16500382195688
3.13741052457785
3.18270236887988
3.07762354394051
3.07762354394051
3.18345146780601
3.04174138976697
3.12550611303933
3.13831094284027
3.14423246828544
3.17456728368452
3.14793148047574
3.01391977420583
3.28608885232001
3.13081918390146
3.23496992178908
3.07146889439147
3.16676157188701
3.19569889426061
3.08174637338796
3.15545055396885
3.23682558696121
3.18216192937251
3.17202419348854
3.16141701237192
3.05213326887009
3.19566250563484
3.21047841206175
3.21047841206175
3.09091508500454
3.11635906700809
3.14040095533534
3.25522459562003
3.25047320567060
3.18095854940256
3.23599290614451
3.07223885862965
3.03877159941463
3.05462807536080
3.01894028474168
3.22405410100625
3.12896051237761
3.13441591176822
3.15935063027617
3.15131469645749
3.15131469645749
3.15131469645749
3.16252571052623
3.20819865082928
3.03573235201012
3.09876305193554
3.08101513383065
3.07554049720137
3.25935089152556
3.15901198043147
3.13339242089933
3.02477988830422
3.18831546362504
3.17843409916186
3.12346976142087
3.12346976142087
3.18987915709595
3.01278851654447
3.15677952151934
3.09378228214720
3.15034616235028
3.14001981555074
3.14001981555074
3.11364590783378
3.15733883147677
3.10626551320651
3.13475991548571
3.02303658220232
3.13600294191888
3.13600294191888
3.10236332168812
3.01632926047097
3.21703851554446
3.25306074735878
3.20593244373842
3.02514735104784
3.15336707076235
3.11256107077439
3.06646406546327
3.03477182832372
3.10777780461206
3.06039618344581
3.06039618344581
3.07569384206208
3.07569384206208
3.07569384206208
3.15283768289181
3.16756043657566
3.11514202566311
3.11514202566311
3.19159285432609
3.20275424642336
3.14065728556173
3.14065728556173
3.17843957792958
3.20168045147605
3.20695169469321
3.20695169469321
3.05956993259320
3.15161564853817
3.18295402019317
3.09940257709891
3.02927163015709
3.21036193267111
3.03857502576370
3.12584308728196
3.16944203352028
3.18900166777756
3.17842894265385
3.20027460166172
3.19776492863088
3.08658651451685
3.09737150516028
3.16135833669128
3.14862355266021
3.14862355266021
3.14862355266021
3.23111250876856
3.03913373015874
3.24325457786774
3.12106825701703
3.05126290718959
3.00820488830453
3.24688647772303
3.24688647772303
3.10654216099960
3.10654216099960
3.10654216099960
3.14461334171133
3.20980853534544
3.22036492525023
3.03878975188273
3.16071558028383
3.15563728892498
3.18217918525492
3.02656714040931
3.10006334067422
3.08072793380295
3.18753440642424
3.18753440642424
3.10904785123297
3.17791853529478
3.14169302991536
3.14169302991536
3.05923120837560
3.10032082178802
3.05840279837612
3.11821945235246
3.18518278445651
3.18518278445651
3.06099982837878
3.06627702109637
3.04644871442265
2.98376670155333
3.15837878767606
3.22225056248061
3.11475372590743
3.13880414854519
3.18644361945074
3.28434055152813
3.14574260830244
3.25583589613014
3.14487251266094
3.14487251266094
3.14487251266094
3.18822516891569
3.18822516891569
3.14478409513701
3.06489019421544
3.16814218777760
3.21687623590736
3.16447775154356
3.06719602388444
3.06719602388444
3.18502253080864
3.03874403951192
3.09145717192784
3.22439056325362
3.11959494715903
3.13033676673575
3.13033676673575
3.16277897894642
3.16277897894642
3.17706661647375
3.17706661647375
3.09248449509903
3.01961878439968
3.01961878439968
3.15050662429071
3.17360957774833
3.06871149548910
3.06871149548910
3.17074056414147
3.12620027698282
3.20232164801513
3.16360160786506
3.08822502288087
3.15463565214614
3.18693494397710
3.00198257782295
3.05408117948663
3.15428187867638
3.13084588183817
3.13084588183817
3.13084588183817
3.21496349142249
3.15401698543939
3.09667266114651
3.09667266114651
3.24420179791260
3.01757540132007
3.04783145326590
3.08834743079057
3.17973343401635
3.10631595358326
3.10631595358326
3.19657636034599
3.11643870078526
3.11643870078526
3.20977954172708
3.18246757249177
3.17381579328893
3.08148852262496
3.22657712827056
3.13224797816229
3.10591833981189
3.05270255681078
3.26462580699263
3.19827017030422
3.29610104540951
3.12134191631573
3.22247047553818
3.08763598757194
3.09453878853577
3.00127971388289
