-1.41738998567211  0.47000932839203
-1.37608629083413  0.40471266627919
-1.34879491499392  0.49978003746127
-1.34022183226040  0.35527684559978
-1.36870382754959  0.49513088899507
-1.45842307250726  0.34059788502863
-1.45842307250726  0.41597308741695
-1.43553268492947  0.29030539699382
-1.55478167706596  0.48655637309731
-1.48294150753272  0.26281583335270
-1.56587246929198  0.23363913374230
-1.44582053699725  0.32732995343315
-1.42672390132923  0.48900506999725
-1.38693153005423  0.69534717949436
-1.37200116460232  0.41670681567671
-1.41242943521939  0.59495411445912
-1.39378267694665  0.32712526587964
-1.29082446557286  0.67706846988804
-1.33088132882832  0.70041979667320
-1.37469648398032  0.40290673108234
-1.26235191752046  0.49716973488845
-1.31494100676450  0.43777752067236
-1.32300247147449  1.05524600429634
-1.28858566059065  0.47504630391489
-1.27780409470425  0.51976731680705
-1.23015460714097  0.28657398799301
-1.36862468628778  0.39421546018617
-1.30320972124179  0.53312460803887
-1.33709365189060  0.22482770702618
-1.33819901112075  0.42158637083471
-1.64341037460182  0.34216732107271
-1.54328826753681  0.32577648910450
-1.49504942975127  0.32354249000683
-1.54178094141998  0.57326388356625
-1.47734286884047  0.40993359620627
-1.51202923199834  0.24336906041533
-1.51202923199834  0.34407297482573
-1.32562225700286  0.56597092696224
-1.51771706703974  0.29846326707687
-1.39374303911460  0.23436323091990
-1.52152882962864  0.33831312134995
-1.45038936048718  0.20297062284495
-1.43591092670180  0.37050792854435
-1.36711719159537  0.41844405316552
-1.40108472285682  0.36130880243105
-1.40395050103275  0.31064498964509
-1.33488634439326  0.30580638869232
-1.31831008312143  0.58390119458529
-1.35432925771669  0.38044329212024
-1.39184476004395  0.28082095805325
-1.41121307140434  0.44412384810632
-1.43176105708511  0.44545059395877
-1.32665467322549  0.37771058521900
-1.29796592275340  0.47339156172978
-1.34482822066744  0.40670427850462
-1.37996123275075  0.37940767852407
-1.51531117865237  0.24939964247628
-1.22875840139090  0.20742285153478
-1.19818839846070  0.22334661828021
-1.07111533015406  0.26465820052874
-1.12691054965645  0.18880267846057
-1.12691054965645  0.19530650770802
-1.34750022548165  0.21134944004944
-1.43148034045471  0.21167056261731
-1.38649882733308  0.33750807340322
-1.34144257852041  0.33375625949628
-1.41571118095647  0.43321841297214
-1.37057791818666  0.24399850069085
-1.38124976582646  1.13690798468259
-1.25635523274687  0.25037269751067
-1.23881239907405  0.38210040121966
-1.37355803710885  0.20747899193562
-1.28588152043249  0.22431748756221
-1.19407183275139  0.35410829769087
-1.30848316688699  0.37272766864722
-1.28747906921811  0.28707318447226
-1.31377736661777  0.45893010807389
-1.34124182277232  0.44833056781342
-1.32887125662368  0.25861461858338
-1.18234456189728  0.40514465982523
-1.42355407319707  0.32174291083072
-1.38327931971678  0.34612877452894
-1.27881207602765  0.31549871968757
-1.37875513964779  0.30989012648475
-1.46307450745959  0.24930571412242
-1.48424909395079  0.41441863362418
-1.43408120369936  0.44756504914992
-1.42636635848252  0.33949750179053
-1.19078332766890  0.55439025114025
-1.10349579474698  0.67018360773984
-1.18937512681581  0.26097650204435
-1.18049428601237  0.33309155277164
-1.28412972326378  0.47940230351168
-1.36572611516302  0.37683813744226
-1.31571085486427  0.39458931237269
-1.33071018836770  0.20868030207731
-1.25612594779428  0.34074153544318
-1.22653241974766  0.21603217409704
-1.22119557360085  0.15773965879152
-1.19333417898194  0.27369436705212
-1.11921731412360  0.62976664349229
-1.20803331984722  0.21072886995802
-1.13106405773686  0.46195331815909
-1.24419271994390  0.22573968136270
-1.27581508302849  0.30651939402624
-1.25117625062313  0.46932043793420
-1.24068861990355  0.49731239297487
-1.14261931412706  1.04613802789375
-1.25528690857002  0.33399789905010
-1.36263982095226  0.29814323392179
-1.56015675311562  0.71972207981784
-1.50738498689604  0.59396325454992
-1.69797047803394  0.41557974938254
-1.69797047803394  0.49737165234557
-1.62392588104585  0.35183817152631
-1.54390760371278  0.59016568818628
-1.57144355710524  0.28511353655809
-1.42822938998207  0.39865075472699
-1.62665275381555  0.76584778486669
-1.56491689468297  0.62908221838654
-1.30478379529688  0.29123146979031
-1.30533630764975  0.63977392208192
-1.43633572193962  0.49956748090000
-1.46593141983320  0.36591908478810
-1.53862649803660  0.94596511121069
-1.39539693415955  0.44816574796422
-1.39539693415955  0.43276188825570
-1.40866836269871  0.73918991623799
-1.43486428770572  0.72323531405204
-1.58726702335090  0.39964373179797
-1.50306699911518  0.38768740170053
-1.56580837063571  0.44845932177305
-1.40852590616330  0.31144527971667
-1.49701863960143  0.30845624693626
-1.49039745498604  0.31423339444509
-1.53289977533736  0.49567421779666
-1.56723071973727  0.29874909409986
-1.61251427502628  0.34985328108763
-1.50673175960235  0.19185507557194
-1.60112329096096  0.42928333423963
-1.67458820948321  0.19485294646208
-1.73969695527371  0.29005621013869
-1.73592217982442  0.40508436819069
-1.60833057491439  0.34293184676977
-1.68528069884788  0.38223609377626
-1.61868592577730  0.36040808922198
-1.44359514225210  0.25946959408874
-1.44309030977501  0.28421955127483
-1.36382570533108  0.30407268786516
-1.23534567393279  0.19312557677741
-1.47522306525855  0.36963653866209
-1.49768435296488  0.49677426878667
-1.48660146986482  0.24885468568876
-1.36720763118096  0.58556521266315
-1.38585575944840  0.23583655248151
-1.39140951499557  0.61072202574163
-1.46469926141672  0.25976523361138
-1.28680366846838  0.43903946522716
-1.36184620631864  0.37278177299532
-1.41555882717230  0.29642539127075
-1.38208705607847  0.36705743730999
-1.30123762918132  0.61114219537826
-1.31838470348705  0.35414159267643
-1.34325526393524  0.38343756552471
-1.74229525633982  0.45044809442393
-1.53634262893649  0.34868289053780
-1.54480610223996  0.69625331496480
-1.57672219057417  0.44495451752215
-1.62565199677370  0.22813795300523
-1.75807215337045  0.40119789141990
-1.65679588713430  0.39837774128671
-1.86338735581922  0.29400676693968
-1.74116297998354  0.75748657254290
-1.77017546607412  0.58684790798515
-1.71514066457627  0.37507599287266
-1.73213927229684  0.34540506319964
-1.72162470441145  0.53394283434534
-1.65781704361719  0.22558687009097
-1.65267619633956  0.31685975475286
-1.63522244472753  0.43429509278849
-1.57672167819548  0.30742296640881
-1.71876637701438  0.43299018421869
-1.41133850362360  0.43359267588260
-1.40380208344235  0.43471727072218
-1.55344074601336  0.33163793991310
-1.65920807117281  0.38011463148514
-1.57921475041828  0.37851225511635
-1.53965255046890  0.42035969175355
-1.60103182627787  0.29539914390776
-1.47878996327550  0.41457146989208
-1.55427384796544  0.51409935976500
-1.56589091121330  0.22149486281005
-1.45721687658551  0.32021684676237
-1.61958797994812  0.29766559664059
-1.56634859706736  0.36182715728207
-1.31690809068702  0.38410692261842
-1.31690809068702  0.29218939970796
-1.37406522037389  0.25024921737671
-1.34207907241741  0.46197502763642
-1.38247735840754  0.23836227465305
-1.36615369356494  0.15463787179632
-1.51533988376392  0.21093226394345
-1.46938225408381  0.26849418591235
-1.40964655623947  0.24307453625374
-1.40964655623947  0.29996518828968
-1.39066390561577  0.42359670345166
-1.36193656954684  0.35051658885063
-1.29692468615484  0.40336995001708
-1.24788544891591  0.25979476645030
-1.35912179306291  0.41875128149631
-1.30783260383481  0.35582466614575
-1.28749805773580  0.31377502542564
-1.29313073892370  0.32456643993780
-1.27523041739444  0.38877701182781
-1.37227679868472  0.21588003390139
-1.35155111122965  0.40767047378659
-1.23880991889407  0.33538174378637
-1.33302182673709  0.62398023974119
-1.19015963018305  0.44266654476601
-1.11831766224357  0.35876930201800
-1.19268958103748  0.57436011195953
-1.23240481951581  0.46220186251585
-1.22072355382284  0.58126710339458
-1.21557758570411  0.43784199121452
-1.25040400607990  0.67929659416631
-1.26022695914733  0.39021970401593
-1.34989416923321  0.24437012178235
-1.24745025374772  0.27232543507583
-1.24688982768390  0.24554598294911
-1.22563837156539  0.34605820868938
-1.18999892451708  0.27337701005737
-1.26920104455391  0.46023988527416
-1.39283056960664  0.43634028339593
-1.32517458192872  0.32519140975472
-1.37694294297380  0.39216696380177
-1.32376448673146  0.30675574461084
-1.29095002602038  0.37364922203113
-1.25325910295066  0.24993848028117
-1.39092138641219  0.35563199396621
-1.31664829453347  0.35325254303748
-1.35554944641438  0.38314431388737
-1.18610699953968  0.78275409563345
-1.49231301756772  0.44847594977005
-1.59224836957124  0.72186143596669
-1.39888874440593  0.25777148059299
-1.41747237198559  0.53431528885120
-1.32839157161674  0.25484321896641
-1.34879257204046  0.20220011536134
-1.35801141160613  0.30003834342652
-1.47584492655866  0.34647905611615
-1.49177256562051  0.25051123953511
-1.44412400564966  0.41286947173668
-1.33873424978952  0.22078545593385
-1.45928421483520  0.21600149304712
-1.42132059685647  0.20621631863581
-1.32943486228471  0.33493377095672
-1.32520271585168  0.42072338756283
-1.38746550505268  0.25642742439810
-1.22939955197878  0.51246848254663
-1.17109670204054  0.31847226165940
-1.28774942455798  0.33730182374344
-1.45615037749308  0.67308050316087
-1.30814509912798  0.21230842911972
-1.35508593098903  0.18343593361868
-1.55659211577575  0.35670762914399
-1.42400304979760  0.17337650281166
-1.42400304979760  0.30801635416535
-1.46538367777434  0.38970580238787
-1.22459098810718  0.24071728929198
-1.24679556130389  0.44799071896414
-1.37908962729720  0.22071909619896
-1.31178158155214  0.29218799308028
-1.30476944788414  0.24013571084266
-1.47271653221112  0.22409201186639
-1.33328200420694  0.54989315255289
-1.33328200420694  0.23511796699896
-1.33328200420694  0.28450857964814
-1.38153096752627  0.30821157693718
-1.28950857718642  0.34653117188367
-1.19526307257081  0.26849324588781
-1.28659477810139  0.59466323231354
-1.40861826846527  0.40391633662176
-1.37710538068644  0.34977790440438
-1.58313030265459  0.37425948116194
-1.55678556805633  0.34858523122049
-1.71970194978153  0.25514816955560
-1.66209384364093  0.88027024861913
-1.62730907718420  0.50848337390160
-1.54703109108579  0.44620093214109
-1.49259123320804  0.51529205534271
-1.49259123320804  0.37571618480428
-1.65085106587452  0.56146354560361
-1.57779429490991  0.23391440769505
-1.84088853811162  0.26586735404933
-1.79294403145063  0.43413393991445
-1.79294403145063  0.32038364679406
-1.58237819781259  0.30494723884407
-1.55866258090108  0.46113444220360
-1.42456369372073  0.42173248654369
-1.55645613935189  0.33731431907306
-1.59638562558639  0.52090907468036
-1.51749010274718  0.33937043378341
-1.63634059248234  0.45884965836535
-1.65907129666955  0.36984511548389
-1.58934213380959  0.36400922131266
-1.56519777404354  0.48510683595417
-1.72206861519440  0.44564648694651
-1.63821531374095  0.27921358775882
-1.59419728989429  0.63078801555157
-1.64757792572273  0.40975835798981
-1.69338672959972  0.26660176833082
-1.51489002269037  0.51628584545250
-1.66994984221918  0.29312015252253
-1.65945897205643  0.39003293883451
-1.49837393568875  0.27406708955962
-1.66305340628697  0.31261374114006
-1.64441286949227  0.29831509657522
-1.62796352705400  0.21090308866460
-1.65724839052516  0.93754107592771
-1.63130217717134  0.32643200246600
-1.72896069980438  0.31587237646489
-1.58457781562384  0.39695030293395
-1.74214587843796  0.45987241277373
-1.58416389880327  0.16949868038949
-1.49294918462939  0.16661810456308
-1.53182783234410  0.38325936011069
-1.41274107316928  0.26853843360770
-1.45694588947251  0.14309081703314
-1.52395221280197  0.33696452498957
-1.53445933602524  0.32571391047794
-1.45920697016942  0.31962048362051
-1.56857165069299  0.70950708152427
-1.63780004897262  0.16285824746984
-1.59451243043351  0.28281053617079
-1.58262872672647  0.21421027150957
-1.63222374754022  0.15754849482267
-1.74916579820623  0.26728942892752
-1.67375390894517  0.16440467457472
-1.55070022651884  0.39674257505030
-1.49917978982493  0.30430511197477
-1.46848570868698  0.54119024951885
-1.31168584227430  0.15637624996438
-1.32503672052088  0.15068023944243
-1.27413660308953  0.25367119633613
-1.37655962109658  0.40097140535059
-1.28192877691400  0.20930478798706
-1.19222994907630  0.20838564536962
-1.34617322724189  0.31963514101922
-1.38303917129283  0.39452254846264
-1.13142225689677  0.58893148775932
-1.27880957128076  0.37265248761523
-1.29896080432902  0.27329631986096
-1.28273551461659  0.22078352056305
-1.25560267984312  0.47284361372193
-1.25560267984312  0.29031059039385
-1.26005308635758  0.19192287418078
-1.25658584419503  0.25901598427205
-1.25658584419503  0.24177207488514
-0.95661712765815  0.30660052528369
-1.02016140069555  0.57492892921958
-1.14364460764737  0.23448782945157
-1.07946712767723  0.58735680596993
-1.14719776833494  0.23406562474215
-1.17766498325298  0.34996794316571
-1.25807467345006  0.40550778951653
-1.06825656017372  0.41581968473142
-1.24039910118228  0.44188356328052
-1.02036804992735  0.47684477732912
-1.21249902120068  0.40685414862158
-1.21707039883495  0.27574321091832
-1.15684316039618  0.30166519474233
-1.19048293819743  0.32106988219385
-1.20418754551990  0.31039535047757
-1.18973102032957  0.44252337568077
-1.19088742559649  0.34138080326770
-1.05883439821304  0.33722703120209
-1.12650871177735  0.42155225616380
-1.33147122503731  0.25519659642811
-1.16936049474875  0.50420795893007
-1.29912064167391  0.48125600308017
-1.44734139077203  0.32415622816459
-1.31725048728715  0.42966739326137
-1.29583391508433  0.38628046066151
-1.13596760847950  0.39136913357742
-1.25982932812560  0.25924521871202
-1.34217629425415  0.39984201051896
-1.21218303103983  0.23447780539802
-1.36127262052394  0.32239881710379
-1.19250968152464  0.43334547150955
-1.25100318614942  0.52411582755323
-1.26758962555999  0.36461790852796
-1.18627162397465  0.33214902213572
-1.19569096552477  0.46353138575027
-1.20905489787473  0.28370288596144
-1.08019809776922  0.50532441003158
-1.08019809776922  0.38354659601912
-1.12787050266016  0.30516296169263
-1.26428200913405  0.78239849248741
-1.29189434690486  0.41599620091300
-1.33099767068264  0.29811581999387
-1.33099767068264  0.29657181647184
-1.26649260065019  0.47746356894274
-1.24255276469193  0.43046354663027
-1.26089577412633  0.29692492687229
-1.36832190784085  0.28193107720379
-1.38330610716532  0.31746355970204
-1.34192195805062  0.45544731034383
-1.28606093462134  0.33786811651880
-1.34412651384200  0.37007865533240
-1.42904190117099  0.25849251752980
-1.33193487848196  0.31121706386067
-1.37895839584676  0.32888697242320
-1.33765261976705  0.69636598634974
-1.22430157126232  0.50609028490470
-1.25857035167420  0.30345295460558
-1.40602905148333  0.64665167608281
-1.37287272704822  0.50494337689348
-1.50252002425357  0.48274081779973
-1.48969986696643  1.02455179636382
-1.29760864088481  0.49711554182898
-1.22936270942883  0.45619341558866
-1.23361056323203  0.66807322649591
-1.18861341308999  0.41238456172039
-1.19886182265725  0.29300159603380
-1.18969864738164  0.85190223963943
-1.19748350081924  0.25192425443130
-1.22699171043585  0.33749242099977
-1.29295362942459  0.44467544212370
-1.46015196785975  0.67795162363492
-1.44841276640271  0.45358009458506
-1.29133869387063  1.07372131454084
-1.22123044246257  0.66049963641334
-1.26050375478465  0.36749419021757
-1.32942198077410  0.51631058467266
-1.29103824803010  0.33488709036425
-1.17225932733546  0.47371414717669
-1.18084626868235  0.37624321823322
-1.27084428800866  0.36777441768218
-1.05471769008355  0.57042039852005
-1.19565252058117  0.42293562246773
-1.29037868597196  0.37456256711710
-1.30859433484946  0.64219553339101
-1.21769800450717  0.53865434843708
-1.11497548647626  0.53277883943052
-1.06105631008691  0.36782763355389
-1.06006856424150  0.28958934468556
-1.06893193690419  1.06749665862404
-1.18940056168980  0.36201828286109
-1.12343864721071  0.79275411410536
-1.10684724026872  0.33051619447941
-1.20639039512688  0.41719684272549
-1.06331459281408  0.27644791037188
-1.13707692826922  0.48156248438462
-1.18303711697989  0.38356484732893
-1.11186226746013  0.41775451867222
-1.07455948853477  0.51211701836796
-1.05867068807471  0.40486271980507
-1.07306848202072  0.42118694531688
-1.17392461046812  0.42437351434178
-1.21621303764170  0.45431609522093
-1.12764606135596  0.62899244738648
-1.12489848300689  0.27307451503236
-1.21448482523998  0.45116491589130
-1.18291483193982  0.35023181486405
-1.28808749587487  0.29715979845104
-1.29853931338909  0.37769355478273
-1.22639927498452  0.48376922121093
-1.29723146225239  0.36122468692671
-1.29723146225239  1.18062395068775
-1.39604277474966  0.52078512435653
-1.35985547965966  0.84121327706342
-1.36745758450319  0.25307440101081
-1.20669515401903  0.40290124035281
-1.28811730992641  0.29119939114370
-1.36046568138833  0.47007442033146
-1.12262179115515  0.31936490512248
-1.09263003900617  0.46402139745819
-1.03446298844062  0.58068996463346
-1.07501421655808  0.64561611788989
-1.18518445756858  0.69960683347728
-1.27970479966865  0.42043133317360
-1.14137659695715  0.52701051971160
-1.23244092454706  0.29928905499325
-1.22614600830052  0.76282369277770
-0.98865990155176  0.46576124157507
-1.07224849116108  0.41742150217657
-1.11275880485567  0.60750425340418
-1.19575928113288  0.88193765067478
-1.30421851863332  0.46610934635887
-1.12636255660727  0.30410829921001
-1.06051068434037  0.37601977711968
-1.10427683673981  0.55162007066180
-1.19953270865741  0.55329613408399
-1.29329746577771  0.59411119291333
-1.32705594820294  0.42221414121218
-1.38786257072970  0.40341068019958
-1.44153207426287  0.38367036990001
-1.54527454901403  0.53746726493468
-1.42991740041547  0.21785267419037
-1.34489903026109  0.82687395877786
-1.42393050731498  0.38425993327458
-1.42338709068706  0.83582071194685
-1.52968224813825  0.47124778254370
-1.30524361357774  0.31461855181606
-1.44152228244805  0.33549804122023
-1.31839929106813  0.72785621743199
-1.26599425116775  0.62040637516603
-1.18261100274319  0.42170007136326
-1.13350062627852  1.28875409335708
-1.27286873000797  0.43887043781947
-1.14268035427760  0.58798545270037
-1.37338827609809  0.36771708920613
-1.16008339515693  0.66089602201439
-1.20333731467756  0.37296731500186
-1.14022451927204  0.36327204267456
-1.12712414481680  0.41002650969547
-1.03381062227606  0.68923136994005
-0.97427971467490  0.41403283904507
-0.87730585645808  1.14986144344984
-1.26655600586556  0.30855324901661
-1.31351085175725  0.66314539407910
-1.27652261171240  0.78158085342884
-1.23103830772515  0.63777024191548
-1.27393480565955  0.50468656356893
-1.25310526111332  0.42591244451349
-1.28920440545972  0.23396717763420
-1.17217097260596  0.44981639013105
-1.21597696811753  0.23417598502848
-1.14912187842195  0.83292097413569
-1.13796180763552  0.37902540542325
-1.13132436934611  0.71591640070508
-1.06431882919216  0.28654082128431
-1.16516950516987  0.70817984688501
-1.29837662360868  0.69188004113533
-1.46554033357282  0.38803989589208
-1.29613999167242  0.22274067163322
-1.33767510557022  0.42904787808773
-1.31942516292683  0.44105058244175
-1.18815278974086  0.27327374369335
-1.19829585806967  0.23024150818895
-1.36599140204824  0.18292689711409
-1.22002506031915  0.26721830003126
-1.09409535491023  0.58961622195600
-1.15732983450627  0.52427456673947
-1.10179177198740  0.37984451497727
-1.15759723233751  0.37426213336005
-1.12893760945975  1.06775659810581
-1.12822118717043  0.58110137390982
-1.25074579409167  0.53304531392492
-1.27460025868759  0.20029370308995
-1.39550581329403  0.27461436518179
-1.16693042843070  0.47795355745763
-1.19553682458317  0.13214788626571
-1.19553682458317  0.33314102614028
-1.13620671257651  0.42604641213876
-1.32303933703126  0.15037952616340
-1.27710475698230  0.37212198746406
-1.18483043887857  0.21910739939966
-1.26226520125707  0.20811029228734
-1.30038391958923  0.32781136849653
-1.26317286994796  0.39749863717048
-1.10727732386423  0.19523700229129
-1.18150969977315  0.37588388784271
-1.04424655609870  0.27518129721047
-1.26556557735540  0.19528941717398
-1.21150357024605  0.22829175350487
-1.23423773194649  0.54239393587299
-1.21107844523878  0.33391413219848
-1.14856904451342  0.30712632740121
-1.24802107145269  0.39126215219809
-1.27718606363075  0.32355014856619
-1.36720998392412  0.47898748395804
-1.20884984532059  0.46168836155570
-1.14806153961782  0.64398110285364
-1.26707761028221  0.25815816263391
-1.25420460473738  0.17020239846924
-1.20928378975188  0.33713291546273
-1.26167413245572  0.35224084841516
-1.16947585285821  0.23243898331548
-1.06979449213912  0.29480034060313
-1.26607310209893  0.33429160375035
-1.31387219539826  0.23068837571844
-1.38469956012319  0.27638409094758
-1.23388275000099  0.18834400611036
-1.37382457342824  0.36955561377918
-1.29868169387519  0.39774952082707
-1.28114062625206  0.22008963065188
-1.28726641501860  0.29453288426224
-1.14434922239459  0.19963236081056
-1.09272460740984  0.40057111056119
-1.06097420005365  0.27252597333214
-1.12718041599139  0.26228737894845
-1.22043107675830  0.27013195702871
-1.16298365121714  0.32232314337671
-1.20524566464860  0.16981985103557
-1.41715998032369  0.33262184113749
-1.34140112444077  0.28855568609004
-1.31486881135243  0.45063363107231
-1.30083938144698  0.45208100509127
-1.27060900302954  0.24294823856184
-1.36946373898843  0.49135798957904
-1.19184043317046  0.42254783393096
-1.32163640910237  0.26657042482994
-1.31505060411930  0.38067162371886
-1.19477405665794  0.75857718962381
-1.37072667346662  0.71153532871193
-1.47220070646936  0.31803218157690
-1.43020985913196  0.44306145821594
-1.53652016852333  0.47486981888691
-1.39442485282052  0.32687749033410
-1.42025151599298  0.37876697346149
-1.40316760309036  0.40197620567111
-1.40312875151091  0.46778247355150
-1.32556014233094  0.51549312256177
-1.30832325431587  0.42978188878909
-1.29280645531581  0.50207157083107
-1.32190726685726  0.41900770718191
-1.22743117995864  0.41836959660800
-1.32840433848896  0.49850738293808
-1.42039474794481  0.44918291454646
-1.37495747809701  0.71309766345554
-1.37495747809701  0.35783760278357
-1.33238175017486  0.55322548850634
-1.29054427007914  0.43302844402553
-1.14046970748967  0.72219113518221
-1.10372894527929  0.34600078024894
-1.24122213907809  0.37882509057393
-1.19062924360319  0.32721459406013
-1.26643471720331  0.38940498314815
-1.13366733275181  0.39895939872171
-1.19145528502423  0.43224104586749
-1.31942712395672  0.54100943531550
-1.13828560174380  0.60726032356343
-1.20621905989726  0.33655764677867
-0.95412827400750  0.45513516329743
-1.06537574334449  0.46083970501573
-1.21173292309812  0.40533407959978
-1.07579101173103  0.65308296832796
-1.04794785981023  0.42098217023225
-1.08563403622589  0.50763865606896
-1.04982280911873  0.35744525586887
-1.09396388044162  0.55389752574131
-1.13262764459382  0.56916455542941
-1.13009388733394  0.25441404915994
-1.04593041689846  0.39967915548921
-1.18348407105418  0.40185459796162
-1.17421081309214  0.34779045076238
-1.16943685411861  0.31133917341165
-1.24313617861545  0.47490917843804
-1.15412722807106  0.34586022423274
-1.18434629301665  0.76267496232035
-1.16950525169183  0.52526404079285
-1.09497447218702  0.37134346526703
-1.13923930234169  0.34495536745080
-1.26213457219002  0.35373739049451
-1.19629597071831  0.37047541437861
-1.24178560722298  0.39062421876408
-1.19891104326898  0.51342048385399
-1.16962296572245  0.38389612264745
-1.31149020280262  0.41742471311622
-1.24729302735254  0.37884153560407
-1.15248748732361  0.49361097528642
-1.18102614996109  0.48149738895958
-1.16545328613230  0.72592030755137
-1.31629285261356  0.70867626992524
-1.47953878917042  1.11781461355891
-1.43425022418733  0.53346696995146
-1.32691400375042  0.43509445757800
-1.29091700034115  0.59033674849384
-1.46510842302202  0.62943386497908
-1.46142345846049  0.36469018608197
-1.33337257355539  0.47264174950736
-1.43095665244810  0.68161259704266
-1.14926432926710  0.38030621749029
-1.27587844094480  0.32860167592963
-1.14170724549139  0.45793712706817
-1.21373079321613  0.53450370376647
-1.40168861170122  0.72946671726156
-1.31766769514693  0.45530399786414
-1.20995641761964  0.31628739259036
-1.35735622122523  0.56346744403113
-1.28134315545058  0.43263668554640
-1.35388595913209  0.60521004554786
-1.41676818711597  0.38162981209302
-1.39194962409431  0.46006458045957
-1.23085183856162  0.55619440312122
-1.22690906906613  0.51715878206020
-1.33266323848410  0.25416293224053
-1.27722466921521  0.30170775750205
-1.22945520118560  0.39055862740750
-1.13226814340446  0.26841550060702
-1.19087898953458  0.85495746333731
-1.15375983170809  0.39829194922577
-1.30006632361143  0.64834142446907
-1.30330251097803  0.57730829000132
-1.31300188676878  0.38611559651352
-1.36594089735991  0.63035824470400
-1.35082891690094  0.49979102122150
-1.35408243065669  0.38488597014655
-1.38524619545936  0.37851629636693
-1.27340931251641  0.38288702189771
-1.26602155365985  0.35190827138691
-1.41680588169224  0.36967263720065
-1.26648637322568  0.42423252678740
-1.28679002218975  0.30680306107276
-1.28679002218975  0.48523114547999
-1.29149269608528  0.64937720496621
-1.34154932113882  0.53659047005627
-1.36548438636541  0.71262298415955
-1.14684016656188  0.52136536162746
-1.27222847401728  0.73128871131821
-1.17630596738088  0.85670510406444
-1.33370403277460  0.53944623825586
-1.31350507695919  0.55885036847751
-1.50932839514182  0.57770632599816
-1.50465418498791  1.10511306626737
-1.46333457301376  0.55242613934376
-1.25342650251799  0.57223242421112
-1.33024339603943  0.32306341969985
-1.28818982146086  0.96683668882108
-1.45462261078943  0.57570405750974
-1.45812674158570  0.60307465127786
-1.38238111396653  0.50722919333915
-1.37098353006446  0.58331051631888
-1.38103139670602  0.54039578503654
-1.33560482644417  0.37169227307682
-1.29948252519053  0.47450914643598
-1.30492984428119  0.37106221199080
-1.36487380430180  0.43472675925778
-1.21489677524849  0.27863432854453
-1.31950166783782  0.45030755748257
-1.15102687730904  0.43759174888217
-1.20236161269281  0.69406561818360
-1.15646679428366  0.38182862702215
-1.30602497897406  0.78653668025274
-1.29124569380419  0.45342928428322
-1.22742067015611  0.65145423215303
-1.33553063789017  1.43249613971100
-1.39475445950015  0.45805799153290
-1.41871101694313  0.46945248359728
-1.41731348830127  0.65842596935155
-1.29407014573181  1.16364608870060
-1.45126204518646  0.27130534175964
-1.46924627099008  0.36201717708858
-1.44643694424641  0.34549489995128
-1.34844467108897  0.58046787290265
-1.21063573350800  0.32178409373764
-1.37612619447128  0.67287978392386
-1.46081643453296  0.30686244655167
-1.42348320179416  0.71573897774281
-1.27100387922769  0.52696159172302
-1.39746156947678  0.53488693612947
-1.36728063597500  0.44818946782515
-1.29933594261193  0.54402434431155
-1.27601916820418  0.59115233019910
-1.26649006272089  0.69654553180145
-1.16060341811793  0.43321152936068
-1.29681366121000  0.29798948439762
-1.23950383412798  0.97343558917326
-1.24147731093198  0.45845231626900
-1.23059935359986  0.30682571903933
-1.26987207261636  0.55168613323653
-1.29086627096588  0.80794111391163
-1.37897101311143  0.37309232272887
-1.36819598483564  0.85410128678746
-1.41245109839308  0.69697544542564
-1.40734110426111  0.45049545877893
-1.41581855566633  0.27981992072592
-1.58032343040588  0.17276161570868
-1.33818297625652  0.39683259979526
-1.26381644455992  0.31224742187896
-1.23710924636008  0.41905206304111
-1.17647334702525  0.66199439574345
-1.16292978507089  0.34972877350727
-1.22819889159108  0.60678674435560
-1.33215457110771  0.31360883928022
-1.15280959355454  0.49167270705461
-1.17707487065249  0.44208215603390
-1.23514026959025  0.31616433421368
-1.24923660432167  0.29035060768765
-1.20877575800294  0.31249053930970
-1.21763263388595  0.41456152040684
-1.11300986074164  0.76604709822328
-1.23537925894665  0.71370013256069
-1.20988895719467  0.54517910364581
-1.23312140910752  0.73735131359201
-1.35803460620666  0.76167739270702
-1.37799954285935  0.24487352799212
-1.27596612895860  0.48507172581174
-1.32826384004703  0.82293284255933
-1.32817000970768  0.33178790300781
-1.39090923105003  0.90523898148044
-1.30945891004486  0.43903102171696
-1.30778865471018  0.36572464475722
-1.26866251424084  0.58141661552801
-1.26332184240464  0.49220744846688
-1.33541129381450  0.35285171459995
-1.33660647044667  0.47151010751554
-1.29821534585826  0.22011791252315
-1.19263785207736  0.47198666473627
-1.17385017497862  0.23820220809229
-1.23142500909509  0.37136379757932
-1.29056154192213  0.37495360337691
-1.24388093269958  0.27486425101020
-1.19277524992054  0.39075236387799
-1.30580489551585  0.42216408414302
-1.34627852770069  0.59469362734387
-1.30612815031265  0.38208694279860
-1.36810905316012  0.48764114873976
-1.31741844387146  0.50781489084336
-1.25870087910517  0.49110048440628
-1.24527354092296  0.41215612887575
-1.24032722775068  0.25528443057147
-1.22998914253275  0.39803863236308
-1.19317313960222  0.34270474926789
-1.28020095465429  0.28559561512928
-1.22322163283363  0.61241877441886
-1.21638827595736  0.28868178674673
-1.25212738633212  0.50073204319638
-1.24665229534154  0.33070471380315
-1.24665229534154  0.36456663143585
-1.25723038552344  0.40266151604685
-1.30678793442031  0.37188186970110
-1.38942768887890  0.44249050997682
-1.27929889248243  0.33306654928266
-1.25294015503460  0.27771644843685
-1.27189922487556  0.28426169463755
-1.23645646816823  0.22676909976847
-1.22723441937330  0.33837605752089
-1.11434281823251  0.50865007818939
-1.26565119116933  0.36260871956263
-1.20473704181130  0.35830151355652
-1.21721504268908  0.34222332050660
-1.16202792548169  0.34491016342717
-1.30678443458757  0.33838280651940
-1.42166884233584  0.43632707822198
-1.41591507225482  0.42872493790866
-1.22398482682028  0.24892457619948
-1.31795310950750  0.56325434185085
-1.31532743330085  0.58199098627522
-1.35262314553689  0.46788582166056
-1.27824484141778  0.34372137661107
-1.35017533509611  0.24235766217284
-1.28804218564231  0.24605178295403
-1.30662421112413  0.34289115639095
-1.30662421112413  0.32459248765091
-1.43956646539679  0.29902050977335
-1.46857830177789  0.44778707427858
-1.32883048281202  0.63619824569440
-1.16168508569477  0.61118880229213
-1.16168508569477  0.39615431799560
-1.29828680444154  0.48265642429470
-1.34426800786606  0.61213154655147
-1.21485623276014  0.44941241480242
-1.31348316501737  0.65813611790811
-1.34735368165994  0.44365893223513
-1.39428395459646  0.43649990323157
-1.47342855531111  0.35169891774039
-1.47723489568336  0.22009555654451
-1.43068968961493  0.26848442712576
-1.38064017150486  0.33519801029982
-1.20700674153044  0.57061681006215
-1.25004424508312  0.44887147133011
-1.27411528177347  0.31917327097210
-1.23377346248913  0.47711607013351
-1.22969592081083  0.30271424043376
-1.40418880036803  0.39155192001795
-1.34581079922849  0.59075260022803
-1.31889751402423  0.49594716104334
-1.23503078192864  0.29640343988082
-1.26171830436837  0.85193630670025
-1.26171830436837  0.70247674897808
-1.35692601845161  0.47375438458445
-1.29330637715196  0.53170412016306
-1.16410992765643  0.32740104290341
-1.13932771636004  0.54885679897471
-1.26880761702406  0.54238540615769
-1.24079162926834  0.22428226568336
-1.19473193259413  0.38954169826357
-1.20650511052567  0.31310095780990
-1.33190586963061  0.36393760822409
-1.25469107941663  0.30208754468425
-1.34971691755683  0.42673614614492
-1.24501251160351  0.43399997021361
-1.37600924169015  0.25896055733109
-1.17167311050846  0.36497897691992
-1.13295295452819  0.33605280091604
-1.12517831658260  0.42299135980952
-0.97813883438599  0.33652924208662
-1.06644862794464  0.60927170738196
-1.14547336021215  0.37132798022385
-1.14593101137619  0.88319707535708
-1.04565581633213  0.36769202030283
-1.22835603749701  0.84097094038554
-1.24128092852172  0.31343088204286
-1.13805917634747  0.73576157348254
-1.19597307492734  0.29487705315673
-1.13529770517311  0.55941804385753
-1.14266691622780  0.37615883388305
-1.12787844878539  0.57716632436235
-1.24461617849922  0.43350272221080
-1.22103729844453  0.39062664764791
-1.31924595802240  0.53929790167483
-1.39961551230468  0.32729221084965
-1.38942962788422  0.31568714797308
-1.31956436273730  0.53506644735067
-1.36384211584347  0.54150834938383
-1.40475241496806  0.27075150766072
-1.20844904457445  0.34169788348749
-1.22579384557706  0.34217626236617
-1.10183440666790  0.27320259666616
-1.20042269793437  0.64744381284507
-1.09077687831274  0.35402648882133
-1.24807906633185  0.45530632014719
-1.27314462269629  0.30849423584546
-1.18533697973658  0.43709398404491
-1.24548211044703  0.63638175503860
-1.31677304231031  0.77461289938137
-1.23537564207872  0.40348694173240
-0.92772766106050  0.18339011630728
-1.07130328210379  0.47729538490067
-1.11053836850857  0.37293461681036
-1.06605283840526  0.19425402384038
-1.09972935042311  0.35445456376265
-0.95778033053633  0.25675077242632
-1.06147847778718  0.59690882002239
-1.16737183572276  0.18214471083565
-1.17284522751520  0.71484782259356
-1.21286186362128  0.46986805687101
-1.19022470833992  0.23709296308218
-1.13452954966763  0.28391220924777
-1.03866973040522  0.43670676892986
-1.21631905440754  0.42275935356056
-1.16051548117835  0.55791732704252
-1.21399298429661  0.38257063887947
-1.19443627927744  0.89711695174022
-1.04823352447262  0.82322734492580
-1.28525218512544  0.54993548503049
-1.32232173281236  0.45876547382039
-1.28697391142095  0.93450872172498
-1.23759750097169  1.48406762986236
-1.23912752526996  0.14786986430584
-1.10889925546603  0.34659079213338
-1.16637915095326  0.60912454815850
-1.28064337453390  0.62214584620420
-1.13586973806858  0.31016649900166
-1.08688378560710  0.32339209678504
-1.11645200455979  0.44881251491409
-1.06986820696197  0.34300781323660
-1.12240448835704  0.20654552196198
-1.15916535711748  0.40051091649732
-1.16731729040470  0.31902769837387
-0.98303802160540  0.35835457248854
-1.11940369451564  0.34972293614958
-1.03935811304166  0.22483234018497
-0.94618017643089  0.21911815547243
-1.06155408723441  0.29279879220023
-0.93442375981649  0.28999732157361
-0.96924664142829  0.28336840650582
-0.93502831695602  0.29329408859672
-1.16702130141615  0.27088775298347
-1.10155939142650  0.38402185169023
-1.02051401453241  0.58513521642623
-1.05905885905939  0.38640690863589
-1.14161143352324  0.27288158657161
-0.96006468124089  0.67123345465558
-1.11907893404614  0.22792710376031
-1.16274157670895  0.38718696165931
-0.99307306791009  0.35542116432568
-0.95807932977867  0.34407368998753
-1.06285683810963  0.36375737213987
-0.94650366697237  0.43132819315543
-1.10394213355492  0.58419783224891
-1.00228088891544  0.55346393627098
-1.17640626626049  0.65927439394518
-1.11648091720645  0.35284218605976
-1.16881953337754  0.43377105714712
-1.25220726986384  0.27276929300177
-1.17777454971920  0.76981712655713
-1.37869975079379  0.47276807632828
-1.48507566619023  0.80038494029894
-1.35942663808416  0.36459148250172
-1.32614734540077  0.76919897898315
-1.25491314633497  0.38432232388219
-1.50806140185995  0.34767341285767
-1.54394558782048  0.47986339554185
-1.50040149540271  0.45385449052331
-1.38117990655116  0.31740523472116
-1.48397983672054  0.22727566080426
-1.46652288019794  0.25196693779451
-1.38751613986971  0.42482629565131
-1.26983327980280  0.30412097698385
-1.49658867464090  0.30754034577997
-1.42433054352179  0.21298954027731
-1.46997649929863  0.21048619931185
-1.36667534259652  0.32374558881058
-1.55114340826586  0.23646608483440
-1.54955538183818  0.18706400703563
-1.48142773387262  0.36891298571901
-1.40954378801619  0.39866968092702
-1.28324504700001  0.45350468025686
-1.34956698214911  0.22842773663923
-1.37060037161256  0.16572730963588
-1.37907791928793  0.33641357397412
-1.44908796467038  0.21389684287071
-1.48115320947789  0.24004121905156
-1.37617413197931  0.23154214111147
-1.37860523152534  0.27906876295037
-1.37078609773498  0.29002223999928
-1.63767830074276  0.32516690141771
-1.44507809508411  0.47069452250770
-1.32705080176077  0.27659701336515
-1.36562514468700  0.31992887934003
-1.58082556377765  0.47625351824403
-1.58082556377765  0.35197749580152
-1.46160810255941  0.55745917248409
-1.59162638362975  0.39866869264826
-1.46540756069579  0.30089706461042
-1.38469381758637  0.57122578652757
-1.38157834641848  0.38393886843650
-1.41487602517248  0.49059665678280
-1.35767937390648  0.74938316175752
-1.41853030739286  0.34168725795629
-1.36968539905962  0.27898727411298
-1.45141779206733  0.50515409420716
-1.47802686111010  0.36637041384052
-1.37275034767446  0.50952768672289
-1.47987369682652  0.24927731750650
-1.42439151366741  0.50174695093437
-1.31323411519400  0.55959874772693
-1.19733043757447  0.97844376135745
-1.31257985526940  0.91877631529259
-1.32879597280802  0.54711459276162
-1.40326886564706  0.30389495019682
-1.29383501134951  0.32949971625290
-1.26057497778143  0.38237520343396
-1.21637040289398  0.55336056349576
-1.19219670968694  0.48759883091263
-1.13745117472994  0.39875174282145
-1.26101798172817  0.49218406157059
-1.42117848057415  0.34997029440954
-1.48236293220081  0.62694000532943
-1.39737213978232  0.45218275956814
-1.53173931441724  0.50063317470177
-1.38989696507923  0.33470321366350
-1.46101959478475  0.22464824358840
-1.49070986622758  0.71332970192621
-1.59836631773153  0.22827584697911
-1.58764853512770  0.43783291277281
-1.43079658409777  0.27264817602842
-1.58326521201579  0.19285161141312
-1.63266547693281  0.21662852957030
-1.65435726053174  0.28354973643969
-1.62918754787103  0.35118807897493
-1.87685908429713  0.29177251698298
-1.62920472499449  0.44177091786930
-1.45378859213829  0.30207088816351
-1.47690879079210  0.42711034014055
-1.58001653939159  0.40788889183047
-1.48074988067274  0.49742506213029
-1.54496323291444  0.30122539560896
-1.44852800640382  0.31392603908294
-1.44852800640382  0.33662955903331
-1.63726933093212  0.32382459194855
-1.59888740658404  0.40083894565664
-1.54801508623620  0.36140144225558
-1.49742888008660  0.35231701803402
-1.65179441753763  0.38592704676880
-1.59854671419343  0.25416630126902
-1.54600691018398  0.33633411310641
-1.46180492156427  0.33086722439561
-1.59521401581773  0.32702971055985
-1.40168509629247  0.30789001123868
-1.44489601547822  0.37138510031512
-1.32209621787643  0.25381239857578
-1.32209621787643  0.31933553300853
-1.32209621787643  0.50183329665905
-1.34527750424832  0.37635460564227
-1.27218426571203  0.37660717726317
-1.34275147056501  0.36901818087826
-1.24115500594181  0.40311246101936
-1.20703785408541  0.71051646470042
-1.39252386070769  0.24118604412060
-1.33762263943292  0.20927893075462
-1.41699013693685  0.36766904412351
-1.48134219528285  0.25482921965082
-1.41682207264640  0.28777137838685
-1.43596703407232  0.24523833867363
-1.55923063258594  0.27403465696985
-1.63674473835118  0.27395577320534
-1.46902225775917  0.34538307084608
-1.54907689550966  0.29136302862583
-1.46145542824471  0.19608498142004
-1.37741740407448  0.25889876281930
-1.35121602078915  0.16835495160833
-1.38644852224441  0.24662604690883
-1.32524638679356  0.26023803741991
-1.43367717117402  0.19889487522146
-1.46621323142611  0.20624745501540
-1.45633689379115  0.25075481168683
-1.45057896346270  0.21158914758314
-1.56854396566832  0.45491274810723
-1.50677964623763  0.24398056684778
-1.46400558843741  0.30958731572307
-1.62600639995394  0.28010608209138
-1.51906006147652  0.36440509780054
-1.64987200997083  0.41926489776057
-1.68278997356643  0.37565806894741
-1.34009569319353  0.33523573390723
-1.38269466145677  0.30064313365827
-1.41407746583037  0.35739314085784
-1.50853489557068  0.35416734022485
-1.34470861383650  0.31162010253653
-1.45462821278160  0.47706338473822
-1.62229705746580  0.33563247902939
-1.57452049544462  0.41185488322757
-1.54682189330343  0.22583214581244
-1.37728767721550  0.23357052023068
-1.29889049136380  0.15934993006187
-1.32248637498512  0.25538393651161
-1.23161203681024  0.36250744297874
-1.33721461513940  0.36084170643091
-1.37908896090015  0.24575258215583
-1.33897098137257  0.45846617650305
-1.14197385808160  0.52818845637765
-1.07470725629853  0.40234487814701
-1.27460578895176  0.94854376731671
-1.21166410111082  0.33611823898047
-1.27201641759442  0.30521676415976
-1.28733216894734  0.21612668778840
-1.36987631121692  0.46010938680191
-1.43543453105407  0.17518878874940
-1.42357833442270  0.28824074130365
-1.36376719952325  0.33799082954181
-1.35855525561230  0.34188604033142
-1.33789904314520  0.36429934386221
-1.36402675809071  0.39399089194666
-1.39936621940131  0.34324227364376
-1.36073626383588  0.47871778765605
-1.47958185585485  0.28632943665851
-1.24892692683203  0.51494354216950
-1.22022149827781  0.27536180889385
-1.23647744412800  0.22369393416327
-1.15700263759973  0.29063414212949
-1.33109731099011  0.35128123567299
-1.32036287697076  0.48964058872423
-1.30076192035814  0.48704671012563
-1.40137223851422  0.44963526097913
-1.15173418937021  0.45332892794525
-1.04314737098089  0.58122258210547
-1.32354517710266  0.68194377981577
-1.39444796266726  0.40835847104264
-1.24908076047979  0.58983024254118
-1.28545482841090  0.68787292824094
-1.25078891803639  0.52511141298471
-1.20975908303928  0.83135565393786
-1.11617194025434  0.43470063965558
-1.11517081243711  0.42005075989727
-1.17527863541721  0.60174526779547
-1.12649611922615  0.52896228890140
-1.11435673105803  1.29843867577096
-1.14951649371207  0.47343112437123
-1.32428102564857  0.34608023915053
-1.14638614145485  0.34794007361694
-0.99445454563249  0.33483695096933
-1.27334903772386  1.05941294506789
-1.27334903772386  0.29811129249703
-1.25469801506741  0.36708968134769
-1.19189034533286  0.44916727298524
-0.84613653728262  0.54257775606960
-0.97629559820086  0.27656919632412
-1.20796366889305  0.67592983939402
-1.24073942083094  0.57581942253763
-1.16278965213799  0.60522038128282
-1.06305763539991  0.69552174123046
-1.24344336735774  0.38704984562032
-1.15435294338009  0.46584692040576
-1.19746475611661  1.29704967599306
-1.33622998293648  0.42295614753705
-1.28221161158772  0.68363241705190
-1.24756133897052  0.60772897465776
-1.25550987507741  0.74629083864398
-1.19738315277357  0.41539026803050
-1.24900466017207  0.52410035529617
-1.21465314118748  0.56155502665581
-1.18097408029437  0.37825210943543
-1.10133785328525  0.52438702999779
-1.12595832381210  0.63200031364701
-1.09289545290972  0.72891292817116
-1.23398873968856  0.42527848410804
-1.25005725926485  0.33521372053328
-1.28467825387244  0.17317348449041
-1.23907608681907  0.22251293760771
-1.28748911301864  0.51779753333060
-1.26645201853983  0.71315703143242
-1.19676852787716  0.42219465969344
-1.17659931489682  0.29417052463450
-1.05893728390814  0.35627048721681
-1.14767229022838  0.90564955481237
-1.18870001738415  0.42810563540141
-1.18870001738415  0.52353992958400
-1.18167211472884  0.53390580962144
-1.29415854065467  0.22278716114032
-1.13019675746099  0.25855851630388
-1.19752990937083  0.69297306071481
-1.21202201380756  0.57297425431361
-1.23336421254083  0.33477274845072
-1.19213307842391  0.46624736675222
-1.29461084322935  1.26842969677717
-1.29900435893238  0.86158394455322
-1.29991208281388  0.72705603801844
-1.44546354153695  0.46709253921543
-1.37533883151580  0.45286052356656
-1.39384868390153  0.56681314038051
-1.45183001696521  0.28455136274105
-1.42861750220491  0.56341146345530
-1.51942674269271  0.31877895700923
-1.49793776366717  0.50831903956508
-1.34944432243049  0.27039690579190
-1.42982877619131  0.84157596634276
-1.32373700213079  0.76532168703361
-1.35905009120298  0.23094498552285
-1.42946546491102  0.62699788666323
-1.17015411719275  1.06265539340074
-1.32873241098832  0.46738000896782
-1.40897814055033  0.53845928766651
-1.40028923798543  0.39431660298904
-1.37828675280278  0.41101181007621
-1.33632670942717  0.35733145422684
-1.36150096670741  0.24407560322087
-1.28662965655513  0.45970975445071
-1.38641426498420  0.54761106956138
-1.23718555975474  0.44878401911537
-1.25682808215725  0.49946935804006
-1.21739724689384  0.27427378471591
-1.31162167017940  0.29166660411377
-1.37481920565386  0.58036429554818
-1.30993139774505  0.89353492775731
-1.43194875456554  0.53675424455186
-1.47049026815224  0.49704275426496
-1.44350839446070  0.34981257740044
-1.48725356030424  0.39894586678632
-1.40117757415700  1.13879193677551
-1.39903100895358  0.68638861283036
-1.45128602922976  0.54099573368378
-1.65219755583058  0.60477545565949
-1.61493425783229  0.46395875717111
-1.49611490627775  0.41997409651830
-1.32114960119976  0.32187343241519
-1.29981305054169  0.27685203710135
-1.27659394872228  0.30362534662280
-1.42364688059043  0.34472075759718
-1.44058265782179  0.28925390477250
-1.57105424939723  0.30149933503678
-1.54942114551657  0.36059699390601
-1.42838783114134  0.34639482678276
-1.53223223121451  0.23764067331706
-1.41343221754945  0.32327284011384
-1.38494008417351  0.38035692272355
-1.50756758299097  0.26767071982079
-1.53023550127416  0.53759154107446
-1.53174245977249  0.31414585722182
-1.50678038288928  0.50323716628654
-1.48323941401895  0.36544015238533
-1.55985243525767  0.34904782516867
-1.53792223209055  0.40150833844891
-1.42832704124254  0.34867823677165
-1.40662830842874  0.33055882471240
-1.42502876728495  0.98974686264755
-1.36985690493595  0.61567411398160
-1.42040614714774  0.55795653217703
-1.49292652223020  0.24439995544631
-1.47024358551454  0.66979635195771
-1.56730666406619  0.32907034829225
-1.69045110953411  0.46932181348358
-1.66966513657901  0.33575874051281
-1.48482169598634  0.31008799411754
-1.58170926667299  0.39886127778424
-1.45932597387848  0.37159917135309
-1.43905337250319  0.39106539776432
-1.39941035246720  0.28127898873679
-1.50187534797494  0.97943806173391
-1.39966208906675  0.41552486176496
-1.37952358163759  0.68231539877862
-1.43914656506850  0.34545541843228
-1.49434613028961  0.40670566203567
-1.43156043827656  0.43422430900470
-1.42838801130818  0.45506988697048
-1.34113120474648  0.25112208030174
-1.23790038015293  0.24983985701848
-1.40496920150909  0.37722238562837
-1.44347492112249  0.28934030760523
-1.49068316537977  0.31039181218878
-1.16895745685638  0.64964236745038
-1.31215107456934  0.63927023273393
-1.38453026044769  0.35101487112305
-1.23412778338035  0.30878555359627
-1.23434259999238  0.54660200339161
-1.22840627167262  0.30604033464413
-1.25204743997102  0.24278009959571
-1.44478505377686  0.56227506433579
-1.45723797361191  0.41795220654490
-1.43325449286368  0.43559699065731
-1.41412058579164  0.35596246551543
-1.28775710692965  0.87498859748096
-1.30691846856411  0.57301380170278
-1.34655246680429  0.28753709098131
-1.39914688843132  0.65477224576671
-1.46164843676916  0.34170292314647
-1.33634549050167  0.45753437336372
-1.49402191604314  0.29947816006986
-1.53052048997212  0.35392572350633
-1.54503533268770  0.42585004400914
-1.48468988322832  0.43967500948344
-1.48192034797377  0.21458902576624
-1.31099651241993  0.61380950456368
-1.30896296836600  0.19362412170418
-1.22083970439358  0.42677968979544
-1.23762284127064  0.39206667069899
-1.35217004117583  0.39001009807093
-1.37960641877096  0.28024636789159
-1.34876456604174  0.36385739654032
-1.41547194851619  0.27827255707031
-1.25759018440032  0.74136698665161
-1.28292696596557  0.36164036551830
-1.30917256466459  0.36830985497751
-1.35807476197811  0.29064687846288
-1.26015908744463  0.50010115227126
-1.25071724621045  0.35734897978261
-1.30147956510977  0.24146521272202
-1.32070559247998  0.77413597152429
-1.17902443144626  0.28133641803769
-1.21404883120134  0.37414336791938
-1.16993397747799  0.55256292368063
-1.18675136563733  0.38415887904825
-1.25252260171008  0.42741146933470
-1.12618701606149  0.86375758801204
-1.31690079784785  0.47443451358279
-1.25610536266422  0.51428219137606
-1.12358223316030  0.33486355138705
-1.16605893980094  0.65892482799084
-1.32399922844181  0.40373205835286
-1.34729078477692  0.28238760121620
-1.29155164767232  0.63750493412994
-1.28259883112366  0.27167368505475
-1.26683292287461  0.51232214526384
-1.17295714096394  0.34776763987950
-1.20059217989392  0.30956813438778
-1.23941242278647  0.26185211903313
-1.25106311803780  0.83627748401342
-1.30059414195897  0.85333142021021
-1.30069162814677  0.30527512851115
-1.32061397336137  0.40350704076047
-1.38938800579153  0.28852949900150
-1.41110999263019  0.46612991456429
-1.41497433893646  0.31072716231496
-1.24841312114038  0.46511165535019
-1.27631230976681  0.87446774749394
-1.35135297761808  1.18293353015678
-1.47224045827895  0.69915695559365
-1.39637680637489  1.06358201587275
-1.36262338909093  0.33447034794154
-1.21768498608772  0.60157565471075
-1.14845292557012  0.89813999255311
-1.15786521515820  0.70097263379839
-1.08940236988521  0.85689372881455
-1.17020900414825  0.75755393698865
-1.15895519808295  1.14170239870562
-1.17869821694672  0.31887131073943
-1.14632645673783  0.53373704102301
-1.12226401209847  0.67077097631020
-1.17467889558132  0.65472129795482
-1.12318202887009  0.54588276302273
-1.13711495723942  0.34200288350762
-1.06349685353801  0.85801145228015
-1.20593413038339  0.76088319109103
-1.20636469446742  0.36896894771141
-1.24120472531796  0.51873917859563
-1.08804131219148  0.37047748364580
-1.18800094724474  0.68771621435671
-1.41866289636065  0.36156571468786
-1.27073290611884  0.26191806854904
-1.27625209671184  0.38890331778149
-1.16770041783259  0.33170074343032
-1.23001935616017  0.40524070749388
-1.37362135427680  0.41448841757618
-1.27350687987298  0.34967922556661
-1.35547543800787  0.30363925541385
-1.31606682773787  0.50318704608540
-1.40197674795048  0.39807754032143
-1.35189564905632  0.31621045298863
-1.17182815957536  0.35562178592754
-1.23465278290014  0.32461678072525
-1.19611956457116  0.43962651198093
-1.20058398156843  0.18894291828075
-1.13709745974564  0.29761881902578
-1.12903772930347  0.29652684385877
-1.14556903860789  0.23058085158863
-1.24772226294472  0.22643255180051
-1.32190015643639  0.29352673688189
-1.29328528487175  0.25155901297687
-1.23600613535046  0.36749504513187
-1.36553191505520  0.30194413975738
-1.17030047914879  0.49985031060887
-1.32436232276263  0.34756885679017
-1.24556386709581  0.24005595208476
-1.29508908905202  0.30563191716679
-1.46266503307427  0.12364946498008
-1.26032256048062  0.28890318520854
-1.26032256048062  0.76810169589072
-1.44175902151236  0.41478583922477
-1.35608963239598  0.52869919944228
-1.39849623413833  0.47298205917728
-1.36282195058382  0.46616298303529
-1.29668880501671  0.44762003771436
-1.28903967365213  0.54718232880157
-1.19337615237116  0.54845922651947
-1.17668648782625  0.34077259836235
-1.37642552595294  0.19545572671617
-1.33376484376027  0.89323092960431
-1.40096188284738  0.96002871454273
-1.31045179098208  0.38894806334201
-1.39686401412047  0.33672055828711
-1.56319931097484  0.73161002067363
-1.42623465450327  0.31365418797116
-1.40494764476539  0.35091000859787
-1.20688160044471  0.34290747027821
-1.23182661954794  0.61504198436382
-1.21889710586100  0.22278568564418
-1.23628434443766  0.52190798182829
-1.30911804088310  0.45721515571905
-1.45566916308571  0.31045867397705
-1.30950322279017  0.36401758508759
-1.27709648469026  0.20532559575228
-1.26525836797775  0.18991291987128
-1.32674561574015  0.31515057348645
-1.41514813590861  0.16786852314475
-1.32894333374687  0.60852244258738
-1.25664914877206  0.36564344346174
-1.30672342301492  0.25338943013906
-1.30662239422303  0.42060806766744
-1.36619035716046  0.83713817327534
-1.30993327240157  0.34002360875606
-1.27775436420557  0.22885288977606
-1.36419219996287  0.52358294045038
-1.34537991679871  0.68432663417592
-1.18144919608156  0.31150641986660
-1.18251417832293  0.37771126166757
-1.08861317058099  0.17555334160165
-0.96974633141521  0.40952930783099
-1.02661706575204  0.82060477874416
-1.10556838266167  0.22739553218528
-1.13783806880679  0.81028392443629
-1.29312850140827  0.79983152386158
-1.47277861642820  0.37480634542819
-1.58489869442664  0.47399838818319
-1.47649471082769  0.67486996704003
-1.43306839546768  0.95187203946580
-1.27137912790898  0.38361602021421
-1.24648245777025  0.35879354602682
-1.19979082950478  0.44256662326597
-1.12664781250816  0.63304800974139
-1.14912511077117  0.34830449063744
-1.22759869360363  0.47284076966419
-1.19382805492457  0.46478194454618
-1.11912311723178  0.27230627944975
-1.19524440100044  0.38200978492301
-1.41124939969816  0.54853136099095
-1.33216444780995  0.32574677501975
-1.29836147770192  0.31815653905574
-1.35160160956099  0.21590965804461
-1.33940925303131  0.50685699037224
-1.40565382508123  0.64001833027622
-1.34431526879139  0.41880713759640
-1.19602234155694  0.34384755860843
-1.44844805830903  0.52805221046910
-1.31781211676588  0.55271234955917
-1.37741691188925  0.45174701165567
-1.39729936657771  1.25209755858184
-1.18899198210891  0.69516208877126
-1.22076266339923  0.42011062716197
-1.21934732051062  0.48657861555114
-1.23546453830776  0.54306415519630
-1.37215961119640  0.34953810368564
-1.35493695526297  0.35829377933417
-1.32436375883087  0.67878116716846
-1.35811873800081  0.48425479074013
-1.22845941226270  1.12716615257194
-1.24971806942621  0.33756349865691
-1.15756800590549  0.55245344259320
-1.30929217956099  0.51878096219788
-1.25611431515781  0.28564141962662
-1.37291380309954  0.95580557389483
-1.53869129201674  0.38633122915822
-1.49066998048056  0.28171313084633
-1.37704116991294  0.53636311748483
-1.35537254506333  0.48592658626695
-1.43335032272975  0.53687109361288
-1.43335032272975  0.39417310982454
-1.48981790787221  0.32870453170150
-1.37068229001177  0.35886257421926
-1.36132101653030  0.32025190624978
-1.49855876351625  0.51785162339773
-1.38909925486467  0.25885813929205
-1.32723921424364  0.21338593047193
-1.47092282368294  0.24982549698260
-1.39436519434563  0.38905717253083
-1.43603592352403  0.24255202714366
-1.30848833996355  0.42439655283824
-1.37086458257069  0.57897177585636
-1.42018396373150  0.46913761992335
-1.29580527185285  0.44457332214603
-1.21856094058726  0.36975573355669
-1.40236226323738  0.37537967827915
-1.31485846777023  0.34579006818052
-1.34561303627976  0.44608609120225
-1.46444868061035  0.16091863779818
-1.48808723824409  0.32662440341736
-1.44495523676183  0.57754287971852
-1.50866883335496  0.38743798088671
-1.36097266034684  0.31277493699076
-1.43183441139482  0.75840350111984
-1.35070752830055  0.40007629257993
-1.32381150263261  0.32790911494936
-1.31269473003472  0.41010368367144
-1.42192448438735  0.35913229891006
-1.57628176991751  0.23155065687155
-1.54482210676929  0.35662414159691
-1.47128939044813  0.52849604968275
-1.51064799922238  0.18361115157695
-1.35033812508740  0.26483514928171
-1.32368739789265  0.25428246648048
-1.43191652018916  0.28720415981890
-1.44762585809342  0.39347980206635
-1.48402002198842  0.87992495856506
-1.67642800845440  0.33186553246975
-1.65187019087719  0.42632978184019
-1.49260204303921  0.18449345255670
-1.48223880268362  0.36385727688041
-1.44984638920566  0.32533864270428
-1.45205002635642  0.31910729982929
-1.38994116040858  0.28160164800270
-1.49903503744548  0.33557922378495
-1.41477705935277  0.43799176121611
-1.56373376502512  0.46248198156612
-1.53776145918912  0.63890715270282
-1.45380598235102  0.83997723809801
-1.41341560742731  0.31138886677945
-1.20394154135104  0.20839029141052
-1.32806182874469  0.31717301056543
-1.28707198887003  0.77682268804067
-1.18066208025669  0.74674946111160
-1.26033964082649  0.48987748443165
-1.18239596858691  0.27776549626078
-1.20840385970781  0.50251191241398
-1.11915821317591  0.75747734537910
-1.22206973464758  0.66526684667568
-0.96721421625646  0.84182929749832
-1.02468834222304  0.66887649437156
-1.01321864433961  0.66369039399744
-1.13079562934015  0.82166534244616
-1.11776343407446  0.57433465239804
-1.21423545130803  0.46002890994738
-0.87350880880534  0.37869309673700
-0.99788439148894  0.73104614685772
-1.08524360712168  0.42717831785274
-1.02055121655503  0.32459322150049
-1.18767416942056  0.51142223517802
-1.03607635813872  0.53758950754823
-0.88551610435191  0.38014237821962
-0.94144073957376  0.29877614503651
-1.13774739752648  0.27753228372233
-1.16044244822171  0.55386736557312
-1.21832695597275  0.97608405710822
-1.18018423632277  0.51095246365707
-1.17693087542780  0.41768914706288
-1.09836844423070  1.03863032024610
-1.18113262504948  0.29728199383604
-1.18385623345306  0.57356446934524
-1.17980731948009  0.41536204283803
-1.20941729588987  0.24090943323859
-1.11071076200787  0.49994120873335
-0.97221082711100  0.57631410893770
-1.01232550299593  0.34503128375613
-0.89259477800876  0.48298278046639
-1.03432290660519  0.34691700884381
-0.89103228399679  0.47346169768091
-1.04720525062634  0.28414032434906
-0.84910226017769  0.70024440141286
-1.00272270554006  0.77746066244779
-1.08404359983220  0.56675912906015
-0.97448374503829  0.81520000247768
-0.97915099149286  0.41229900960675
-0.89434165227736  0.54933641085544
-0.98453947859981  0.40341377470988
-1.07784030088220  0.49467191772154
-1.07784030088220  0.66492249794220
-1.06653942060181  0.46780373781173
-1.11190466121214  0.58509134882318
-1.08000049084493  0.55442474131807
-1.15334693773432  0.47344273404779
-1.10033928515764  0.64995618364069
-1.10033928515764  0.27668287412318
-0.96238407757851  0.39586174477384
-1.12040633585283  0.31052762120464
-1.14736315727533  0.67385265553820
-1.15678500043948  0.91880285167507
-1.04126772362108  0.43237494231626
-1.13409676247297  0.40360804627805
-1.08861908922291  0.48508835866085
-1.03204251817582  0.40684241640644
-1.23300939180698  0.32415001976207
-1.23892949593860  0.46820831145189
-1.24611401417606  0.55123253572671
-1.34061676983976  0.17098882520457
-1.42483262688287  0.51425000647055
-1.36668478720464  0.29537648411486
-1.27502545821722  0.36810320743765
-1.41814411613388  0.46819776452972
-1.41814411613388  0.41429734245776
-1.25084181804333  0.48807913118325
-1.06298747727832  0.73188052704073
-1.05169355537505  0.86401326548711
-1.21134665915629  1.00381903406161
-1.39519448525174  0.43347436445285
-1.36099444981224  0.59891241259855
-1.28624482357147  0.41182268751231
-1.30699916750978  0.39553439343917
-1.43589649292111  0.52628939555114
-1.33901798194470  0.55730925820243
-1.37005089242100  0.18623326707299
-1.37005089242100  0.30440824681325
-1.15855640839233  0.27358078011011
-1.12284965674018  0.26817164366608
-1.24273928206186  0.26194778177790
-1.16112785245410  0.42032254217350
-1.24088703523844  0.52932184029675
-1.20149947607808  0.35468712590341
-1.37923797146503  0.43530632577233
-1.33531462506820  0.32233125226015
-1.23272310010276  0.54741183433317
-1.20307983705918  0.26611460558366
-1.03523327642783  0.30201399996792
-1.00603905136954  0.59872921937259
-0.97690190595855  0.34259498448887
-0.98030882653851  0.94456224499153
-1.13430744392404  0.34764000882417
-1.12537161360866  0.32871893550932
-1.15060234395452  0.37085577913852
-1.16420229943671  0.25369043121731
-1.32373098650710  0.46732973060007
-1.20130519091947  0.28057423699260
-1.14639549128582  0.38698330092192
-1.18642004240785  0.17258603313983
-1.04970209759435  0.31947309654650
-1.20306816814860  0.37533616280160
-1.35328571722837  0.25232544666322
-1.28515773208313  0.55755315907105
-1.39492490903897  0.39604359827571
-1.20662409197971  0.23597545562944
-1.26298506574106  0.41437947387834
-1.27931243865981  0.44881103466977
-1.32858083466516  0.39976590997384
-1.36843772847891  0.24520408710931
-1.40880838618698  0.15251844604624
-1.44676875369098  0.41632205084867
-1.40764503749228  0.35148929092735
-1.55537698247986  0.41286744399618
-1.53473450598048  0.43933792272287
-1.53028129732758  0.36367963864548
-1.50444223658102  0.28156812182719
-1.53501861766488  0.28535956573894
-1.50399246486045  0.32223322613562
-1.65287139984928  0.65995993142826
-1.62812230021476  0.22276701215483
-1.57762609762546  0.47093461278834
-1.57359888704360  0.56261668299013
-1.64722823314727  0.24380661917367
-1.55645407064065  0.37381700084768
-1.54592000497483  0.33106037336528
-1.69202419418388  0.52881446180985
-1.53426450860971  0.31229667149488
-1.46195809418656  0.40920276638349
-1.36533198184911  0.31804619850598
-1.50319622689287  0.68993618854346
-1.45930127091644  0.29792979809212
-1.51495359406272  0.51514625430022
-1.42698511098508  0.22724224394008
-1.52073037923965  0.36158652287341
-1.49411154433564  0.50989595242748
-1.65809839716603  0.44011433796080
-1.59773706522807  0.51059304969708
-1.45271981460369  0.51184945380223
-1.56801538650495  0.50274629028408
-1.58117373245025  0.22518388844529
-1.39854236460361  0.38194928333070
-1.44018032825579  0.30485191139113
-1.46951145261142  0.31950112935498
-1.41849451041095  0.31638058226989
-1.28550737933352  0.31514505102532
-1.40625075569372  0.40413813133523
-1.38475912755304  0.43614526903607
-1.41117570398733  0.23392714940961
-1.43899125832180  0.37312833390822
-1.31166197573126  0.47791390783969
-1.50896305246687  0.53874851582906
-1.56419154624284  0.55598440766826
-1.33166150781510  0.54628269117222
-1.50142451514099  0.61542118369088
-1.55037931297321  0.35288936418682
-1.45803287042940  0.38190221778169
-1.43672616213226  0.44922100602099
-1.50635559660812  0.29000015445822
-1.49697425913074  0.18440559113263
-1.31732412402390  0.62069460696590
-1.14110567037531  0.45392688665069
-1.14671145046939  0.57143936686709
-1.34224103245194  0.22209302114974
-1.25082414815833  0.44700910644294
-1.28070993698179  0.43889735859318
-1.36639187290553  0.47510241120966
-1.23993364952299  0.32467282565469
-1.49106732507767  0.25149240415259
-1.35395720628485  0.33323347718819
-1.28754642528953  0.53971761519123
-1.30114893420255  0.33516576701483
-1.31368277256500  0.34497373645663
-1.25782347127772  0.50475212281230
-1.43658220461724  0.53974563390906
-1.41588830711694  0.35203060483250
-1.34641787786225  0.86457817855501
-1.32887280280209  0.28718627411581
-1.32037655562425  0.39453275339581
-1.32037655562425  0.23481834870851
-1.34316061640375  0.34426213478582
-1.17251354645302  0.44609245903931
-1.13286786615542  0.44119663389192
-1.30750033349158  0.43572483636825
-1.24371055924609  0.56935615854375
-1.20860303885083  0.39903282293630
-1.13545904017608  0.58034278671861
-1.22364675420830  0.47899048662715
-1.24656114029441  0.42108964751650
-1.38438311825950  0.42415496194543
-1.36057172377466  0.30201760594363
-1.39866125014375  0.97057731803005
-1.44894694179309  0.58803373261602
-1.29553084123753  0.71017360095438
-1.33656468426899  0.41576359123386
-1.27210514650025  0.99901201206509
-1.15986144756416  0.42890719487915
-1.06161139296924  0.46903985522486
-1.19312763712122  2.28826298538598
-1.20389415343839  0.30060968819223
-1.24704340011733  0.89421391396983
-1.20173219640824  0.39914294830358
-1.20049703456837  0.25324121682597
-1.11340560026082  1.16626562202439
-1.17035215483601  0.49746968141837
-1.22581214142663  0.59183540895336
-1.22231394453177  0.36483365426138
-1.06841738922615  0.30347576646202
-1.01928237070505  0.74670915966671
-0.92152998381675  0.78277425902122
-1.19853457262180  0.57034376536595
-0.94437020719147  0.26638306046851
-1.00278276118018  0.54785787197266
-1.02836132784690  0.47194012285078
-1.07252067742782  1.43048087170603
-1.04773210235002  0.38515432228662
-1.25537923491734  0.54952716477820
-1.26510385933334  1.16355589487626
-1.01835959851310  0.39719105857422
-1.15839680712280  0.56988107972322
-0.98504935899851  0.51304821699866
-1.14677339352076  0.48746545621381
-1.03949715797846  0.48967726153057
-1.05108009367427  0.58008134270045
-1.21620074709066  0.38499514887299
-1.02761690640133  0.60994076166849
-1.17247238571310  1.23005947228214
-1.03756311258435  0.93385035517439
-1.19279192957157  0.49125855379290
-1.11382389252099  0.78268849643382
-0.98296192103596  0.35226876358765
-1.15418139213322  0.46426786720913
-1.20460736663241  0.51500929684165
-1.19016191882121  1.86632107213835
-1.18366111518157  0.95587912518323
-1.19847069207166  0.72827221651429
-1.40290028428076  0.42618856699774
-1.58664741605998  1.02975884542848
-1.42875491972212  0.78514925796558
-1.57209497143568  0.88780793582637
-1.43571052134481  0.54371000819240
-1.45748322678968  0.31114522931066
-1.50393609897201  0.51589311456626
-1.45778634100978  0.50330029927955
-1.39227856956933  0.41571818947609
-1.56144145336151  0.82985903289565
-1.48795549035240  1.32007802158385
-1.38418420324409  0.39789262478390
-1.51517566641133  1.03473093292078
-1.67845620663836  1.10312880435165
-1.41212710323497  0.74558288886489
-1.41419438149375  0.53815473271564
-1.39025298573874  0.51228514551937
-1.41244653248668  0.37057041454369
-1.30522257405916  0.89851969941112
-1.23236390961874  0.37646600676124
-1.19478464503611  2.15512621961131
-1.26921318731519  0.46579072730693
-1.31325198987561  0.84955897113943
-1.36529122188342  0.51414513318516
-1.33046826620956  0.76659397911169
-1.21983693538644  0.36871722896736
-1.05881268769035  0.68373933168190
-1.25148805265606  0.78215003951709
-1.06756239442230  0.77299171336694
-1.18446531215970  0.29019363201066
-1.16693247511780  0.37311294884826
-1.10957589743057  0.71640078007262
-1.21607039903538  0.24074808898683
-1.09800042298332  0.59744384469485
-1.21378507722461  1.36888281534219
-1.17326900182665  1.13024169991001
-1.18744202300803  0.53509082301621
-1.08412429284396  1.28789699531392
-1.34448365422048  0.94420761033434
-1.18393608905200  0.86926698652963
-1.21662064482525  0.28301919270067
-1.37683440571309  1.68549684753596
-1.46934190410940  1.04434110457445
-1.46909939086465  1.03417679104900
-1.32782542519642  0.75162979006020
-1.21655930929807  0.66390282940766
-1.19008772855530  0.85261678229200
-1.20183217530339  0.78328379470070
-1.28067107512837  0.67649826511232
-1.28206468061183  0.33758919545613
-1.17893224539910  0.74691357296371
-1.35059054507174  0.58625080379769
-1.06044059340934  0.74057118531243
-0.93654658931423  0.69523192151751
-1.10036786172600  0.36432528193640
-1.00388411137202  0.40074775983823
-1.09764974410794  0.40511466794397
-1.33572974155203  0.26709415927861
-1.39369212452547  0.38264482342117
-1.31680901911197  0.44193137492446
-1.31434379086067  0.63872129171575
-1.44894712242604  0.48203698440993
-1.37088914135659  0.43809123623441
-1.25036212163816  0.86253614485240
-1.25036212163816  0.58633322273723
-1.45541052809935  0.62940888721758
-1.32352338243274  0.39633359495393
-1.36572826215098  1.01179901414268
-1.46018615783465  0.48458706178484
-1.30537016776609  0.56527867034507
-1.30537016776609  0.70258199256903
-1.26747403451880  0.32482366366036
-1.31816013940272  0.22472302487928
-1.32441888516627  0.41448607429548
-1.17348674103921  0.34092244609406
-1.22378925450942  0.35819464105620
-1.36500063362772  0.42866307869842
-1.38038893330757  0.25770780341078
-1.38282649957421  0.57177767003164
-1.35316722395478  0.71663961790556
-1.31604083020113  0.60907370119219
-1.23486345419384  0.48309157855722
-1.36992005005742  0.50749312976418
-1.35110092032734  0.73173436958238
-1.30102408403783  0.52693633598055
-1.39370882653472  0.81450022755441
-1.37366049866455  0.57437977288309
-1.26674498183115  0.58067236894687
-1.30748261621536  0.29277376651450
-1.21474046372123  0.53292924229611
-1.13425052299675  0.43631923012622
-1.24952062666998  0.86906261040650
-1.34109338895539  0.56909426280400
-1.38778901544879  0.34547518015476
-1.25119100438870  0.31952383276651
-1.29080187254464  0.29489585783733
-1.29881883177088  0.33769873805345
-1.32104991092757  1.06123365627469
-1.35444861982869  0.50880443524825
-1.31052585004113  1.12671587506760
-1.38784870699450  0.26422437714675
-1.50511343811427  0.59413203136210
-1.59500061854534  0.41965541111590
-1.44711294945865  0.38506080693323
-1.46270481979587  0.70932985841752
-1.40086051681270  0.45556206794822
-1.44366661476964  0.33572376923415
-1.41212869241004  0.99079137458393
-1.46100046070465  0.58169745111219
-1.51756033791959  0.73385081105673
-1.58890304425435  0.48392153228550
-1.57510103454639  0.53633465316620
-1.36503692610485  0.99949196590807
-1.41835909796420  0.63795701449697
-1.44067323054374  0.19748570180272
-1.44067323054374  0.61237913335077
-1.50422014976473  0.50878820085517
-1.40741972653832  0.35471566973656
-1.45947010145963  0.74243738349240
-1.41706851025668  0.39346680495457
-1.58346336780798  0.42258102449505
-1.49416319848748  0.21410399795875
-1.42656362198101  0.33355834963260
-1.46983692029545  0.57131386005778
-1.39472474443533  0.55954824292918
-1.40764311308639  0.51063084181145
-1.27198882431330  0.49501762262655
-1.30121227089311  0.40551033900252
-1.22404472449205  0.23080389315567
-1.12426064894701  0.90510717576540
-1.25179279982522  0.47395200372494
-1.37545022799325  0.74946209900810
-1.27298093070278  0.55167191142485
-1.25282460825414  0.39194185694331
-1.32068818141945  1.07881510935324
-1.42658985200134  0.31191119372398
-1.43603911131007  0.43324298980732
-1.30547681593435  0.38491647116343
-1.23680415462743  0.44667046505902
-1.25408220488847  0.37432120781940
-1.28888396531024  0.29011329240116
-1.28839289594860  0.25103951397413
-1.43697556932419  0.23223946564168
-1.26520916552730  0.39216512078111
-1.19193419614217  0.41394567366722
-1.06487618974476  0.26188948583636
-1.22312606111342  0.33517747657360
-1.23826641270303  0.40697615698764
-1.30018656120781  0.38312430908452
-1.25067281791651  0.66102304462336
-0.98170314707548  0.46680025535541
-1.13897379442118  0.51054153993917
-1.12636558553782  0.40450763831896
-1.26549746344949  0.40172349674861
-1.28684003592316  0.67984626057321
-1.23403492775553  1.07465571214353
-1.28606015921253  0.49969532891444
-1.17963338491779  0.48445693468372
-1.27427453093578  0.34757399440117
-1.08387900010673  0.55843462357164
-1.28658975357659  0.28991509166157
-1.14620545047006  0.59102556009386
-1.22827954464644  0.42337159224310
-1.13302657017361  0.36292571732098
-1.06733351890529  0.45598051125872
-1.19671885705551  0.51350650138073
-1.24618833483051  0.24280150866795
-1.21462905064151  0.22892061180652
-0.98551855705592  0.40657319180693
-1.02245146580210  0.37759238071414
-1.05169193568205  0.31614228477596
-1.12847874704367  0.23790432705840
-1.19923433904428  0.42380294998975
-1.13543466516830  0.45699139543181
-1.27857602131835  0.53565611780231
-1.27857602131835  0.52841987785318
-1.26228150115034  0.39661075007450
-1.36660948713589  0.52337798324842
-1.35412968680263  0.32627551615376
-1.34045198049785  0.44613879682091
-1.34354532429385  0.32911180115294
-1.22040415060917  0.21120322126462
-1.35330648065240  0.35078263215893
-1.26162645190432  0.67017248898250
-1.23395384146920  0.42137180630764
-1.18064726439290  0.27857541040236
-1.14857502730996  0.32163663947287
-1.16897202543127  0.38581514698082
-1.20000827925713  0.48364173654950
-1.20000827925713  0.74268717898841
-1.17746434314227  0.43535023776211
-1.02475124640303  0.32676093577941
-0.98389158829201  0.36356983335447
-1.06798760772862  0.46101194357645
-1.11589967549138  0.23488091717343
-1.12780663951436  0.37461192394189
-1.08389471782960  0.25926096537485
-1.23800670406483  0.35720320579177
-1.15873688486044  0.52591895217361
-1.25755055925206  0.85501524549924
-1.28987815469762  0.29468077053703
-1.37962425969132  0.41110523015013
