-5.31154325004953  0.13867623785738
-5.32738796859095  0.13726813208457
-5.25341021561139  0.16070876761284
-5.32782413602764  0.15548988016405
-5.24081647037847  0.22751698023728
-5.25512928645884  0.18329805038137
-5.25032515191416  0.12861073587023
-5.29992848141052  0.13139938072948
-5.35044813513089  0.09009700654356
-5.33099845602906  0.16980140735669
-5.37100810794586  0.14384613943121
-5.30250207491963  0.15296952229847
-5.20310154323142  0.17084099310659
-5.32701431514322  0.12808156683828
-5.25177989353446  0.08727594349846
-5.18689453854808  0.13390629902124
-5.18317082173023  0.14244456821148
-5.25206641397062  0.08900146045845
-5.21782498746675  0.10361447301366
-5.16281641244738  0.08859893523847
-5.13629329323359  0.09630314022083
-5.14523035613397  0.10405232547566
-5.13338287791217  0.12663383222891
-5.06039526033263  0.18005598215681
-5.05945851413484  0.22458508607075
-5.14919070470621  0.12732375414944
-5.16609146524603  0.11059441762730
-5.12278167556083  0.10465815711583
-5.08513009052766  0.13302517818747
-5.03700470205369  0.16702570662651
-5.22420158993371  0.17296470669361
-5.11105656938516  0.16222307273245
-5.10903754413253  0.12892758686774
-5.12382878114931  0.13850945908150
-5.09842712166177  0.17161538024985
-5.13437679119999  0.18441473857839
-5.15567302568731  0.17401143836124
-5.06509251192545  0.19432542677443
-5.14218074100199  0.20123557837746
-5.08368827370717  0.14646046890799
-5.14125670305347  0.30953781985155
-5.19538673247416  0.20309309488437
-5.13461795284569  0.19998421199900
-5.10976525147698  0.28044476401366
-5.16258034646175  0.20747960509431
-5.11649305921080  0.31175331522440
-5.09254040948158  0.20691964843601
-5.09328367907933  0.35879479192821
-5.16903561486213  0.14137205853434
-5.21341438832723  0.17816825442668
-5.21401438591647  0.09401637417476
-5.16392954940330  0.15540942994888
-5.19142026615321  0.10385886776217
-5.21565888154196  0.12778773843197
-5.23095804350712  0.12742726955951
-5.28931300325737  0.10135293678776
-5.34720308842433  0.24242128096690
-5.12191338955224  0.18608190505587
-5.25058934466496  0.15739025130254
-5.15713542769304  0.15058188444692
-5.29101153290442  0.24326608435547
-5.19369821994560  0.11289627115702
-5.20149020203113  0.13857571885881
-5.30166647737509  0.10170832100338
-5.24096884623047  0.18823944818193
-5.26373866871795  0.12493327400811
-5.17921012041385  0.13293864963508
-5.19534658125907  0.13289069251393
-5.26726536408140  0.15630738945003
-5.24834408765788  0.23671567328586
-5.13227065210220  0.15764594497632
-5.10865235243374  0.13496794227868
-5.17002279650501  0.12380641651961
-5.06775385512382  0.18724391854225
-5.11427777779554  0.13754081544044
-5.16295610994363  0.16744467451954
-5.02332342752571  0.36100061763433
-5.18336065913181  0.21105012984559
-5.16321275396847  0.16110654249197
-5.11882846179017  0.19178669267953
-5.19533174081112  0.21573010116592
-5.21339522143526  0.18769218229581
-5.27605228268902  0.10644760518495
-5.24408681153555  0.20923943346051
-5.06659529187543  0.27330785236757
-5.19486049784101  0.12162009044420
-5.24443557714760  0.13744402573900
-5.15168437579068  0.16485531766956
-5.12900698629805  0.22847320343405
-5.12418542507948  0.14349058131462
-5.12452532722375  0.29782881902782
-5.19022436838000  0.25820645748098
-5.14394089644741  0.16571466203070
-5.08886444888219  0.13359228366400
-5.10594885097963  0.12671648155144
-5.16478939783937  0.10265467441833
-5.15207843708519  0.15168115550502
-5.11937509506144  0.08312488100998
-5.07618758427468  0.14795923059310
-5.14282841190515  0.12009802830227
-5.11904078656113  0.15620538709214
-5.14126421850368  0.17713172057235
-5.06283589881768  0.26861168613038
-5.04612949783705  0.09461007654678
-5.23450628432264  0.11216386203830
-5.22693468040673  0.12715523783748
-5.26172747532350  0.22580696657035
-5.19185340967034  0.14009335092484
-5.18926063892255  0.15929676864156
-5.12434561297343  0.14293000907711
-5.22000356733904  0.15256757695902
-5.13081110272246  0.14424294057314
-5.14022255231097  0.16977243099167
-5.16427450832068  0.10488028792446
-5.11761312063067  0.28580320358885
-5.21114660139392  0.14791017268704
-5.19620194280639  0.18468793027057
-5.12881013802939  0.17721895025741
-5.34976609301413  0.27564978619103
-5.18555553274849  0.16596066118064
-5.26808401666883  0.13364167284704
-5.26926276878220  0.23332202170408
-5.25405122952324  0.13866762155228
-5.31244001135348  0.12538136626890
-5.28953597252076  0.18512097604862
-5.38415101543593  0.12283110480016
-5.33631607140751  0.20113229779971
-5.37471554394249  0.10988063105989
-5.33766881501864  0.09943870164831
-5.39415859276779  0.16344917357194
-5.42096485402473  0.14692707846748
-5.34103834928740  0.08452664013827
-5.18200765922156  0.25351567893275
-5.40517714920614  0.28385407909343
-5.45937312018975  0.24216458321224
-5.41256196272807  0.19755595754835
-5.46938286763959  0.13396045700446
-5.57573846736429  0.15973578435544
-5.51554120372531  0.25064169370855
-5.39180715723214  0.19092168850543
-5.41947721748308  0.20611778136004
-5.54032730638629  0.23002458464824
-5.45194680772767  0.19680192643715
-5.42558905455613  0.20198259201042
-5.45443686668310  0.14696671116915
-5.41185321159764  0.09770723730052
-5.43455939056921  0.10884370527611
-5.38503019315596  0.19536779429014
-5.38242350903356  0.30585683995492
-5.29458945276995  0.17594588722096
-5.49112980952172  0.11122284088093
-5.54889677265126  0.07863031600589
-5.46045540796428  0.10880909174898
-5.36713235226134  0.16406032054914
-5.49688375783716  0.11977949140589
-5.41117585358028  0.16351464870578
-5.46967578197228  0.10326499956250
-5.39453941238375  0.15405994647673
-5.48345330950320  0.09984217462265
-5.44441468898984  0.13783515854904
-5.48699472878594  0.14179291080740
-5.41609953406286  0.14115006180099
-5.39397302180417  0.20438027519544
-5.35515244561735  0.21465157582236
-5.47956604210871  0.14651556232842
-5.34640374757660  0.15735736925656
-5.37009410796859  0.22915561505133
-5.38817844988098  0.15208126723000
-5.39385446264131  0.18869200433305
-5.40360036773253  0.16025873127649
-5.31291104349698  0.19210817615957
-5.30639470403856  0.14664351731293
-5.29675477484740  0.23212231143160
-5.24900043261589  0.10188278600171
-5.23064446671434  0.22536772466199
-5.31840514056281  0.11906306068280
-5.40899078091525  0.10231861003394
-5.31100627930891  0.17771767159304
-5.38008791207799  0.15762017387567
-5.31689226623562  0.11589461800793
-5.38529904327457  0.15815628743374
-5.42238085001814  0.13065277956855
-5.32198470322650  0.23772636342219
-5.38477685093603  0.17475690855172
-5.46913439737371  0.10507530264171
-5.44839743934641  0.22485761951282
-5.33617137824212  0.24353079925826
-5.44720888148815  0.17313998713453
-5.41745149472453  0.18037354608252
-5.31619651012480  0.10748623007687
-5.42244392553241  0.20432071019736
-5.37929350809060  0.10334767827150
-5.38064463247637  0.13350127672974
-5.37396031309811  0.15985790352399
-5.40311519225722  0.15326964715236
-5.33367505050481  0.13934148934306
-5.27411164554224  0.19132321368929
-5.36032914446618  0.11339515242304
-5.31536867236988  0.12000213426650
-5.34741108418460  0.12101561209457
-5.40493852484012  0.17932782658530
-5.44130663420370  0.13085302193374
-5.53929829112500  0.29323023849714
-5.43451019631659  0.12862392225938
-5.43217382221749  0.13016347768004
-5.41042528226977  0.09809305686515
-5.46299702697533  0.23348638373723
-5.34274113523326  0.12888493440552
-5.36305687585141  0.13266086023030
-5.41010993255796  0.09018615714235
-5.40479171642235  0.18067234635974
-5.37013934637974  0.15900751705130
-5.42367907098100  0.24895016450035
-5.51403074944459  0.12038109771680
-5.42796587505072  0.21167647749419
-5.49985183430164  0.14842042607149
-5.50379778621705  0.19732552775707
-5.48219411386401  0.13878614696867
-5.40349064756836  0.18536198534430
-5.38719085449603  0.13505939336239
-5.51404298729708  0.14749224452325
-5.50020477235314  0.20158379604227
-5.50533833927678  0.13060405161485
-5.46444522928155  0.16517864871500
-5.40069775040355  0.12156366464359
-5.35614970031509  0.38098194847357
-5.40985412786594  0.14652445424280
-5.44774730913309  0.10582285405218
-5.38197242271050  0.11895490715363
-5.41502893195812  0.14074112508331
-5.45119644725658  0.09049047910235
-5.47794675388197  0.13614371627966
-5.47873486970938  0.13266971587274
-5.51696495660345  0.13371775087312
-5.58612458856976  0.14713510929101
-5.55281276772106  0.14355974652256
-5.47773927265096  0.23909914815142
-5.44770753528218  0.16519298931798
-5.51367002237424  0.14302409641858
-5.40064013204639  0.27761992718960
-5.41789435373387  0.15945343320783
-5.44928386367360  0.25959936263241
-5.51780645870949  0.14296814962994
-5.47772633089030  0.13966577756545
-5.42411237728486  0.15605533540831
-5.38337936082757  0.16498873939674
-5.33537100398132  0.23328986088898
-5.42831944291526  0.10768791475913
-5.42977793301990  0.10361372750840
-5.54016853750976  0.10373476058066
-5.58636558291361  0.14361794296724
-5.57939005264655  0.16671060973890
-5.49681918403817  0.22573634037741
-5.56435010220348  0.11452725042406
-5.55881082469259  0.10581369606352
-5.51435753145408  0.10067725486711
-5.45912409411645  0.16016776531112
-5.46839144450481  0.12220732273300
-5.49531238809135  0.15290530195150
-5.44613396324372  0.11016728646485
-5.37006906635252  0.11896948555274
-5.44338791749295  0.13645041418481
-5.38727700878945  0.09529422230901
-5.37532275761769  0.10913215533259
-5.40170719129796  0.08221530247325
-5.35672108413678  0.20858031638561
-5.39680351323958  0.16098782491133
-5.59363494324075  0.14569075177734
-5.39679555238807  0.18195251742351
-5.50492015674786  0.10531024268374
-5.29638307087605  0.11668473143422
-5.38984355913096  0.11375799833753
-5.42858129170583  0.26151511256226
-5.39854106297326  0.19347154059424
-5.37108677463271  0.11801734298544
-5.43097173022349  0.11751245299707
-5.41732076840699  0.09199228844816
-5.42773630253738  0.19851497954179
-5.42591927973815  0.24386003062653
-5.33187984863767  0.18757186098075
-5.42784462169825  0.12260550134436
-5.41162161741404  0.33208801112804
-5.44061712418321  0.15644473511374
-5.40939676867934  0.16084658070246
-5.30907191667071  0.10676582416171
-5.50326401055128  0.22209155355169
-5.37626156762632  0.30399222299280
-5.45111270941427  0.22162096417749
-5.42119974532657  0.15713898624189
-5.44017577855823  0.19436855852977
-5.53013286513760  0.12461363240190
-5.55662781062001  0.21238312720261
-5.48756458452231  0.20627180673904
-5.58103378985666  0.34433566877926
-5.55734860034039  0.15202415807928
-5.52705084379660  0.18433355015427
-5.46942814354164  0.19478868782853
-5.51458145707641  0.20831084158249
-5.44221032377706  0.13720227550042
-5.38663343889193  0.20950743274324
-5.46105779275818  0.19461784027715
-5.36471113502918  0.28962098853381
-5.34028231370141  0.15106692914714
-5.42812189606057  0.12279795238410
-5.46500285363971  0.19808832360819
-5.53645763618843  0.09829216955644
-5.44975971212020  0.12224026986089
-5.42595529004289  0.23362993214691
-5.38422294142192  0.17839658460642
-5.44461564375732  0.11187716383000
-5.45717924764287  0.17897401309109
-5.46197991751452  0.15078031217948
-5.46564812235651  0.11036653118113
-5.38952912143540  0.21420965130808
-5.30200298050443  0.36151304450218
-5.34018415296293  0.28983669397149
-5.41878443541090  0.16523884041035
-5.43251486888337  0.22626702902004
-5.42690645190412  0.18271253218292
-5.26162477207352  0.13632557713841
-5.31939166347043  0.22891330930639
-5.38919704931556  0.12609442813057
-5.40449634176925  0.19559087448223
-5.36413059398548  0.13029650362477
-5.35981685276709  0.16022829518909
-5.35981114497544  0.12943392855016
-5.33164432333300  0.16216197710104
-5.21173869054608  0.11939668252766
-5.29252092372705  0.28338444898531
-5.30229791216505  0.21788381444325
-5.30118936924212  0.17646513970654
-5.27627061017624  0.14624621649020
-5.35028940177889  0.26905832645802
-5.35067955016956  0.17119947441796
-5.40598046319980  0.33360299684115
-5.35499818696041  0.18255241696373
-5.35200833377283  0.12728916066552
-5.44011437627729  0.15142132271768
-5.32020867182584  0.21111430189692
-5.35098152077719  0.15082474278800
-5.33972916653530  0.09259762374496
-5.29398548433127  0.24048350810450
-5.30296805138295  0.26444283963004
-5.32796906384629  0.13356182764328
-5.35651380356835  0.18261658669516
-5.28299677298078  0.23287617088428
-5.30301640747393  0.17705291212960
-5.34357474952820  0.14455761661377
-5.43956403186035  0.18531433342513
-5.24431379388929  0.13517677553111
-5.37341574565060  0.13199647589783
-5.24874157662407  0.17812191510287
-5.35072361715004  0.28930373311068
-5.37387028199309  0.17291545163864
-5.35206364905930  0.22020255234059
-5.38508486631932  0.25110874990711
-5.36066971986288  0.13825330510518
-5.41589362087726  0.44669380047704
-5.19271182978448  0.24469071614591
-5.18068380860408  0.19970351375354
-5.37900224375636  0.16148779154710
-5.36622816522165  0.14188495070339
-5.40127223373407  0.16224869675030
-5.36642006997145  0.26618618168809
-5.37329273306626  0.29510194264735
-5.31601783422100  0.21971705249261
-5.42464568114926  0.15710485934148
-5.43021193107008  0.24655993135676
-5.41077670151048  0.21737206143342
-5.40753495942624  0.17086340158146
-5.41238650042371  0.26370571559168
-5.42606930390133  0.23564707654294
-5.47456813263503  0.24923923600574
-5.43596432834768  0.20112304616045
-5.42211671294178  0.18666379242405
-5.45348873513471  0.19863873199241
-5.50678322171955  0.15012375199977
-5.54238453055884  0.13707160513933
-5.47007295785661  0.21768074067241
-5.36558508004361  0.21135162923238
-5.49978485606914  0.16052676393439
-5.37637314320531  0.22742536378708
-5.40119159209067  0.14271642702302
-5.44737084729345  0.18566562012508
-5.49271247198193  0.31586931969069
-5.45526653870124  0.12808501694570
-5.34499502799649  0.20283686302143
-5.52695039122505  0.08054126620021
-5.37455976148694  0.19938182965967
-5.52522885231836  0.16147882123414
-5.42785704562831  0.21638980710108
-5.48650481000916  0.15523666127829
-5.40617506585860  0.18788193699961
-5.44522960729742  0.13941852368287
-5.41511504434648  0.12820947706552
-5.33464411459427  0.15575270981780
-5.34731420170293  0.20121039798723
-5.28479659049301  0.19934630112195
-5.30372902511829  0.21400198629326
-5.27363343123757  0.21206784899116
-5.24175009026129  0.27584798342608
-5.31057826353178  0.37459593239062
-5.29678290059459  0.22055924765770
-5.30286935852547  0.15084872539706
-5.24632781207201  0.21566340959493
-5.17463937018117  0.20180271639879
-5.24292501432877  0.19062002458378
-5.25672838399524  0.28699762125662
-5.19674059222706  0.18111446670475
-5.22446622916442  0.25211780266936
-5.26824625460037  0.21354252006216
-5.19069716753752  0.21018052613129
-5.28340526460463  0.19384858781624
-5.16716087702406  0.35415510868887
-5.26136669756062  0.30601075056560
-5.36506134059744  0.23608658784998
-5.26031910151407  0.12986612787725
-5.32725701546379  0.24223756358325
-5.31198384337706  0.19164089680014
-5.28617100651225  0.31062785996838
-5.27411224540626  0.37294111284156
-5.21181019445818  0.18230352571161
-5.31690550307902  0.16380226321133
-5.33448629245307  0.25307098974830
-5.33658599498419  0.38498820921026
-5.34774878794184  0.20590556258606
-5.36718621239009  0.27167178589508
-5.35664758363955  0.19232669559589
-5.40547615434460  0.37348753050218
-5.46160240073595  0.26303671685537
-5.36586603456921  0.39709252465952
-5.33435032602299  0.20064954833918
-5.36619525117801  0.28770247543520
-5.32754739654562  0.19176713778082
-5.36997185372359  0.14922277280849
-5.31003934296055  0.35780644124637
-5.36628414483641  0.15809659254548
-5.36081605483005  0.25187060284527
-5.31575641574780  0.27247123505352
-5.31050356233965  0.29365132751407
-5.39309695431376  0.19621506217060
-5.17731083397042  0.24482684071537
-5.24828996531743  0.20072841947037
-5.36185055157616  0.26358478290362
-5.35276355928408  0.27397081208722
-5.45295836438309  0.23970324432774
-5.42821440019134  0.28089219227479
-5.41318503467013  0.22022411133121
-5.34503723942751  0.22688209720947
-5.26517976769156  0.43310215101959
-5.37616101593811  0.35914104146286
-5.31369091055470  0.20685685400828
-5.32695397896554  0.36023244884959
-5.39735443626024  0.23512010153196
-5.42621192495678  0.36934374314545
-5.40521635341349  0.38040295732667
-5.38961653202393  0.37265245130063
-5.39760037327613  0.27880531240688
-5.29392187403832  0.38404773294960
-5.27796793454393  0.23268426031154
-5.33327756001401  0.33576544037799
-5.25529110545530  0.42619328276521
-5.30554182741994  0.42962189789538
-5.27181727990470  0.31515681323636
-5.38215380781549  0.47551259514021
-5.33400234441293  0.21433447002929
-5.24396246741748  0.21277993911529
-5.32916255943995  0.18479888862170
-5.36891103456654  0.24400742635119
-5.43281347837538  0.24305456094240
-5.29247534191543  0.25002813172531
-5.41197388079682  0.36684345449134
-5.19052737983511  0.32482285949321
-5.33159716940184  1.04829404783087
-5.41140219224319  0.40715825141559
-5.46427803670326  0.39047769680147
-5.41930017223259  0.19858763601121
-5.48479072790425  0.30192743804695
-5.52822877810279  0.51318368204879
-5.52061801363800  0.22999601157908
-5.46041517769819  0.35464980470970
-5.35595495377881  0.22531506781740
-5.34451415896204  0.39259615721388
-5.45846241052229  0.35463402794182
-5.36243795993340  0.29506937321204
-5.42246961630664  0.31458414334539
-5.45148457299685  0.24157400768440
-5.44793938556617  0.27429434517477
-5.35764538326107  0.33754573780041
-5.45144749384367  0.19498752255304
-5.53467550241904  0.30982153608543
-5.44259662147844  0.34976496780818
-5.50725408782059  0.27287075595182
-5.59954112037025  0.24415771361848
-5.56172784453750  0.25654209998594
-5.51047821170240  0.41275276754057
-5.52765065750564  0.43402132700143
-5.60237374824123  0.29570432878493
-5.60818460836005  0.26629768850167
-5.49742181032429  0.29370405585002
-5.57730533005548  0.28823944791017
-5.53209710912842  0.30251674602571
-5.51707106292522  0.44953642016961
-5.44877981334729  0.39311337811524
-5.38366862223450  0.19278630903953
-5.36606917699462  0.36236475366939
-5.46027526210353  0.32684795039636
-5.35220136737960  0.31667394782611
-5.43427277872459  0.15388284296094
-5.43427277872459  0.31231835118838
-5.54417763288194  0.41827445484144
-5.57262976453411  0.39633880081795
-5.46412345390852  0.25633356373836
-5.46243467218034  0.19986205122906
-5.59845797901243  0.23348345815811
-5.52952624364395  0.33398293724681
-5.51640212861384  0.23273474663932
-5.55561649177006  0.17860223739814
-5.48574849156696  0.27278152459414
-5.56478068249845  0.36499889092262
-5.59033628579492  0.28571893537881
-5.64741981789408  0.28063732933525
-5.66506190331319  0.35326573513594
-5.66982862497695  0.35634317562090
-5.68674116995090  0.32960985274478
-5.61306041756199  0.25148024392286
-5.50696324104080  0.43657519495081
-5.51284218099877  0.39780153726865
-5.56303422810070  0.41755969906875
-5.50551620967890  0.33510648939392
-5.62139100278087  0.48769578997766
-5.45780970261280  0.37634641944983
-5.51950256417202  0.31359568519496
-5.60846366479406  0.54670141748093
-5.69224086874835  0.33704268972285
-5.61897048758923  0.41808867444380
-5.59758603227835  0.20812243048828
-5.53133507366829  0.42346861676409
-5.48989949883375  0.37139266014152
-5.58924238800931  0.51825281204453
-5.55163182713752  0.32851773922193
-5.63250181354804  0.23467926814706
-5.50912675129528  0.27844973659145
-5.44823200115813  0.30924115805450
-5.46083864753647  0.26852513095822
-5.57192013150843  0.34540825530144
-5.51525919666106  0.37738059459127
-5.50566247821402  0.33580619751986
-5.52923408844657  0.22120094870079
-5.60053008287615  0.46072039099688
-5.54930053052501  0.32351569782748
-5.45191602167254  0.57328268594230
-5.33187746294748  0.21519860669993
-5.41818004721724  0.26321856847311
-5.41325091103015  0.28493075045911
-5.47251444073701  0.37708664797228
-5.51762056814975  0.34015186348817
-5.38300060854289  0.34422703277642
-5.50551458626391  0.21517253672617
-5.45703496955875  0.55315027420115
-5.36516505999593  0.39985753176344
-5.38484159877741  0.40104060092290
-5.49502281425593  0.31453179125703
-5.27917445311773  0.40812582558836
-5.52091611306029  0.24667829031350
-5.41548299094712  0.39098090728984
-5.35153247370449  0.46449892304473
-5.43955393723098  0.54080312873135
-5.43618054110633  0.17722867074969
-5.45550626903583  0.36576517795120
-5.48968847241368  0.29216243004750
-5.54457792004903  0.29905144508144
-5.42615956480785  0.24019549626914
-5.47365211005492  0.35674439538698
-5.48720789722400  0.20571639077890
-5.54161951088671  0.41920970772730
-5.43299810257742  0.25014844580687
-5.48995738964339  0.33330222002743
-5.44910885923375  0.30159451943112
-5.57142956461582  0.87620634366627
-5.50276758600429  0.30209581971097
-5.61351239056794  0.26862115478424
-5.60834003616570  0.34689450308312
-5.49395931798610  0.32562902294961
-5.50165806079908  0.27847675295640
-5.55868600348979  0.38330986681741
-5.53036773371211  0.35520886006891
-5.55433087788204  0.21851638363991
-5.41205393479040  0.30208204800665
-5.42286964092008  0.57520890958223
-5.40608371814958  0.30027919469012
-5.42939639795371  0.33084155850770
-5.49447615028330  0.20169872351290
-5.44856176119244  0.35713295803841
-5.53559024280462  0.51127516540925
-5.49702899267710  0.45489186625364
-5.48518043516580  0.22886220167379
-5.49775289102466  0.24282650522687
-5.45816977788506  0.34526744747801
-5.48266455154983  0.37391281554082
-5.60873292967353  0.29081550285361
-5.46478341655191  0.36159109409719
-5.54944523062380  0.53316285754687
-5.64607995261998  0.21297378811242
-5.55362541156761  0.32810537274375
-5.65791741779881  0.30006325065847
-5.63592578483737  0.48302480770633
-5.62428168172591  0.22423908312710
-5.64937240550105  0.63013324307071
-5.53760896854260  0.36095028376559
-5.61165731682724  0.36239155290835
-5.58066695216142  0.21450948316615
-5.55867203919249  0.36494631494152
-5.69115476474919  0.24850051477266
-5.56763477549926  0.23805810441781
-5.56762225630634  0.21772052081487
-5.58758950530774  0.29109388500945
-5.56055557535117  0.28916139444213
-5.62701967006414  0.23721935059599
-5.60643515687851  0.37125548341371
-5.62581268505145  0.17580934839293
-5.59268360413954  0.31018395866719
-5.68276499231971  0.19892590298931
-5.63972497854548  0.15258030582633
-5.57969802962913  0.25847916090546
-5.60371436649210  0.21194765300538
-5.63029966345501  0.33254464785859
-5.62401785492909  0.39281725388266
-5.55660751187480  0.23766003360226
-5.48741226293280  0.31306638837116
-5.62871049505505  0.25078613574186
-5.56003930767248  0.37201806258519
-5.58103239821223  0.27648724560070
-5.53233821107673  0.52794993195657
-5.32784668221425  0.50585174266132
-5.56608314932735  0.26740541815980
-5.55695049803774  0.30054593927086
-5.38608444813109  0.43756968550370
-5.48602853603933  0.24230492450031
-5.58756233080210  0.38242193790585
-5.48224463123538  0.23027800616713
-5.46451251312767  0.28590176297369
-5.49854518596628  0.29342013288475
-5.52898148363003  0.19185638613814
-5.54519592599741  0.62614610174620
-5.56322399607679  0.29491936196704
-5.57709363591039  0.20162860984456
-5.53213378619138  0.28575620198135
-5.49899005421106  0.27336468121714
-5.48225254372303  0.26540359604082
-5.45659749276673  0.39564073040778
-5.48402196432865  0.28670558230639
-5.36968798784147  0.39542969193685
-5.48492732444466  0.17246834324981
-5.40746960475260  0.45809610731752
-5.45872698744700  0.21572996715905
-5.45483537053999  0.28300236997342
-5.42360397556066  0.41088875180448
-5.43509917675641  0.48211818713332
-5.50513798966346  0.35958826754740
-5.50491625678727  0.43401475251471
-5.43717918499564  0.29524903820632
-5.47700860236917  0.21058477602987
-5.45880486760305  0.24188087260408
-5.54451486787433  0.52960531629022
-5.48840279536312  0.29904487960818
-5.56652832154482  0.45248349062668
-5.44103834346131  0.42736653706503
-5.51941372608221  0.26821367996677
-5.56492787127197  0.25132505878711
-5.53650321495441  0.28404175586003
-5.48486672540166  0.36517248381978
-5.48676249015165  0.19902587208473
-5.48272075280977  0.22915846032931
-5.49896215616020  0.55769276429956
-5.48122292111441  0.41649150343648
-5.54297636442577  0.42040500539329
-5.58600562861060  0.33208534557200
-5.55986874893795  0.40720422242977
-5.55570846094793  0.23409032878839
-5.55131553033929  0.54489985474381
-5.64588444200566  0.53229809385005
-5.60550353947020  0.25930054819451
-5.64900080357207  0.41553877506301
-5.65569286609455  0.23777507191080
-5.46266085419264  0.36047145018545
-5.50682347237953  0.21562512436900
-5.51161032295554  0.22727454384449
-5.53397103215740  0.32415914853242
-5.50234097130315  0.14552706487319
-5.35461346471460  0.33681075805800
-5.48892223672676  0.25468446702716
-5.48207919403477  0.40962016393047
-5.57418123713989  0.25174950584343
-5.55203708722454  0.27375512352495
-5.63181431589449  0.25243521974483
-5.63525739602933  0.17143797992091
-5.60186213061012  0.26413801600845
-5.43525690095001  0.36780235012831
-5.51249784019318  0.26914963793851
-5.46280266056411  0.27624347307234
-5.53608275489496  0.21623926103810
-5.43863610361336  0.15517300979184
-5.51640696130027  0.20796358363423
-5.41675105764331  0.21383766520874
-5.40912608577909  0.31896064011206
-5.44805485803060  0.31887788865501
-5.53611656569485  0.33898410498998
-5.59002645338310  0.20589138745419
-5.48181167370107  0.27226809390941
-5.51912527570691  0.27335880758655
-5.49127612842345  0.25314150047039
-5.48028473302817  0.22160539173205
-5.47318072808825  0.37827165480872
-5.57580414375119  0.17025153231594
-5.59542249150410  0.21553659066107
-5.52001189542806  0.23622294703309
-5.43520746355941  0.58280601510694
-5.47050028107548  0.22192458376647
-5.41830116614828  0.26944193952053
-5.52324786256616  0.37042180448198
-5.49601132740901  0.26175950382142
-5.49583995964861  0.17386468029873
-5.46471453970205  0.30905889633919
-5.53009737661800  0.23201714376857
-5.48263415807837  0.29104853630681
-5.51271932512782  0.23205570557468
-5.55496809624746  0.44395912168419
-5.54614009523025  0.41247523121285
-5.46992302598389  0.29083853170794
-5.47986863699234  0.19310277527540
-5.47637316980467  0.25617671805642
-5.47095561918055  0.21221887549073
-5.42690949560902  0.27021031360693
-5.46782461480303  0.29958273135601
-5.47673608561331  0.21095810024351
-5.55483601398969  0.22508771637820
-5.51760145913919  0.33567537528437
-5.53085182176240  0.29897805668636
-5.42102077195586  0.23600039350079
-5.42490788795507  0.32354475336597
-5.45242656848267  0.20755890291872
-5.42544971637753  0.27439593166940
-5.41851574373185  0.38538318846771
-5.36102001493034  0.30651803129173
-5.35517539153509  0.17046432532613
-5.49899106787346  0.18521537931751
-5.42831101494989  0.43777529048774
-5.49978764709327  0.21567201797627
-5.40697423017198  0.59596079738951
-5.34282301842862  0.26065389582611
-5.43088042233519  0.16653207068852
-5.39824810474333  0.27799236215476
-5.40653858756598  0.34174491582166
-5.48162462093031  0.23476730214247
-5.50930353932180  0.38285524223792
-5.44279191183723  0.28480987207520
-5.39975009346202  0.29062914472179
-5.44623486188359  0.25514838200101
-5.46961767941684  0.50679544790192
-5.40905297541622  0.36697265957584
-5.43787862610517  0.32324290434121
-5.44480517442035  0.31771267131498
-5.40058647055891  0.38634337086641
-5.45707619571438  0.37864515691856
-5.53472757745515  0.54469701225102
-5.51987275036517  0.26096027550015
-5.50466733450274  0.18842541547035
-5.70994609118715  0.29567259786438
-5.47041235520451  0.13823232859733
-5.48726306979075  0.49706229621644
-5.57832695828104  0.16460712486362
-5.58518997019144  0.25483744838262
-5.61988610482920  0.53813064105586
-5.65017309500195  0.35186822795238
-5.67063192205895  0.52402432826625
-5.60473251423059  0.22615632818549
-5.64516586724973  0.40858538417555
-5.61115112848906  0.20055602436129
-5.57086553366218  0.59361741840883
-5.50500254857346  0.37368730815494
-5.57314262474120  0.45372193820646
-5.56759436156680  0.43924392534974
-5.65925081862864  0.44878861487314
-5.61255274944920  0.49912060523725
-5.63730376243182  0.29401564765226
-5.63703850539401  0.16433457842763
-5.62777180201114  0.32325426399475
-5.46319914119413  0.24786616052505
-5.44767666228342  0.38800529373236
-5.49318153212814  0.14634104409564
-5.54098706004757  0.28798201244717
-5.48221182870771  0.19582076139760
-5.52009328619599  0.39136980053338
-5.53675728387106  0.29454668679351
-5.55455505415895  0.18025396192530
-5.59416139063488  0.11128942504760
-5.51296882324072  0.18786999130544
-5.54298298184589  0.12773299407825
-5.49396893418304  0.14845992017437
-5.50464190886067  0.18470432100359
-5.46904386162313  0.50647014117157
-5.58175115484937  0.23753452974091
-5.62458548236247  0.17081555014637
-5.42391084625961  0.34803311834070
-5.34013726762913  0.34065340470333
-5.44596825591876  0.21761493339031
-5.39617212478311  0.24584831127438
-5.36600696746308  0.19711402199905
-5.33662407964058  0.19842137699467
-5.38282922315084  0.31296336222501
-5.38655951084848  0.24320868962901
-5.40730427599804  0.20312168425545
-5.48156459503061  0.25201461061657
-5.52071126785787  0.22022212321048
-5.55289934926627  0.19619518297911
-5.49020457311831  0.20464097657529
-5.48984786073767  0.19023751678077
-5.41179877254226  0.39127560016003
-5.41821270618603  0.17112369092213
-5.51672920865201  0.51423660216462
-5.50950018372253  0.39484856167831
-5.58725814111741  0.20953519761751
-5.57381079573041  0.26764711505341
-5.67484176990173  0.37866590146528
-5.59994737920336  0.25574407027831
-5.58507426385378  0.33182540397347
-5.53646506012398  0.20678702433127
-5.57502984517895  0.24440970444601
-5.48420186927077  0.25273867633836
-5.47608919524507  0.37442254679708
-5.45929800161074  0.22818103281295
-5.45615166465443  0.29063201498647
-5.42352285957546  0.34039972005419
-5.53149349827455  0.15461475577688
-5.41443237092888  0.25936505584366
-5.48870130378529  0.18382942696114
-5.54268697214190  0.38120504102676
-5.59914462084109  0.24593558308132
-5.58630831199407  0.17901294431661
-5.57357211542413  0.12625437631370
-5.52164703134212  0.40289416812258
-5.48554244160770  0.21985142216438
-5.56015596971489  0.31382705278651
-5.45296692493390  0.22315592405297
-5.44876307755628  0.21609829270101
-5.52535925538322  0.27834644502944
-5.56922934361522  0.28883171810194
-5.59123367496408  0.34013970266413
-5.56460158976521  0.19416742075954
-5.57415821903782  0.32924538253821
-5.52281917449384  0.27425232073781
-5.57732019951463  0.26012381476787
-5.66220806522151  0.21044702225156
-5.50014481798761  0.35192210025306
-5.46535154876330  0.25171190071811
-5.44017497812169  0.21204437862196
-5.48684514078720  0.19248515916487
-5.58885144217555  0.24152494259257
-5.63572995951400  0.26187364963276
-5.60318164049097  0.28943612582377
-5.52347445044349  0.29736385028337
-5.60010154702746  0.43387186526850
-5.46951681899491  0.30138468419407
-5.42789252146180  0.21060341064609
-5.43069579958685  0.19737909029113
-5.57229279528382  0.14619219194344
-5.66225916448527  0.22481029191250
-5.50336927797900  0.16144925978047
-5.46674002131978  0.23521823933517
-5.50407540591444  0.27723788272964
-5.51956175435032  0.11112730296446
-5.62434905875991  0.11816690332157
-5.54187079303242  0.24439454031535
-5.50349240091449  0.18154220730604
-5.51954922749205  0.22524842249349
-5.60845496306706  0.25554151842075
-5.52146515966519  0.23257616214400
-5.54963222937869  0.21797677440478
-5.51213339906350  0.18884197613943
-5.58499700795904  0.18154793161636
-5.49638116831605  0.22724842651717
-5.62752415449792  0.19656689897075
-5.64665003390176  0.13413576909664
-5.63356406104133  0.14716259416514
-5.65708890505394  0.17892367588597
-5.67583744822101  0.18388792508120
-5.67084893944263  0.39352332018610
-5.66592064268113  0.22495579683365
-5.63457321765147  0.15667306913340
-5.76711890347102  0.44094211867568
-5.65250476353200  0.24593888107723
-5.54234782496424  0.17278173157018
-5.69575229311614  0.13830454827744
-5.67775044423114  0.13395778223386
-5.65715033029905  0.20948312318180
-5.80195433775723  0.22477487088356
-5.70783175483683  0.34091462481106
-5.74278183937764  0.58733009296804
-5.65995888328221  0.20674331460244
-5.72595109302716  0.33539966503285
-5.80687905425327  0.30742673460665
-5.73245495856272  0.13828074712124
-5.63411343869249  0.14899019149094
-5.57965216210809  0.28945965996228
-5.59056673279215  0.16203325058110
-5.63101502996819  0.34484070310783
-5.58716611663924  0.16010043207736
-5.70732835615054  0.14348341513153
-5.58582162806717  0.18189964597638
-5.53527549476539  0.10186973864027
-5.54896324365516  0.17919862162785
-5.49558890696689  0.16586990303716
-5.53720422268313  0.23029865840780
-5.59729499549418  0.33107723138782
-5.55793988707620  0.23230074945118
-5.55219409307726  0.11707567783388
-5.53664735489634  0.27659040087693
-5.65912409454619  0.32915945324904
-5.50075041199209  0.70493008899504
-5.49491401017831  0.16397339084278
-5.58632039864635  0.16428501234147
-5.53721516534968  0.23360325962646
-5.56773837838757  0.20042949360766
-5.51239230262322  0.22346273272983
-5.54207743756516  0.50362308608054
-5.54593321113862  0.20918812120344
-5.47633140305122  0.11350083407477
-5.46052831559713  0.14278764274334
-5.49088846891053  0.21207385509599
-5.48078667830152  0.17201967165392
-5.43647955910082  0.09637727169424
-5.45912797286725  0.35883999918199
-5.44018968185976  0.23086400654423
-5.44662387899051  0.13919475234500
-5.49073087122134  0.20627656565357
-5.46939360069747  0.26848419427314
-5.52837488040466  0.19872422965741
-5.55443511553509  0.18564743585282
-5.50644891264343  0.21695102050487
-5.35831709686024  0.24124846558875
-5.36291424870643  0.19054109531177
-5.38534197586045  0.19609409491535
-5.42819340213570  0.21699711349581
-5.43796020562199  0.09269703156315
-5.24422959395441  0.07309972850816
-5.39842667478280  0.24161340319025
-5.42670191053833  0.08621114115995
-5.42780939290916  0.14015817263791
-5.46183484299223  0.17900072744034
-5.55019217893976  0.35931181284699
-5.52963515597973  0.25341310161028
-5.40387026233893  0.16434324879306
-5.55112326662867  0.22011997168931
-5.53212568634624  0.09584099863734
-5.42459346310376  0.24347662711327
-5.54317022112838  0.14011268927033
-5.47627274403182  0.22508897833255
-5.51033712184036  0.15865676699387
-5.46255356752150  0.19425551628740
-5.49971575413727  0.19788598698026
-5.51812903974022  0.24991734327310
-5.49039156015161  0.22977400971983
-5.40851704989568  0.15391652526024
-5.43618595068981  0.19167094046442
-5.43675377795094  0.28817517309312
-5.56736453356877  0.20874346995739
-5.58258886315140  0.21969259918346
-5.55086285824926  0.19799917234840
-5.46412940093401  0.25011061546984
-5.55291624583067  0.12742771902227
-5.44476186989361  0.18064647026526
-5.55378424459221  0.23644306737488
-5.43541515149756  0.12878086370833
-5.50182592750446  0.54638112356172
-5.65527629036090  0.19644808630198
-5.49735426557761  0.20523393500001
-5.53493416960858  0.19206289929086
-5.55587441411733  0.20578158161471
-5.62421471046085  0.35277995973410
-5.68172054303836  0.33665009478560
-5.57941876284760  0.15181499913576
-5.61473986633214  0.18152860146900
-5.56157742064400  0.22283287284603
-5.68924191004576  0.60604649643441
-5.79705079237116  0.38587027834545
-5.70697258009934  0.30583364629004
-5.59336934036615  0.10958399719153
-5.64295905449340  0.60552565143083
-5.68517959321960  0.50577414662707
-5.72612891214815  0.24969885560122
-5.55947707761792  0.23913910564605
-5.67837954725496  0.25875597282297
-5.64174710554920  0.27554996168956
-5.73234006510032  0.16215123906622
-5.68165245716946  0.15813419879279
-5.64989291304986  0.24758269530807
-5.77285277390133  0.27404007997788
-5.63042328556898  0.22428660166386
-5.73213333692993  0.28993155053403
-5.65222044712164  0.15332044265522
-5.72722446588037  0.18449352124727
-5.71858446967272  0.14852592292696
-5.71282632539350  0.11229300092209
-5.74012655379501  0.25713611225787
-5.78906811195639  0.16405958933176
-5.64288330516885  0.12882116306458
-5.70025907232696  0.24687498337615
-5.66392784797544  0.27245594661938
-5.67851475042378  0.17644806105263
-5.63839499903889  0.36248956025058
-5.46370586894325  0.29174303068139
-5.62062162950538  0.20006019942497
-5.68396313705489  0.16608398431354
-5.68843658632043  0.20937355014122
-5.59626380377194  0.16744192703399
-5.69516045442333  0.17503634197382
-5.61489174754388  0.17820674039020
-5.67629078098709  0.17975474231943
-5.58555293820989  0.31236934595568
-5.52067776821598  0.23355884123356
-5.39189920312145  0.18955813389819
-5.52842341930951  0.28739502580617
-5.53341015410174  0.19336989315599
-5.53536351566685  0.19217956485863
-5.57276827036388  0.21385341949714
-5.53464217905624  0.21821922016142
-5.53859889097578  0.24301108530618
-5.38998012778244  0.10425615705050
-5.46073835702666  0.17829841814256
-5.39704909447335  0.13527310709067
-5.45268047960145  0.17302732888633
-5.57316233340103  0.25892156118376
-5.54132151693655  0.18244351148631
-5.58511233335931  0.21790057528900
-5.51120169162510  0.21329178143061
-5.50305205381109  0.25894896394105
-5.37704813376892  0.13676382058841
-5.39664905584720  0.14846421271105
-5.39705852172922  0.16769361822813
-5.47875296840580  0.13172417947980
-5.46410366830862  0.16620086226562
-5.59216419452603  0.20881678776200
-5.48861920050268  0.12295619095400
-5.46154802191629  0.14196452293653
-5.51442895773046  0.11515221595857
-5.47117242876692  0.19057201725308
-5.52149275841663  0.21444147807326
-5.50147281137301  0.15843019387585
-5.46929527025065  0.34767934774909
-5.50883456912516  0.15600804503012
-5.57630762647203  0.13595160783117
-5.48644080512647  0.15724302991942
-5.47174470092392  0.26455133527831
-5.63201647695859  0.15648872352941
-5.61785211273378  0.16863736451293
-5.42305826723340  0.13926863858547
-5.52878339987423  0.17899505582577
-5.56445504505775  0.22308759096400
-5.55312350008630  0.23935961216256
-5.64305966895940  0.15844065095694
-5.58298312746065  0.15733515065761
-5.54535978716329  0.17481687080561
-5.73980629707512  0.19571364859882
-5.64529581068115  0.21725498867738
-5.69347213207906  0.20963466827158
-5.62193578375647  0.30114846708554
-5.69205332431472  0.15177100418753
-5.64886422149565  0.15596772168984
-5.65621661221965  0.21779056054293
-5.55037445582435  0.24475724190042
-5.62261198386815  0.10431206131898
-5.54245990623427  0.26274421442740
-5.49509509483944  0.20677917660101
-5.62721121330528  0.17574642596604
-5.53891696085525  0.14923942377845
-5.55848499310067  0.14452010201413
-5.56975729450450  0.11789920157852
-5.38317300516669  0.15741574170392
-5.40660349787457  0.51035708705599
-5.41252350946502  0.09669437794147
-5.42625612141783  0.18744009647129
-5.35328956020364  0.21388786159702
-5.34177871639686  0.25350704135077
-5.38655066236897  0.32995289340530
-5.43799230198724  0.19874042996212
-5.52960500886678  0.19124949882633
-5.42956266155099  0.24141476433163
-5.50440122842131  0.16583145565815
-5.48857624375234  0.22105297453239
-5.42341307121356  0.22055804153069
-5.53984930336568  0.15509367860405
-5.45343157397304  0.27202659723820
-5.35132466250109  0.12841258277979
-5.38817009635564  0.23973641791427
-5.44471981984533  0.19718352831797
-5.47415277216957  0.18683168970771
-5.50431801531553  0.11960989806541
-5.54380118919684  0.27137257662658
-5.56688812508697  0.24291530395819
-5.54406745020378  0.24012955976660
-5.56388676611611  0.18040026264503
-5.52205883508104  0.18859128246867
-5.45119655538372  0.21835120228538
-5.60769676206274  0.13382639387822
-5.47672866665773  0.30200532857074
-5.53370063541670  0.20298789996529
-5.70825197521390  0.12985285876715
-5.49807343096655  0.19154195458168
-5.39083276201193  0.29710295938300
-5.41019382324965  0.09511004805704
-5.53311249981364  0.11987747935318
-5.31277023985399  0.08467246533893
-5.40043857550279  0.14980384627790
-5.51781364357126  0.14934757692517
-5.54565355559668  0.10583102020060
-5.55830473368912  0.24891029566856
-5.47551593960382  0.13427312771739
-5.47809785348562  0.10946116692009
-5.53445708796687  0.21057423306533
-5.38463789965900  0.15119080546085
-5.41014301150700  0.14274579690260
-5.37991906058252  0.14586206931212
-5.47654360588261  0.23011604688580
-5.31539543502490  0.23014246690727
-5.32454036497959  0.18470000636284
-5.43130045503727  0.19937898243835
-5.38593305363726  0.14895376641141
-5.42866051694948  0.13822106198679
-5.45832866091372  0.33342363089172
-5.51170253858790  0.11621224783268
-5.55243773703540  0.12138152860760
-5.44097495966581  0.12074358108461
-5.42845464289021  0.18483183899284
-5.35791561213340  0.32624256677320
-5.44714255257909  0.19598960006326
-5.45191993356887  0.20870616361723
-5.41523889911342  0.48173985380707
-5.42365755482261  0.14111396486940
-5.52873885684976  0.18107133064675
-5.36684097788021  0.26908800770912
-5.32824344454356  0.21082889889758
-5.34634524374217  0.22818748353589
-5.32554300996319  0.15526747816582
-5.53234836939565  0.97792948283856
-5.56144357954028  0.15072340895864
-5.48322486742364  0.26845550314965
-5.55976464514799  0.10174559282259
-5.29989016010497  0.41753371370564
-5.55691528985598  0.27819916414064
-5.43727169942862  0.19040020596070
-5.57506584235214  0.21372683540591
-5.60687635291109  0.59012944204517
-5.61483914074724  0.24847235268933
-5.57212593857567  0.54209566778366
-5.50757064069578  0.21823261064690
-5.44407194480125  0.18571485346000
-5.55405526309517  0.17977364646128
-5.51352676027022  0.22850409015059
-5.49659484575350  0.38744679480780
-5.51956028817975  0.25651497128504
-5.47510768782326  0.22645507108333
-5.58132363845489  0.18613726853039
-5.53816935613224  0.25235042320551
-5.56125027969325  0.42976270577799
-5.56465600819567  0.22119134129096
-5.45900709294292  0.35820457178981
-5.51950471222943  0.29724377903238
-5.55202854622364  0.25912002456196
-5.40201632713457  0.13434107141878
-5.41772196403821  0.13406405754866
-5.54701500904259  0.20939669864334
-5.47325139195951  0.17117167552209
-5.44029903621395  0.25770074625803
-5.46831602992398  0.16492561108424
-5.53044626122377  0.17779997527223
-5.49804472544379  0.23225621430438
-5.59694370224403  0.43594425588400
-5.46737100213850  0.22069040885416
-5.44355274959239  0.14228278609500
-5.43650054701468  0.19496920800726
-5.51551985922752  0.15523514168125
-5.41612563755231  0.12479487658204
-5.49260602149891  0.27491836102164
-5.44048775115056  0.17429558619723
-5.38140882068835  0.17013484575612
-5.37453472857882  0.17933282871589
-5.42084285569080  0.21228990472301
-5.34628461134615  0.22220275741259
-5.34577558217102  0.15553301502358
-5.48216133462456  0.57223655706342
-5.41838315530740  0.31389044038190
-5.42861249989807  0.18291612255857
-5.44883044161708  0.21434210662029
-5.46571883030406  0.50020815395782
-5.49747982647380  0.35612291797167
-5.46507006961427  0.17276312086026
-5.39171552697660  0.47178817302383
-5.44285129200724  0.14587478683662
-5.42911866602936  0.46359238286636
-5.40314734042514  0.17432752228530
-5.38893812825863  0.24733327558163
-5.43076356923336  0.33152631697620
-5.42420329242932  0.25066289098941
-5.41147366113455  0.31160080398866
-5.39484779243293  0.45197282137501
-5.40395681257633  0.23064567676655
-5.49118088338788  0.16206351978026
-5.55118903329754  0.18329225927692
-5.58019632071938  0.36043335837140
-5.43582365873843  0.41590822086199
-5.51236915551245  0.22335957663659
-5.51882455160400  0.25883138733449
-5.51881465412724  0.25335299126354
-5.56577048198948  0.19858213902230
-5.50350262388011  0.19157911734102
-5.55767826978887  0.14538151892781
-5.55175183749826  0.22297387849084
-5.42025829184532  0.19310762174861
-5.47088308175609  0.24331812018809
-5.45636744453208  0.16695142579633
-5.42260616474366  0.26113775568634
-5.48305974457327  0.20315642515742
-5.44714961570413  0.25778927559119
-5.46248812368545  0.50226088557113
-5.56347797199886  0.29376375614213
-5.61434743229908  0.21772247957033
-5.59169856076527  0.26097597801392
-5.47914987176391  0.22502860980642
-5.50678319306551  0.21752584567363
-5.45581210912179  0.26672662095520
-5.51555624040978  0.35517910235966
-5.49919398592140  0.20498422590877
-5.46377737072223  0.30860905488603
-5.51665914088849  0.20637468075150
-5.45971441291595  0.27422128705767
-5.49863201679528  0.24276373582360
-5.26504779586771  0.30297957598913
-5.36911012393528  0.15702012050513
-5.40161706759423  0.29153755060441
-5.45872057844081  0.12435108614796
-5.44687438386065  0.46070955275310
-5.47645379190181  0.25531671920630
-5.45192080359956  0.28757258959345
-5.52329854546501  0.09514331405748
-5.49751159336896  0.69010869107676
-5.50525063820701  0.20356733094656
-5.44825502657683  0.25661980093656
-5.27690295613913  0.23811119377244
-5.25770268309719  0.38007360775798
-5.20991878929120  0.22862237560627
-5.33926032553961  0.17522795116210
-5.30134833834417  0.14897720941171
-5.32185938405453  0.27327890521663
-5.31870329657324  0.17747581296683
-5.31502568073417  0.49827326126100
-5.29509553598285  0.19990190358234
-5.37294390103693  0.16403969957666
-5.32950151486392  0.27586146395442
-5.32583461827532  0.20200563415744
-5.46622220038653  0.18343658897275
-5.45119647718572  0.21122325349291
-5.44895352891463  0.30226769201241
-5.51599324229439  0.18189423261308
-5.45201097704121  0.27115686844781
-5.42303899887226  0.19198981470580
-5.38534334143395  0.19875200496147
-5.48351693151194  0.20319990698412
-5.32644250126488  0.25501543502145
-5.48365815426029  0.17756328404955
-5.47702283416693  0.30411664689685
-5.38944647209094  0.14616632265838
-5.37780773187491  0.36395276284979
-5.33582404866377  0.24715221784762
-5.40687784654136  0.28973973197404
-5.50445199903752  0.18533459788546
-5.44393133708735  0.23481819235515
-5.52162164032914  0.21865081534532
-5.51731871125195  0.34656386661705
-5.45347828331415  0.19733580263386
-5.48439109145309  0.24035504895932
-5.56883520215205  0.14378204693624
-5.60373559077221  0.19744027499347
-5.59248371190696  0.25110762588860
-5.52143505218690  0.36790626571986
-5.56923130228366  0.25465284536636
-5.55209691353099  0.30246190567675
-5.55540148206291  0.17010024961777
-5.55742301257394  0.35622066011597
-5.42944153945312  0.21007760319860
-5.55168453269899  0.30753561666537
-5.51277181358805  0.16204425619228
-5.54157284757206  0.17496937725382
-5.47140513242452  0.21543701893519
-5.42513360426605  0.34015921559494
-5.42283104751620  0.27449994799632
-5.41002337766858  0.29086468259000
-5.40823117231876  0.22612644373783
-5.34086457874690  0.23507509575462
-5.38188700867927  0.23558435505551
-5.49608188361769  0.59052692768607
-5.48692115771258  0.25857605969048
-5.51340217480649  0.35024749254004
-5.41371072347805  0.50439010830508
-5.30298628114092  0.37263078289204
-5.34923671014604  0.26562549093431
-5.37002881585557  0.23510383433621
-5.42567431361676  0.22951795143241
-5.45992961107270  0.28713122773435
-5.27875603776161  0.14945022605634
-5.41384897207838  0.15157500188203
-5.30389583894133  0.19241018220366
-5.41833064541505  0.39152492544742
-5.43159334809401  0.12604940899169
-5.42237085501136  0.24700102262448
-5.53542642523334  0.30611212880210
-5.50229065189459  0.26729489174032
-5.36567793886415  0.30023188237874
-5.45335889488860  0.16911150842522
-5.33365917179472  0.11328529866754
-5.49347478571775  0.19241054296625
-5.38719646989978  0.17438322477291
-5.45161389850238  0.28279344816880
-5.34211475306144  0.20492584682049
-5.35257186942585  0.23495673766340
-5.43517869821437  0.18327955776962
-5.47253418612529  0.39471332823240
-5.36568903077954  0.13389852797423
-5.56327424919573  0.26701881733463
-5.45369345232460  0.24593000310133
-5.48962799208781  0.24578034179411
-5.48452038551823  0.36635715998507
-5.48285541732531  0.14151990267833
-5.45470220943857  0.65992946902983
-5.38851685657314  0.27061239200521
-5.45738922080823  0.26423562272624
-5.42880726878091  0.36352288459462
-5.64637041118140  0.12425162395131
-5.68429034067063  0.82515778195350
-5.49024071232960  0.22389686598696
-5.53221600100144  0.27887662928975
-5.54990652337651  0.18392303659313
-5.52839360358376  0.16778798596002
-5.52111536515560  0.50938032340980
-5.54548098505877  0.61231134115265
-5.59570221123221  0.46716780857278
-5.54049664637008  0.38080891749791
-5.57165502009666  1.45903114947457
-5.48672586835905  0.16345631753489
-5.53988269284805  0.47441587360620
-5.54954716480312  0.24419653880301
-5.57520077990779  0.30873477869720
-5.57553199896123  0.25559962757961
-5.58249474232348  0.17091162721628
-5.60718272259078  0.37693416394734
-5.44702845820693  0.16590328008464
-5.41028928343854  0.18443225988370
-5.44808607139089  0.49531035299500
-5.50248909169689  0.49255966013609
-5.49901932798836  0.22168314449950
-5.53909439315472  0.27690790119682
-5.59549852007784  0.33512522215564
-5.54355319593842  0.65305782210231
-5.42909635149572  0.42477752981460
-5.55657549021036  0.19418785523240
-5.53307538900120  0.24103751511064
-5.53064061308725  0.58299028955181
-5.57125550188014  0.30441800419130
-5.53786421411873  0.45850177351217
-5.59095149939606  0.28070558438961
-5.53289872579771  0.22742298875351
-5.54836074992992  0.36178038081967
-5.42697414755496  0.40726538544526
-5.54247894674736  0.24435976478285
-5.46680717765565  0.33156312930013
-5.45812959964223  0.34063524464018
-5.44356574392928  0.14862560080646
-5.50817485445045  0.22625455856463
-5.37800666161587  0.33690013989288
-5.49143704825571  0.39148511075853
-5.47789852438803  0.39045791901978
-5.53649559434236  0.25815205457624
-5.55064561559143  0.56222940525303
-5.53597961765908  0.50624255550911
-5.53796643976943  0.34551698591973
-5.65670823672661  0.37515301851539
-5.57643541412339  0.20451479310816
-5.54158840015865  0.33517825408023
-5.62324097518772  0.37793166642570
-5.46995813553763  0.27515692773121
-5.54443195087870  0.19096793011310
-5.47482638002515  0.24744763329624
-5.39723291618382  0.35951585439919
-5.40037859189697  0.32881819202928
-5.48925130490468  0.40202523853321
-5.39732480499179  0.21746805196206
-5.41032926528085  0.23424831390478
-5.34772685250854  0.20897085749928
-5.43850519126622  0.28742160708980
-5.43967590894539  0.11381419353345
-5.45810003015215  0.25723702435934
-5.44615331120192  0.31411967282968
-5.46003110824511  0.34370104342589
-5.35130507694237  0.44901826960315
-5.44375175256510  0.34956342270912
-5.42630979018003  0.23609718998902
-5.31161573638743  0.27675778545393
-5.48967503803873  0.28281592005498
-5.36035186436659  0.32411854419216
-5.38269839604864  0.27656630252413
-5.47860949268114  0.32762888939144
-5.49959492916260  0.47997082170434
-5.56962786030373  0.40332535557123
-5.53124800713437  0.24816847172464
-5.47554198658878  0.26494627646088
-5.47614322631434  0.15621576868298
-5.46074434946010  0.29118554068037
-5.43180120797975  0.23349629349631
-5.50576658201069  0.18316566266025
-5.47943110662200  0.23390752086059
-5.52392563533261  0.18569953293211
-5.44415444195038  0.20882755054678
-5.57774787353823  0.27448831713685
-5.58295895864318  0.29453180046230
-5.56458562720847  0.18040777865398
-5.44824326263697  0.21162588472883
-5.42014872066131  0.20965495841952
-5.42985930187855  0.26696056534753
-5.53356576529842  0.45129917669521
-5.53944639188102  0.42000458250966
-5.58454509430967  0.34315993869932
-5.61291817478323  0.24066911618841
-5.51244567309752  0.35510522641996
-5.47344459952725  0.27423192974307
-5.56031930391693  0.28304217417344
-5.46246795250962  0.22980115754505
-5.57154123046209  0.45169983834346
-5.48608451271844  0.48356352859287
-5.49396911185212  0.23773287601001
-5.60343023685678  0.23530449126552
-5.59043167190603  0.31820674729459
-5.53160903144870  0.35008231224705
-5.66877172055593  0.24382275603505
-5.58032843287589  0.38728991092381
-5.60756332990889  0.47538148782722
-5.61023614656262  0.46893001131889
-5.52335520408516  0.21542044140456
-5.52806972592573  0.37714253141374
-5.50217911112540  0.21038568745336
-5.47489050481894  0.38625844209032
-5.47658073619511  0.20454705965790
-5.56757538687147  0.21999526089554
-5.58299438783489  0.20334051837722
-5.60964928066876  0.52668817397192
-5.62400763327604  0.35174744669251
-5.72591035440046  0.30685771795176
-5.70107496788708  0.35362537090526
-5.72744048155508  0.73507779231076
-5.62918641881671  0.28510439551604
-5.63446709121956  0.67249464476141
-5.53439102656245  0.26487077082748
-5.65099125822049  0.24641054119025
-5.65975535819898  0.46765090185691
-5.78309417818519  0.17171212335739
-5.74342752509740  0.21736999230216
-5.68782175436432  0.45590096625280
-5.77276917731564  0.31709915796251
-5.82264223731567  0.32901749128448
-5.82761343114465  0.65409350976085
-5.76778974925261  0.51672349685785
-5.82389095460194  0.22665988342274
-5.69778558948439  0.43041839306981
-5.76993298949329  0.54361302715246
-5.71972960247667  0.23311710461629
-5.63062597047428  0.42169417488559
-5.70861546278807  0.17568761792637
-5.68596236298644  0.48527631392284
-5.73942877066990  0.31170584637904
-5.82884457083280  0.48752426711729
-5.68192310225899  0.61921697209798
-5.70997115580211  0.32864980478357
-5.69890864204608  0.24402509916552
-5.61861815817521  0.40680634394570
-5.69887447312965  0.31905732820966
-5.83336743054696  0.62804126211972
-5.69449283639576  0.32576391676158
-5.66341575578730  0.20736988285026
-5.65738278188091  0.30309146342157
-5.63505202905816  0.31076416731633
-5.55190336165527  0.19881283053974
-5.63720300483227  0.28662908799314
-5.62454670664140  0.45931172151133
-5.74427134109322  0.53177635343015
-5.69031392623699  0.36847795917180
-5.73376426238419  0.25684825366248
-5.64629021019328  0.27613919635702
-5.62278739044489  0.45764897957353
-5.55826237788754  0.34236651234958
-5.58346747328180  0.29489147700558
-5.74221651024878  0.28257149322420
-5.61617812636533  0.19407844592838
-5.61551448582183  0.28471900098575
-5.66533843088022  0.66416077656560
-5.52851337833040  0.39659408992441
-5.50898298238588  0.38034408557790
-5.52642201952000  0.24689165626126
-5.73170511625488  0.27147561262948
-5.65590048961926  0.29718149177498
-5.57533682776041  0.25486913216308
-5.62517953371422  0.34668562783407
-5.67977808151525  0.19833909397461
-5.51056439655715  0.21216750736733
-5.56238813516145  0.24172955658015
-5.55781458812129  0.17456674852845
-5.58863251193468  0.29497321589886
-5.52971095798200  0.24567226781000
-5.63415875419799  0.16631329407884
-5.54751011131610  0.22340806164988
-5.57341136240008  0.19338130910373
-5.70748111598665  0.22831897367039
-5.54620518111398  0.65430944253035
-5.59058733883185  0.38680555757788
-5.50351939348835  0.29705831666257
-5.48778644929446  0.38402014437057
-5.42016239964326  0.24238758006465
-5.50059256759132  0.45270145766142
-5.54954983712255  0.27690639180355
-5.53834306980205  0.24787111603577
-5.50016563088219  0.28627525180712
-5.51957508284001  0.15146101860048
-5.52139802382921  0.34104629218453
-5.48825144359409  0.36887423366026
-5.51122679049539  0.31165576200359
-5.43082382659983  0.18843862336749
-5.51861486382468  0.20658094310774
-5.62339488880329  0.20390249333326
-5.62891504098698  0.23074828978091
-5.65503227810374  0.18315394917987
-5.59523494185170  0.15961233312844
-5.62988619609023  0.24565317086551
-5.63449737417189  0.19145333090653
-5.56381575878218  0.27038663763696
-5.59243530965735  0.21522854561702
-5.58289509145554  0.31957525418049
-5.66440232068163  0.43623524373579
-5.61984090536111  0.86213106757518
-5.65234373266387  0.21830356931617
-5.61043710680867  0.18329772048738
-5.59315363728774  0.39247828281076
-5.49167603682090  0.35899435465282
-5.50725451549100  0.19225641958249
-5.56368282376798  0.30791251250186
-5.55652458834465  0.15980808429859
-5.54641331767463  0.13936789068600
-5.57567835350481  0.40525850534093
-5.50743824522610  0.39488257196134
-5.57414265567160  0.24195074027470
-5.51325075054750  0.43590657325867
-5.53645414677042  0.23826667914073
-5.51553958344756  0.34617977519975
-5.50449685448712  0.38420507968902
-5.52876717281672  0.39275388257590
-5.63385964253298  0.29780569713385
-5.51981888658636  0.60571980535005
-5.43843730836634  0.45343910874958
-5.40901682651937  0.50431793237364
-5.46382713047978  0.36381154148559
-5.51622380807202  0.14387109180185
-5.40918605630652  0.21607527703507
-5.30091882951726  0.25861757288195
-5.25037746376618  0.48610950523151
-5.50380901747318  0.32626142423178
-5.46307375880099  0.18276189057272
-5.42041246063203  0.38820913007928
-5.47920952871425  0.20958684912851
-5.38657480498071  0.19381199084635
-5.38213633993740  0.43334081206133
-5.49053542254013  0.20450454988674
-5.48891484655478  0.23583892380267
-5.38633534350671  0.15441198375608
-5.46834651656936  0.24352488364993
-5.34408490110771  0.27133977344602
-5.37019227141716  0.29039554701774
-5.37765190453110  0.19339983244144
-5.58127616360291  0.27549661802056
-5.41879052292138  0.11921378755537
-5.40325642642369  0.28012412568004
-5.37280701469121  0.53945381853790
-5.31250643030426  0.27999480281358
-5.53499726231780  0.31475664837078
-5.49011470137011  0.42767334302067
-5.46631220045182  0.24621382048144
-5.38814253568838  0.17712834881232
-5.45081302208208  0.28325908664749
-5.41638413659157  0.32034422205590
-5.37980384783936  0.47376953597914
-5.44947297085399  0.30501062849533
-5.39695172564433  0.47032829402303
-5.35784172979759  0.48856757606647
-5.48296781125909  0.47308071244511
-5.46103684483400  0.34719116382584
-5.41769374370742  0.15129607555676
-5.45782157514266  0.36328996979927
-5.46957601283838  0.30227754855242
-5.44276851944260  0.38619459487439
-5.47157070714781  0.69547585216892
-5.47820705174490  0.56196625268764
-5.45847994526634  0.44203168762691
-5.40846464623958  0.37564753256883
-5.41150873159618  0.42067450911174
-5.40426330440960  0.25795984479558
-5.47027405318430  0.47364360519789
-5.47297500900737  0.48140997906975
-5.38342544017994  0.27911259056596
-5.43508217627318  0.36101139365900
-5.56072861104525  0.39423688008527
-5.48499176081604  0.46316339919828
-5.47567127307925  0.22306423918360
-5.53928352124135  0.51365988569557
-5.45969655303205  0.62620770228460
-5.53162958952238  0.40565960610829
-5.45850270793993  0.27423205854156
-5.44165818312108  0.61581604907176
-5.59819623208661  0.76942138287101
-5.58065817624056  0.60224498401306
-5.51661447605878  0.31067593044401
-5.52473294587745  0.31441425208888
-5.52837215358248  0.34418430931623
-5.55784433626159  0.19039435748541
-5.51327780910063  0.27719626021545
-5.63701277010735  0.39383670600794
-5.57954719661293  0.48522715555300
-5.48270781422877  0.31732462146501
-5.53301730293928  0.26979527432897
-5.62521265128057  0.54088764087985
-5.59443859355578  0.38658253887208
-5.61824709684662  0.42912594229827
-5.65729051500421  0.36970931135551
-5.62877465326468  0.48418981795966
-5.64184332053770  0.26135250348412
-5.65199290911849  0.52643379908784
-5.62676455408016  0.32569975468417
-5.46005669436932  0.23657963470919
-5.49633990771502  0.26456617877411
-5.55427150157324  0.37650334143435
-5.47168280514256  0.20100126065294
-5.49972410484564  0.27842223588041
-5.57110934991777  0.22240875200319
-5.51321766627844  0.34661099792182
-5.59307471042600  0.36712103634543
-5.49578681088641  0.22009809747882
-5.55480352373122  0.26403821380217
-5.44934752475710  0.39622278560302
-5.37872164264229  0.25597889430559
-5.43535293394411  0.50157539386297
-5.53124156455349  0.27076741909453
-5.57650269834403  0.39465479198945
-5.60352512874237  0.52270827738290
-5.61834698881858  0.27347804918325
-5.55399564412469  0.32882473848597
-5.50126167864039  0.35306026656922
-5.46146037536702  0.27125049001759
-5.49692007545062  0.68289003804317
-5.43914618187535  0.21455752625427
-5.41084864578567  0.18455781885364
-5.40306541800714  0.27426628732713
-5.46038467660100  0.70900359577820
-5.53108023760776  0.43008133795237
-5.41740655875436  0.43720809397723
-5.41327931537596  0.35788732323381
-5.35836870406476  0.37439956112736
-5.41459940787724  0.51991737441790
-5.51010117868922  0.47131409192252
-5.42505245900827  0.40893152155749
-5.38611620455951  0.63280496197160
-5.51355330456865  0.42834661345589
-5.47140845477266  0.50155567000885
-5.48608586677760  0.33821702105561
-5.47771125862419  0.43425306306391
-5.42824218288906  0.31068203132870
-5.45232553573239  0.56853065957803
-5.33489893691763  0.77227459039510
-5.46993128188546  0.66186253982698
-5.44668285154255  0.24728597139980
-5.40414060150159  0.27428288402137
-5.46370652761582  0.29209937489806
-5.50061156753357  0.42673998178418
-5.36398413151338  0.39878040610391
-5.43172048440156  0.62083895563700
-5.49235394558119  0.56808819392991
-5.53285076908217  0.56271872368989
-5.45191449858732  0.65043302685985
-5.44693538486251  0.21828908966124
-5.47350347160490  0.55289223110769
-5.46006182591387  0.62280010630337
-5.38230969857869  0.31969320674183
-5.40375147066283  0.43564378782713
-5.45884894636531  0.39027076764828
-5.39166425188023  0.23702579548438
-5.33387818000082  0.31946699019398
-5.39768517947845  0.23037670357488
-5.31484824689548  0.31925409253497
-5.40282467567835  0.31040302918863
-5.35240276950766  0.46138438982833
-5.36499182892599  0.26660081774666
-5.45456595828057  0.32482702706640
-5.45520356327170  0.42513890308111
-5.37105353667527  0.31550449218843
-5.35642361784276  0.46418165091339
-5.42476850856975  0.43713740538838
-5.31801683038558  0.45879461386189
-5.24139463527728  0.21945045235732
-5.29532602032675  0.37442738919613
-5.24398796835788  0.26964196979194
-5.28444872638199  0.30717718935826
-5.11681902962238  0.43859330561158
-5.16920605455747  0.71272042824239
-5.24375094844062  0.35486949766401
-5.23374639151475  0.31411587027647
-5.15992349909872  0.56598616123895
-5.20827908513830  0.42459015061216
-5.18137946758471  0.36153841472042
-5.23161966208200  0.20758946785276
-5.17897306154187  0.24726584988491
-5.27847412485805  0.28477122272553
-5.21303037341878  0.28803765011766
-5.22381804805206  0.40518497820780
-5.26311305851370  0.44726453880315
-5.25882908877581  0.38079596455931
-5.23178509644982  0.34126030795504
-5.18823569938893  0.56871373912353
-5.14669470161219  0.30565121180253
-5.08389497528818  0.39668713017683
-5.19920327481263  0.26522293854221
-5.32362405699702  0.19417135499124
-5.11753420371098  0.20736552469423
-5.18333630686865  0.28062082072295
-5.28558912066888  0.24496688109327
-5.20567047959751  0.28617366812306
-5.16555994068765  0.23441174765600
-5.14755798792212  0.37101098341541
-5.09422755216164  0.23240091878156
-5.18119351387937  0.16856990249013
-5.37147451933302  0.27038194962093
-5.33589871457823  0.58446202519289
-5.32684890845923  0.23865738384700
-5.38993482757504  0.15005896159302
-5.38552969593145  0.49809680739966
-5.33223455496657  0.31111226284316
-5.40266669003490  0.20020445326026
-5.31682983882764  0.36448582707860
-5.39201980877871  0.65192790960565
-5.41232650682363  0.25915237052871
-5.34659307663528  0.46995800523353
-5.42883261269586  0.24346938280721
-5.43217634088762  0.80981836389260
-5.31790672488316  0.30062243183241
-5.30709011983615  0.27055242827020
-5.32280358737519  0.18779829504413
-5.34220887886752  0.20738793371548
-5.34822105314671  0.31942183343369
-5.38290228598398  0.23140277152359
-5.32171669756100  0.29152302205813
-5.37465164922817  0.26651231665071
-5.39973875443524  0.20908682115120
-5.24436623136471  0.32613292861787
-5.34885020428119  0.17264692273352
-5.28473362236045  0.17211358903175
-5.36732500716675  0.16791605289509
-5.34928313717478  0.29908152248000
-5.47459563561584  0.25602125904397
-5.48302430199218  0.21733553207299
-5.39739615920174  0.30758267483328
-5.52956000762547  0.14910552260212
-5.39330991910939  0.14955887316549
-5.47472690951008  0.16361809509465
-5.41568221008166  0.42627623320573
-5.43175940950414  0.30101434281803
-5.40339693235129  0.18114481619024
-5.31783662032582  0.19992059262171
-5.35954490182013  0.20299527973168
-5.26268206493894  0.20428322483707
-5.30327997151901  0.15002100889539
-5.26292909407269  0.21418171382029
-5.27955466994716  0.23839541224164
-5.27819884547027  0.19611380857256
-5.30371656785758  0.26099182948431
-5.30363965343650  0.12575208890061
-5.33435551837304  0.29893506927202
-5.33480383650669  0.41238550567399
-5.37367680879024  0.21870693138221
-5.38117707493038  0.33103091343175
-5.20948565221552  0.12806646275582
-5.45916767026536  0.11450162907041
-5.41243717700567  0.34784328053067
-5.48235005364690  0.23917060454939
-5.45561559417902  0.26985921018930
-5.54844739165061  0.20102596163296
-5.46948916510466  0.24173467938011
-5.51395151687207  0.18333423141412
-5.39190641594552  0.31954359170755
-5.44515863053703  0.42927392097204
-5.60738715365059  0.15580280549420
-5.47487366215695  0.16479367377063
-5.42508620173299  0.19878938588606
-5.40834320577367  0.10979097523474
-5.33521742555604  0.24719141644757
-5.34596579344108  0.24143330499565
-5.20076064705159  0.44970564556263
-5.18132315648274  0.16660447308880
-5.19612497471136  0.26154230831918
-5.30197410455414  0.15433486251004
-5.18632997492353  0.30190556283370
-5.35139388895707  0.24943658252583
-5.25691114930981  0.19359567779664
-5.44532976949481  0.88331300267274
-5.40990554690030  0.45054384755467
-5.44465767215233  0.25965515713441
-5.35498107398827  0.14326583247940
-5.30618930052531  0.09190508875277
-5.34451963938473  0.15301141746031
-5.33447456976460  0.25933858354496
-5.33861475468326  0.22413979994384
-5.27080472231575  0.14945014189460
-5.32748064891409  0.14736946222268
-5.31912726700926  0.32222323205232
-5.35333361483772  0.21256890371913
-5.25985414029101  0.21375838306642
-5.44883136541007  0.22625929966789
-5.36144802241793  0.15235135207824
-5.22267963421343  0.23315227079582
-5.42496785673672  0.13836681154038
-5.47222893511508  0.16226637229741
-5.42699023536292  0.12566005350836
-5.31199663719949  0.11216013962187
-5.29733896166934  0.17854024334380
-5.27362425196005  0.19181762227886
-5.23923928877387  0.13532429465537
-5.22963041499699  0.20419190004390
-5.23726315735727  0.26846666784240
-5.32748511183730  0.16046615319313
-5.31432256364554  0.20245209274883
-5.25906324894979  0.13875259588708
-5.27117205466775  0.12154811390833
-5.25048789214443  0.31290784114927
-5.28076140903127  0.64309667613295
-5.23250626855660  0.21041960479362
-5.29282279198219  0.54471240222059
-5.36463842701318  0.32076503555804
-5.27878888805050  0.22879826448861
-5.26023552779605  0.29889791032659
-5.22653327250145  0.35720825797116
-5.19595840270588  0.29074824361820
-5.37856174527347  0.18495982446489
-5.32242820521131  0.14259718769855
-5.36402640118836  0.13298162534222
-5.27052699288366  0.12453775752658
-5.32437245995984  0.18615917640220
-5.20507748936341  0.51884188908581
-5.34731990213880  0.27233401063737
-5.30287005113624  0.18684055784144
-5.20442789701864  0.19172646236901
-5.35327073088031  0.14211840057707
-5.25106617982818  0.22065187052718
-5.22676827956075  0.24123420028705
-5.20110541907433  0.23419344924835
-5.19157826460232  0.13731570152466
-5.25498602043256  0.16290433410923
-5.26219807650222  0.21438469891190
-5.14733697026504  0.14601968776412
-5.18833060045000  0.45155173902506
-5.28693314764894  0.22849422250521
-5.33283319631532  0.20839829231085
-5.16219685308261  0.21586453520196
-5.25775930432420  1.14365249954341
-5.38860034817730  0.22273753326298
-5.43516526240971  0.27534733926198
-5.37838595868401  0.37656017253074
-5.29894439004541  0.17073776193187
-5.23499866522926  0.20188829468922
-5.21105678101724  0.24724181675031
-5.21162760106672  0.32475348197209
-5.24632996000826  0.19236363858215
-5.26263183968238  0.33696053190156
-5.34970661531441  0.12321494197224
-5.33337305898436  0.33401990778351
-5.15329332684790  0.16936933192830
-5.24484040331739  0.24946504577984
-5.24722909315521  0.24053760942772
-5.24545153995740  0.38080060184106
-5.18446198771625  0.20594181430281
-5.29128464624880  0.20848708633612
-5.28977842468378  0.51184737135132
-5.23757589006104  0.32723911251136
-5.20183558416852  0.41017080647175
-5.21395403933215  0.36676437348048
-5.19082558387779  0.17206558462597
-5.19986689375663  0.19403612331166
-5.11680317027043  0.23745669528897
-5.16159796347102  0.23996444048164
-5.18596673997062  0.19880857705499
-5.16248901049957  0.34472346991712
-5.15253614584656  0.10734478040212
-5.18259500449296  0.13074703126233
-5.17049950120256  0.14404758204171
-5.22117171145304  0.21265282345791
-5.20920728130415  0.15519883205758
-5.20373966421429  0.17020711077485
-5.23711310313308  0.41300385916605
-5.23711310313308  0.16324608915119
-5.27333714744770  0.18612651293365
-5.34722836290541  0.39669792788596
-5.31174893401788  0.17150291405154
-5.31910031957838  0.14931905622411
-5.31637350778903  0.21183177952764
-5.30742498512248  0.20633769842031
-5.28091170325764  0.17958478422492
-5.35199849829382  0.18151875335313
-5.34822749284819  0.16214658810639
-5.32557105194263  0.20944387360448
-5.38491487135710  0.15474889191383
-5.33101406342849  0.31054783487833
-5.32984364585476  0.16372711543081
-5.37164327350291  0.30899631965596
-5.44826794216183  0.11281580355564
-5.39100566812732  0.40692686913342
-5.44120743232610  0.15968846630154
-5.37913757600256  0.18017822044863
-5.32140206576165  0.15967456548351
-5.37620747244893  0.12602805712769
-5.40709186024276  0.13519431177244
-5.37074834965755  0.14835647795643
-5.45827378513817  0.18064793706522
-5.34501618606462  0.16133599313894
-5.45796757322771  0.25778756624024
-5.29062790552427  0.32555596827163
-5.41418628207647  0.11832608961707
-5.38982221442759  0.19086978944489
-5.25091503872509  0.29184905053809
-5.33322843388146  0.17539576842333
-5.23486298239776  0.30407051543217
-5.30741645726758  0.20775195106405
-5.30496387692432  0.21973337046977
-5.25622088464501  0.26569292700003
-5.29776297723245  0.33960191614525
-5.24689157480120  0.18264375885832
-5.26096175216379  0.14509859321571
-5.35558258679138  0.12438784184545
-5.37388573631304  0.19061679389484
-5.28653263761755  0.20792402400987
-5.34461780564159  0.26521770187879
-5.29509307810341  0.16000562174553
-5.39221667895744  0.09876855029806
-5.26028015044089  0.13869680493212
-5.34219526750049  0.18804063474927
-5.38977782139299  0.20441667571840
-5.48859201126631  0.22097509145511
-5.45493765285026  0.11756051107889
-5.36404823704520  0.13874732154576
-5.41609236299670  0.23053346636536
-5.47941264793434  0.17186653055490
-5.40321955045970  0.13266552546397
-5.43923527980174  0.14286021189274
-5.38822758109679  0.26123646016162
-5.46873695410783  0.15924563991168
-5.46873695410783  0.21364533115072
-5.46055316898283  0.17471102266060
-5.51182983173459  0.24753151787782
-5.51609050954458  0.25102317930731
-5.41106400450396  0.23620628974160
-5.47335472318446  0.14476542487636
-5.44331953739017  0.20419773061537
-5.48678500615495  0.16553160827786
-5.55540252535437  0.12645747875342
-5.38137695598855  0.26516891435167
-5.26938835651972  0.11057439634427
-5.34929759157522  0.11748148757822
-5.31479125214561  0.09437555873813
-5.39593691257180  0.12455753579559
-5.39127013897872  0.18508925568133
-5.43989953789937  0.08819759744849
-5.32062279242843  0.18366958909137
-5.25044844040814  0.26827272339532
-5.33948233634996  0.23621238737481
-5.30356002678375  0.21747977006165
-5.32033723485281  0.18545980347704
-5.15085616545341  0.20059773182591
-5.36531499645385  0.21363477820602
-5.31703341512048  0.12202749261987
-5.38657290029530  0.09986557538602
-5.33416067688904  0.14400428925253
-5.47683429348953  0.11503490466570
