   59.90816775373786 -1397.15835108171291
   56.62829711441184 -1395.77234914854398
   59.39500386184439 -1401.52634492595598
   57.29726214002773 -1401.72244252087694
   58.10018958941584 -1400.10213508411107
   57.81242568036415 -1397.53193570122630
   58.51488911669073 -1398.31039634717717
   57.05540667565862 -1398.43346466030539
   58.39072493332463 -1399.67965952622239
   57.72460318232513 -1402.20933443639296
   59.16738355622676 -1398.63909914361921
   59.36879430283894 -1397.05171315046596
   60.04858273219216 -1402.07990686357903
   60.73268764627234 -1398.08254343825843
   61.79264873064888 -1397.90434063063412
   61.68067730426088 -1402.06604213807350
   59.89922859078968 -1403.37466699591869
   61.54060926513204 -1404.15465489418420
   63.20750449040364 -1399.68390902522719
   62.08503640634542 -1398.34275457719036
   63.62705130613900 -1400.96680541869227
   61.45204478810168 -1405.11364080321619
   62.82288488040746 -1397.67979354472254
   59.85261370401255 -1400.39697941888767
   58.18828658318644 -1403.03734943611653
   56.28487850520111 -1402.83494219238241
   57.85066019117313 -1402.99619678482009
   57.56926868338236 -1400.66509178627348
   54.44250501257007 -1403.79651160157960
   57.23340597276108 -1401.69899039326424
   57.81163017855688 -1411.83432452251304
   55.57578776486277 -1405.06899018540230
   55.36761395121378 -1402.50286469697221
   57.03702931359274 -1400.59267733354250
   55.82093303362220 -1400.09491446580205
   54.24838066630679 -1401.81909946554879
   58.54478729774004 -1405.28256949406682
   58.10948981407543 -1403.80562343732618
   59.13821584052845 -1407.63105250680746
   62.17127805629953 -1410.05563343452332
   58.53469154204097 -1403.55187540830752
   55.06284185624857 -1403.99011988546886
   55.67908065803923 -1409.27226155638346
   56.07803091944525 -1407.31727958506781
   53.70630959374022 -1408.93158686895731
   54.36139421542848 -1409.88043249159568
   54.64248290272619 -1406.06767314702824
   55.59423367042204 -1405.34019743597969
   57.68527452369863 -1406.65904922493064
   57.39250626705061 -1403.63492343653616
   57.28531687140757 -1401.03505522372029
   57.53605646902621 -1405.35088444956955
   58.34525304582260 -1406.11875755283040
   58.87211062586334 -1405.90492357230141
   58.32495243725311 -1403.40772829730645
   56.55950015675706 -1406.97871493711364
   55.03256575554458 -1409.49854350102623
   56.05687758447577 -1410.78137360378969
   59.24814663488011 -1406.27514674623399
   60.35093679680694 -1410.39061608125826
   60.49256252916957 -1406.61727204086833
   60.98371712771293 -1407.43180210823812
   61.21268558367361 -1410.62303780590059
   59.63380634337255 -1406.46439406421882
   58.94460173572721 -1405.04550837073725
   58.86209550692084 -1411.10896914091222
   58.51797073791151 -1407.77763023792249
   54.88908498945197 -1407.56099385606581
   58.51385062937332 -1409.53869402979649
   58.49397619183546 -1411.65594261015781
   58.13971847860268 -1416.28961545104039
   55.75770443850617 -1411.20847468371085
   53.90670337179980 -1405.64821911791455
   55.30926630669360 -1412.51273343976095
   56.70105694074060 -1403.77063608608159
   58.51415133449586 -1408.62399733155257
   55.01902311942059 -1409.77604293453032
   57.77528495971491 -1403.78895999804126
   54.51624247555517 -1405.65830690686266
   55.09718572919623 -1407.51943886057211
   53.62547738154848 -1408.03673312423757
   55.02407881256561 -1412.67917196553367
   56.05127559557774 -1413.01271467160473
   58.14988935481264 -1411.20258294722885
   56.69374687859796 -1412.17906730810819
   56.89016986810876 -1409.79376166806378
   58.22805390487672 -1413.76767639093964
   56.18300601332328 -1413.31255740153529
   54.89738100710019 -1416.92838719530437
   54.85862766361567 -1424.18783712839013
   56.01334897551407 -1409.91719932646015
   55.12086332584327 -1413.87455167214353
   57.02451138329000 -1412.67699817782341
   56.81196311295914 -1418.14523953022740
   58.65567665217825 -1405.32012351262529
   60.25672578263444 -1403.98727423690229
   61.36055580576107 -1401.42882259894645
   59.13077768667336 -1401.53776929580022
   57.14165988849315 -1413.59738593792508
   59.11673211927446 -1410.82807122618169
   58.43721934550786 -1413.80582604116148
   56.12429066504239 -1412.02716768105984
   54.72308391370074 -1415.80392949124462
   49.18622778626633 -1413.47911008399296
   51.89723020869992 -1404.16355523776929
   53.42750658865764 -1404.08643067417779
   52.69712221508285 -1402.90062236436938
   55.43551029162071 -1403.23934669140544
   52.16366361516400 -1402.23992643153088
   53.32249315164983 -1403.92179786692441
   54.50128354332974 -1409.68639575572070
   53.71550747487054 -1406.23473918925265
   54.16756458616982 -1408.94476493040997
   53.72234437893255 -1412.66439246430309
   51.43874496330447 -1407.98357224148481
   51.83819210301760 -1401.55904871534017
   50.23296348594846 -1403.78395837239145
   50.94843599871339 -1406.05059701510663
   52.06977974052958 -1407.61793557123042
   51.12146632223515 -1404.09437826392423
   52.92125133747335 -1404.22895212501453
   54.44564399173399 -1405.00737739380770
   54.31228554519667 -1400.78560046809184
   52.12305461236011 -1401.70145736229438
   53.76408194856243 -1404.77347326692075
   55.80178483250005 -1402.06196962240256
   53.20663163949337 -1396.67228853604706
   55.11530322304100 -1400.22409412731758
   56.46162110101692 -1403.07757585709351
   55.48092914612801 -1398.19179685217000
   55.01345983868717 -1399.35437905460299
   53.98364297818038 -1398.46600963696505
   54.29964662220972 -1401.54322857430157
   53.53406041870462 -1400.27903517833806
   54.23413162616085 -1400.05499064247283
   53.42252518531581 -1400.87277474584107
   50.81366715691791 -1398.46929570973407
   55.69425551433309 -1403.45521223918922
   53.58712264194120 -1408.98959904069534
   58.74200109443304 -1404.53192612119528
   52.81207083216766 -1403.41240096897445
   58.53470299697960 -1405.23473515663272
   61.23900415189220 -1404.41524436348141
   59.95066781179042 -1404.22658318609183
   62.59080101887250 -1403.59919884093233
   62.17587146651758 -1399.51925257544121
   60.72791704143027 -1398.35116878803069
   58.91226883387559 -1401.93767051098803
   58.50119338870553 -1402.35615650817454
   57.13362571129107 -1408.05307261271719
   57.92481287805434 -1400.32338516666891
   55.88411009289203 -1402.78839278316218
   58.42063296164703 -1404.82301171894301
   59.17319321151398 -1404.69143329500844
   56.74040355545654 -1398.38994988985314
   57.96097877660569 -1400.05135398502148
   56.92743226018016 -1403.02465959965889
   58.20702560331249 -1394.72248326773911
   57.13205454458494 -1400.07615154206292
   56.71899251242274 -1398.98724250587043
   59.19537976843131 -1399.37835269478455
   57.96164167923504 -1398.75374660847888
   56.19476395378084 -1405.18216606721171
   56.06061108120534 -1403.44676301091476
   56.67064081981567 -1406.25629993378539
   57.08164704523480 -1402.16744010157686
   57.20352323085071 -1402.22220002427343
   58.22982864483858 -1404.85738455389583
   55.92138051760993 -1406.02110016825327
   57.53706694165270 -1407.93502952870131
   57.48301597671853 -1405.63880858345169
   55.59094477897771 -1411.01020280419675
   54.33532414181682 -1410.15313564628832
   53.55047633879006 -1413.17881092165567
   54.08421819249492 -1413.45429732531215
   55.94121165165367 -1414.13115812522597
   56.13389428826840 -1412.35199303416016
   53.30668662547734 -1408.96082559462479
   55.66573071952190 -1412.80406555191189
   54.41829357991738 -1409.73393832825946
   52.91734595655694 -1407.89942368963375
   54.34768672496712 -1406.49386285854484
   53.15689990324630 -1404.13291013772960
   57.65235784384497 -1406.23124191850729
   57.18528256050809 -1403.19201300028703
   56.83123375147992 -1402.88515871091840
   55.61539861310703 -1401.30506617675678
   55.06100196062651 -1399.58325588735534
   53.92404510592175 -1399.03800398471640
   55.45698904249532 -1398.35084880441377
   56.34837611186722 -1400.49014618376259
   53.54448371900461 -1401.15989900172099
   56.46881339223616 -1401.30690938873386
   56.28324316794752 -1400.68088830010220
   56.39546489031753 -1400.07953001366263
   56.13590611551364 -1400.56189917738880
   56.76448245930003 -1401.26370287454870
   57.52024206143998 -1402.25265526331168
   57.22389430603745 -1399.79236833764776
   55.04635641644823 -1399.57406218538267
   54.19144592227774 -1403.91950942274570
   54.95435428634563 -1401.44935902970769
   53.40257560092169 -1407.76163256233531
   54.00976307168077 -1407.73326797290770
   56.51431559674984 -1404.22394737983655
   55.03288977247910 -1401.80915093089902
   55.60059583316455 -1400.81904551201660
   56.41950802549295 -1399.79654675252914
   54.83286242300497 -1403.44661163488854
   57.67843445642057 -1399.50257443793726
   56.55500080779363 -1399.61561168265462
   54.85008930976270 -1400.13078571104620
   54.25584504479249 -1403.99610845911411
   55.05180230664772 -1406.72885243610199
   50.00667202568347 -1403.67236575024845
   55.36484724113608 -1403.34089976770633
   55.04530339949044 -1401.72562506798545
   53.79073386957032 -1405.82141932656282
   54.74154990588146 -1403.97143355083836
   54.99596245472281 -1404.81629192668584
   54.01783081033231 -1405.97623810381378
   53.29645915767947 -1400.75897745436964
   55.05797274843526 -1401.68011580434563
   54.79698043071573 -1398.75499518183074
   55.18285188747255 -1402.04188299460930
   53.56870852556760 -1405.07730392108215
   54.26068334245999 -1404.66390274805690
   54.19614997785840 -1400.03126866606522
   56.38352101962230 -1406.55697637551225
   56.78195543618894 -1398.50866413402673
   55.57877810782777 -1395.72104062551102
   57.38043433592187 -1396.59642233625118
   58.46666422827656 -1395.85863908743340
   56.15726415317496 -1393.78495893283070
   55.79941627013411 -1396.65205877005610
   54.43181637909313 -1398.54613289774761
   55.12794031723107 -1399.10166337633314
   54.92611290222650 -1402.43721846132939
   55.62308682598286 -1404.80656106794436
   53.68349507585000 -1407.20014526004093
   57.31947936120173 -1408.47214343987639
   56.06686706499600 -1409.10889178141701
   56.78457962251388 -1405.30682022466794
   57.04962943757041 -1409.80031386939072
   53.57472287391693 -1408.32149441989941
   60.76419065753898 -1407.84985136585851
   56.86896673777353 -1403.65456556615527
   60.63773222662424 -1397.88011463612543
   61.37844237738597 -1401.68318788653573
   61.14813869898154 -1403.08091929948932
   61.55789361370995 -1404.50865646313969
   61.47547721438926 -1403.56550291318013
   61.93417300027055 -1400.77628918827554
   65.19264391702509 -1400.39437374678710
   62.19869981669806 -1401.24045000007914
   61.34191824409601 -1399.84105558351507
   60.89144511028895 -1400.73674772548725
   61.52194455203346 -1401.16571314059820
   61.51539537879965 -1401.03567241269297
   61.09667997230266 -1408.29575396077121
   60.97659475719774 -1402.51891860718547
   61.96164989104692 -1410.90036754701441
   62.97773933766894 -1407.54429103435427
   61.53580607640012 -1412.23477715511945
   61.26299502833744 -1410.78975834726407
   60.29405552691380 -1404.87918369888985
   62.55860620858637 -1408.69338600665878
   62.67999907918770 -1417.67740497633281
   62.59204951940161 -1416.20047797567577
   63.79904952400462 -1415.81830473247624
   61.64018056611691 -1410.62698575695845
   58.31596438920146 -1408.71858707925480
   58.74478601825943 -1408.68333822386217
   60.85662762989420 -1411.33221401032415
   60.13893751277527 -1411.15033902886171
   62.40767393870490 -1413.97877701829998
   59.35524499471175 -1413.12646305460498
   60.10150216978706 -1409.61385645972291
   56.92970868105036 -1415.67338820839541
   55.91488030534509 -1413.90869557322458
   55.95963927833079 -1411.45179701844313
   53.54520727453309 -1408.97685330263334
   54.65081745363487 -1405.38692968648388
   55.90154442620452 -1411.30911326028536
   56.37851061718717 -1414.48579308715534
   53.98992142528740 -1410.66618995562999
   53.86016600211617 -1415.15080007129131
   53.92558643527691 -1412.21101117597618
   54.40950864709565 -1414.68098030751389
   56.19525769717471 -1411.04028551051829
   56.17331718868541 -1414.86711636964651
   56.12868241453992 -1413.78232823065241
   55.47762632826370 -1411.72812746019667
   53.92703447014137 -1412.02606731176047
   55.28392958942709 -1409.53446069883398
   55.02350645190916 -1410.41643500934879
   55.19601490725377 -1414.22420210482960
   55.89532707639691 -1411.97470068441726
   55.28732645686158 -1409.80881347530612
   54.77974958289958 -1409.24025280001661
   54.83921787680762 -1407.57877122848299
   54.52477229477841 -1409.73022111634805
   54.71331020280738 -1412.45094777258782
   54.65831579768185 -1419.32240432038407
   56.25642125167644 -1413.49855809002361
   55.05790872302963 -1411.86981576855715
   54.21650184758931 -1409.04201452496204
   52.19495125165852 -1404.84994234679903
   53.40844393320811 -1405.68097470571297
   53.85855833474336 -1408.63104117791454
   56.74747882145741 -1408.45363116865383
   56.58004222025303 -1404.07175906007365
   53.20928373558755 -1405.12700587261497
   57.09307883406239 -1409.32808311011559
   53.03958223834580 -1407.72699264270614
   54.10166970459038 -1410.04057930570798
   53.97314759611690 -1406.65074291695919
   54.19414200358818 -1404.01755574570052
   54.60420352349826 -1402.28677755465833
   56.26217867415572 -1406.03058796041432
   55.57825737971696 -1405.98246167975981
   56.57780483451378 -1409.91226356968332
   59.78676294500891 -1410.74593843061825
   57.93988825849524 -1411.28206050656036
   56.53062686863962 -1404.14003644918580
   59.79685925680150 -1406.25132948506212
   60.25666705394963 -1414.98312664299942
   57.53098083967600 -1412.66760287122338
   58.42756167812811 -1405.51447687672430
   60.02411267243269 -1402.36035096631804
   58.84325169439376 -1401.33754730395867
   58.75989782527408 -1400.59159834868728
   56.93506921511145 -1399.55140969275408
   59.05112871496695 -1402.93479730890795
   55.33462250571974 -1401.22580782860609
   60.49673221446759 -1402.84986477735924
   58.65722251398717 -1402.90317573350376
   56.59935496853638 -1406.34886544376627
   58.99523158522602 -1406.21082322866800
   59.93336119502980 -1402.97319578265751
   54.95321142701359 -1401.55624426849158
   58.70864654146266 -1402.55948658617967
   60.36951959553211 -1402.31494385049200
   59.63450879243803 -1402.18202087065310
   58.84508393816164 -1403.12808625824846
   56.93664167226781 -1398.68147516705562
   56.98163698210188 -1399.10104321981271
   57.64435794695932 -1397.08155487620343
   58.76846313421983 -1404.61555476934268
   57.37491737749949 -1398.78103440041082
   58.31022458162656 -1404.21704987405087
   57.27413538562629 -1403.13405398333907
   56.97698373633951 -1401.23954017668325
   60.57810088025334 -1396.96359332472321
   58.06625176407918 -1392.34751912003571
   56.95530590559900 -1394.88930754089097
   57.71711897944767 -1398.49937847707088
   58.39060279899105 -1398.31025247968569
   55.85192503274923 -1401.27212160465660
   56.26935304447002 -1399.97028988608031
   54.20602405706438 -1396.71260898117566
   55.43205610007521 -1393.29367068418537
   51.39989318521264 -1397.37115580594832
   52.79554426711358 -1392.46516243204815
   54.55071264007739 -1396.87734704001286
   54.90935175434765 -1394.15032438519097
   54.65046811029187 -1396.24457766955197
   56.10661330632549 -1398.34335501240844
   55.22764234127831 -1395.40371953338763
   54.03154903830641 -1398.35922366663863
   52.68870786314000 -1401.57689017640814
   52.31244796711169 -1402.78588238669113
   52.06160603846607 -1401.05948595680002
   53.13780707162080 -1399.13915910656260
   52.21996325191622 -1401.02887993459808
   51.23966579458498 -1397.75532687339683
   52.11409441641667 -1396.66235397968353
   48.99424062943719 -1400.35436548036228
   52.91178628926927 -1401.09928415001264
   54.05817625022480 -1402.37377118714357
   53.29185208349205 -1404.51739752431308
   56.72043199525105 -1402.44927050768320
   55.37636552106959 -1403.91431906707044
   57.69092269833598 -1400.26160377933525
   56.21902500276478 -1395.38406882080972
   56.27324128814268 -1397.67698264747742
   55.46260191736311 -1404.07581137060811
   52.87035965237833 -1397.10013754336433
   56.74725421400366 -1397.29591666199235
   58.32569964382494 -1403.93330621744303
   54.95548689026198 -1396.40871968045826
   54.30133021681370 -1396.22251072294739
   57.87488205800540 -1397.02029291838562
   56.37788847203921 -1393.28006168437673
   56.27691877112920 -1397.91280484773620
   56.32707803805413 -1399.00743828803866
   55.28094861509277 -1397.72277970503546
   56.50959220201118 -1395.44682594651317
   58.40259138043655 -1395.62439344027212
   55.68166561778555 -1398.30048582216045
   54.08186227160232 -1396.86643920269876
   52.76630880012809 -1394.05374815214327
   54.06946949294549 -1397.33625196669527
   56.14218761233665 -1402.83121621449754
   55.68218112707740 -1400.92930759120395
   54.21257502671826 -1400.87598665986775
   55.88566737433237 -1396.66000199407335
   54.32225656263558 -1397.50740542994913
   55.35351149002894 -1396.64404396250620
   55.38293040357658 -1396.96922182432058
   54.60570060384212 -1400.53906997333547
   54.83056920849086 -1404.44079952923653
   55.24669343901459 -1396.41200997569536
   54.41019938554336 -1396.14680281134520
   52.23741493335496 -1392.48976653673503
   53.87982930357256 -1394.57420846713990
   54.43539703731524 -1397.94980350929268
   52.32262088850206 -1397.92976993886077
   53.14085717004965 -1397.58945196598620
   51.54598012646507 -1392.62053918686593
   49.65744688499471 -1388.55007583088445
   51.60621275512180 -1393.35534932748396
   47.69228818041631 -1395.49568415019144
   47.63843062829954 -1396.93085178389015
   50.32218707775042 -1396.19065951608786
   46.26181722264391 -1395.65976141668511
   47.26473563147456 -1391.48829265310974
   48.34277515344883 -1391.22138300168763
   50.22790824009395 -1399.59453862471787
   49.76142645414538 -1400.70253891276479
   51.21034114506933 -1401.45747960859262
   50.84242494083207 -1396.83293454155023
   48.52510945754877 -1397.24056803496342
   51.34774427492319 -1393.57934413852013
   50.02640849283369 -1395.00191897816512
   51.18620997195679 -1395.18025561280297
   50.44344496954776 -1399.74064953810398
   51.09959816794520 -1406.17229750019555
   53.31733884811408 -1409.90878819207956
   51.20570158459689 -1400.11048015757660
   49.70502047845518 -1399.82468242918753
   50.00652373172801 -1403.50710494106147
   49.57934620565479 -1406.72610996042022
   51.72868941948865 -1399.31039626896859
   48.23028787675576 -1399.60475821303498
   47.05671027998101 -1402.61966908624777
   49.35233469638369 -1401.59961191448633
   48.83576930597996 -1400.06775872162871
   47.98124813782257 -1405.32831959082341
   49.49522028955208 -1405.14323690416859
   51.29585372059029 -1398.90278260673972
   48.88770893278900 -1402.01406926680761
   51.38681709532837 -1401.04032961920757
   51.46278165115999 -1402.95122063175950
   50.45907545597250 -1399.38971288403809
   50.50388715693928 -1403.57745514452881
   51.05792541404559 -1405.48447950541004
   48.79145627740965 -1401.05769800237817
   50.29019976127576 -1398.29974949691564
   48.82929198021960 -1402.48552934784334
   49.91868550201022 -1398.60382811797035
   48.38661726621389 -1401.04067314112035
   50.83319833198926 -1396.18424245339475
   51.89152161810078 -1397.25658827825009
   50.33526499332694 -1397.31984335392303
   49.47178530199358 -1398.25534738438137
   49.32772755356409 -1391.75810708648055
   47.36415551326253 -1392.62222473107749
   50.86229043905836 -1393.92230747101303
   49.70869822768559 -1396.67346075667569
   50.48900223715297 -1398.63671615618546
   48.97369562599886 -1394.59407766276354
   49.43668129131693 -1396.60323354227353
   47.31186191484633 -1395.01974270897495
   51.09910688150716 -1400.26918252263022
   50.42287894015684 -1405.52225373540386
   48.71869993772675 -1400.34898279236882
   49.12740998863646 -1401.91685935857186
   48.66330651548448 -1398.99506200035648
   47.49952301523798 -1400.60270629694401
   45.96747965370371 -1408.46067743686444
   47.38550757988904 -1403.36363781780483
   47.81318494180667 -1404.14754948798213
   48.35049856568435 -1399.79090120686556
   45.12641122982051 -1397.26856907335741
   46.86519157118451 -1397.66632727671913
   46.49296407884077 -1395.63437102855801
   49.21118016445602 -1398.83890358100030
   48.76241023195215 -1400.50312220286060
   45.19413736621984 -1395.39300985651766
   46.09374640626306 -1400.05684930462780
   47.78617523838441 -1396.60978180956204
   47.50392438724658 -1393.87024962802957
   48.30574246806088 -1395.90988886006426
   47.77310380396189 -1397.75626066820860
   48.04759106859014 -1392.95925706117146
   49.05533439371005 -1393.65785678443854
   48.63222109779534 -1398.20684540127309
   45.17508442045106 -1399.14358739337831
   49.46209259984597 -1400.53096195281728
   47.91871161212033 -1404.50630248552284
   48.49364873912803 -1401.12033955035622
   48.25831065760426 -1396.57700568136875
   47.04325892299845 -1398.98278183115940
   44.49363071425731 -1403.75227643070002
   49.53592508712654 -1397.75048483426053
   49.13664248270104 -1400.29486285753364
   47.62664556841629 -1400.92965950923644
   44.27709623938162 -1401.07505899744888
   48.46838799204362 -1399.98023856164014
   49.36984041420560 -1398.27849140186640
   49.05163829206533 -1399.37947237199251
   50.22083975104442 -1398.89966679008330
   48.27164239972326 -1397.61934728933647
   48.83814523763986 -1400.79525580211498
   49.02673573789235 -1395.11884490086368
   49.27747701357427 -1394.15250913392128
   46.67050652956367 -1395.03374650088927
   48.73937912486215 -1397.38030070177797
   46.98582062185590 -1397.72885378718820
   46.15023859908443 -1398.33106994808554
   44.44762182361656 -1394.98237013168909
   45.30030529611633 -1396.23978127579653
   46.47575424241868 -1394.16905957565700
   46.88001671150194 -1394.62572985822226
   43.15432621190514 -1397.03065238936983
   47.33707050127418 -1401.70888824626104
   44.49010906204821 -1399.61441835760525
   47.79047963444555 -1395.18603284015285
   45.80651293740272 -1397.63902794299997
   47.77969928785928 -1396.75183581154192
   44.56982992425993 -1396.83597973709902
   46.71752682644358 -1392.05969374738083
   47.49777594809741 -1392.99292747765276
   45.03811616504735 -1398.52224034762821
   46.44934585591614 -1394.82814860554276
   44.22153429246903 -1396.54726822653356
   46.15564744791922 -1396.79279157499559
   46.31798190189411 -1395.75209939470255
   48.65865471622372 -1397.62607410051669
   45.28120076917715 -1396.60445801698302
   43.69750617034862 -1391.99082910375864
   47.02053961331633 -1399.09995422190195
   49.32501986966468 -1400.23914049790073
   47.77570248857284 -1402.92199044343579
   48.97448495337181 -1398.34796700313836
   49.51229957421603 -1403.59463147672932
   50.86824813659534 -1413.68391876518422
   49.03509976802228 -1407.67143453008134
   49.28778786506967 -1408.04339256681055
   49.82621022602435 -1399.71795854938955
   49.99513536797480 -1401.80012932308614
   43.12778225892060 -1402.63851956643043
   48.63469816660032 -1402.89504005064100
   49.49348850070913 -1404.08805832558346
   48.75718979601801 -1403.56968549362500
   47.66782282107508 -1402.87661833782909
   49.69037046063939 -1395.75015464675948
   48.32999237157949 -1397.54078158910556
   51.92171886666937 -1406.47098963606504
   50.71704372451412 -1407.52850603063348
   50.21518917202068 -1403.11423317957133
   49.74718984307617 -1408.69383469491959
   51.29123723635251 -1410.77155151986585
   46.14526743527654 -1405.36075326082278
   51.30179922919866 -1404.94897413329477
   50.16432570992241 -1404.23329193792983
   50.74009675303591 -1402.98890704070482
   46.68248449884989 -1403.90410848572287
   51.07980992511618 -1397.50533648053761
   49.07996735712548 -1400.68797758056326
   49.65827497946921 -1402.09356066712326
   49.44712843841515 -1398.08980605769420
   51.35918118844434 -1401.02040657499742
   50.33145922817783 -1399.87549414565524
   52.65550808026877 -1397.52492745697555
   52.46705645487095 -1398.31878578304531
   52.09639572315540 -1397.48594178131839
   50.50333767192809 -1397.51800640164765
   50.24862448070749 -1400.85913360154041
   48.44690893915337 -1400.86833381717565
   49.00227252352560 -1401.72458844875268
   50.66919337770369 -1401.57060194357473
   48.44078622607496 -1401.68222237183818
   52.58593245829221 -1399.03395435944003
   50.72118816867123 -1399.76067341628777
   51.10896762327945 -1402.13482885282065
   50.07508317282366 -1401.64569434889563
   48.24832305439280 -1399.52084100063689
   50.70715317370951 -1397.35509558890044
   48.08022433062165 -1401.38157876171022
   48.67277753074318 -1402.26248121136200
   47.32030283841573 -1404.17464082978722
   49.16615381782528 -1399.97532432265416
   44.61677484915884 -1405.15349465426380
   50.28247034482726 -1404.36361920475292
   48.81630088102819 -1401.63483253472077
   50.38193710323288 -1397.76614273199084
   51.74468312203953 -1399.19476461228396
   49.56486439610855 -1401.27079230668824
   52.99232118574864 -1401.28251867766426
   53.33998636505530 -1404.07824384117998
   52.33226534947281 -1409.33470693104232
   52.73618319970525 -1407.91125087764703
   51.66273567364615 -1399.79364529976124
   51.15484151901443 -1397.89150829626783
   49.94003460902491 -1402.09496944715238
   49.40170110428141 -1402.69936043582379
   51.07663877797535 -1402.77349000253525
   53.15424549829138 -1403.77263689715687
   51.67093623331983 -1399.87498857825176
   50.94545918502566 -1398.52357261343627
   50.47479486492010 -1402.52067808974948
   50.37320783179137 -1399.77090230288763
   48.59998217022046 -1398.65064181145067
   50.88566763922545 -1398.52253684181528
   51.05370134242801 -1400.58529970064592
   49.56745926805495 -1399.65944389286483
   49.23500295944329 -1400.10434501980899
   48.84665814030392 -1398.53539025622899
   47.68982859374228 -1401.63968470427335
   51.62954106952974 -1401.58376771535836
   51.24537238895768 -1398.28535689631576
   49.40023624079726 -1399.25290540605783
   52.95122216914550 -1393.62716049317783
   50.38674069049496 -1397.52790917607194
   50.60828442162300 -1399.16571997978053
   49.68910623034659 -1402.76137332820235
   50.29771649966667 -1400.88343382420408
   50.83444331800879 -1401.97057852072908
   49.48634999257543 -1402.77635764631555
   51.10041017861024 -1404.71650387906811
   49.13339200542669 -1403.91003069384374
   48.32021300586650 -1397.50891739373742
   49.93506493297286 -1407.24735677838930
   50.08638280887934 -1404.83435302842258
   49.75214723111599 -1402.00544682482450
   50.63789844445145 -1402.30901006337263
   49.00389674607153 -1398.76771474423049
   50.35451373748235 -1399.32066331115993
   48.91755575459783 -1394.14311692193291
   49.65887831154441 -1396.09391261454880
   50.14378016376803 -1391.42138493199832
   43.65382757398474 -1394.01787868886368
   48.90668650103139 -1397.69404759635108
   47.69896426408193 -1393.32932224470255
   45.79506797381680 -1390.58711475212317
   47.17494998318528 -1388.85343104922185
   50.21118683273499 -1389.16220590383364
   47.75396515873640 -1391.28085185879218
   51.96097450196113 -1392.51520513994546
   50.51052550599967 -1393.47684401790116
   49.98962812238285 -1394.57385623830942
   45.38585117222607 -1395.24472164577060
   50.06404506037752 -1395.70147554795699
   48.30243490618891 -1392.89456962287068
   47.76219138439481 -1395.86239327492785
   49.67151467534840 -1389.09366371568763
   49.21430426080862 -1389.52500884895903
   50.65391325761813 -1394.13068626168501
   50.55429051691566 -1391.94530270452378
   48.99257066749605 -1393.16901211736058
   45.54470110044410 -1392.19302240695515
   47.66282703333029 -1393.53608491405771
   49.39178120215612 -1394.73182203874717
   47.77990364815257 -1394.55259735918344
   47.22720958593419 -1395.16150428650644
   45.71369951642912 -1393.73898499221377
   47.38255234929303 -1398.31835141252873
   47.17422811719513 -1397.83656044384020
   45.16125887628471 -1395.99920083425150
   46.70542543833723 -1398.28953992649576
   44.62922705953660 -1402.53108364878699
   42.90804985040455 -1394.91511119640882
   46.00847031516058 -1392.96335374828936
   48.61532156195582 -1393.97501819994159
   47.99468505304947 -1397.25358360406653
   48.42556009056624 -1395.72281186291730
   47.11993481876129 -1393.92041700807090
   45.33882822421264 -1394.54298327872834
   49.13536944355590 -1394.20066626933794
   47.95480783156142 -1401.84336059866155
   48.17035928847719 -1398.62929780204990
   46.57053923240539 -1396.54937624270406
   45.56643824704783 -1399.87149154236954
   48.50944814486758 -1396.93829885941750
   46.86930277928693 -1401.04413871713496
   47.18562051125321 -1402.05601040471402
   51.07795185733818 -1405.39646302442134
   48.00100900134860 -1398.58346897408660
   48.72553608157457 -1402.47510540018766
   51.51372069692656 -1394.53548636819778
   50.13699834083840 -1395.79457288482445
   50.76304318601844 -1397.90666360734963
   49.39294886101767 -1397.56151503437218
   48.57983596763334 -1395.62622994038679
   48.64019772447664 -1395.13860243404861
   50.39273971625501 -1392.11760175962922
   49.16510012609758 -1397.20686125402744
   47.60592921238493 -1393.48816074862179
   48.42088151692921 -1398.05496338019520
   50.24649750416192 -1397.80026333152045
   48.32668890876911 -1398.33599442466948
   50.68221126708515 -1406.74981053904685
   48.71775729511229 -1400.20823401966049
   49.02869780518267 -1400.84228103661872
   50.57353926320767 -1402.65247274953003
   48.73557758279937 -1402.73255899439482
   49.16179248902305 -1401.14398154246260
   48.45516315366316 -1402.79055070957361
   49.92510680074088 -1402.37014615400835
   49.43411361053342 -1394.76998984635907
   49.18608411013716 -1396.92945093186313
   47.56982632432152 -1392.88772166937088
   47.56828034663082 -1389.02203518632268
   50.77801727533339 -1387.79821747898200
   49.09321181538533 -1389.55604996163947
   48.54895361457226 -1392.19111645657699
   46.10818727692894 -1394.18882400202506
   49.95653987818936 -1395.21653946095148
   48.63637368930285 -1399.18993389013531
   48.53937648499564 -1394.45466604440367
   50.86833210020598 -1396.13007695031570
   50.36933902966509 -1402.98134971602917
   50.58381752498359 -1396.54795610171709
   50.78043576497658 -1395.83824507231316
   49.13043514231367 -1396.17387913341418
   49.88022387662895 -1399.01792501467662
   50.33731603199552 -1395.20978564803727
   47.41591327509268 -1392.07522161556199
   46.76015755677987 -1393.64348107275623
   46.68888879130981 -1391.74628305770375
   47.80057898104990 -1390.45534106040327
   47.39255977030640 -1389.22706886658329
   50.64734823370085 -1393.96396513673471
   48.38014240303723 -1393.04111453660107
   50.08923082836818 -1393.86382821609118
   50.21764672913215 -1390.90610459979189
   48.69800909578294 -1391.94147827427514
   47.22292565668518 -1393.40797233062699
   48.58878255206403 -1398.36281198811093
   49.33082046154973 -1394.06851521217914
   46.72079595215965 -1397.60097145802251
   48.92623725646403 -1402.88881760904019
   48.31705148808529 -1398.06064088926246
   47.54864616345743 -1396.67942548178303
   46.65517718770749 -1398.38545537293589
   49.78313534218035 -1395.81767003978030
   47.33958387822170 -1395.89175093387848
   50.77768124026992 -1394.55863794223160
   51.47814061780754 -1395.97750589350790
   49.15888923729153 -1396.66812768901787
   51.63910197467064 -1398.39205924389512
   50.70670948069267 -1398.78099899829340
   52.18052743377149 -1397.61841318879101
   50.25135364595669 -1401.23220461225060
   48.48368081771721 -1392.89778322906159
   48.31416715628385 -1397.18261689533938
   49.51249907410280 -1402.44423629887569
   50.48227941963498 -1399.44354267203494
   48.98035714552584 -1398.83591380826329
   48.56819105339279 -1398.48279767255644
   48.32820905585900 -1395.53791631769900
   46.83933816412438 -1394.26713181694731
   47.50275999798228 -1397.62982242898602
   47.93606264651940 -1392.22866142272755
   47.02028956986742 -1398.11070897316131
   45.37913506579329 -1397.44506208203074
   45.18580888313026 -1410.38573196496714
   44.62524746120215 -1400.65892119283308
   49.46266649823346 -1394.66779452971491
   46.33482815352090 -1393.54692702451484
   45.82063276400952 -1393.42479267868407
   47.64615313255348 -1393.82919315188019
   48.57224716833319 -1397.50702516640922
   45.80594412149483 -1395.89586361412034
   49.01523606982170 -1393.52060467715160
   49.43915427205614 -1398.03118275910356
   49.42107592242802 -1401.88546292305864
   48.50076686760023 -1404.56525677593186
   48.79449558639550 -1403.52498879512723
   48.62850591000429 -1401.72357610628728
   47.84588364524985 -1403.47231014463182
   48.90908099377398 -1397.08482327769661
   48.32585983547757 -1396.14435650978839
   49.45615054250420 -1397.80009845537666
   48.03824653944796 -1399.98133867216575
   46.99231986813439 -1406.50305069553769
   49.02676266430685 -1395.10907905655108
   49.56139665726843 -1396.85165095560751
   47.55540017654180 -1397.28168660340475
   51.17989258124181 -1401.23309671300831
   51.10447106842791 -1398.29130296927110
   50.15192887093696 -1399.99985959995070
   51.60198419607971 -1398.28508971247834
   52.24978881683863 -1396.42643281819164
   51.86439499878666 -1395.82179959691371
   51.87785164139095 -1399.28111352306246
   46.90324254459109 -1395.72769326366165
   51.96165133244936 -1394.63671926510960
   49.24465205892329 -1395.23184870629029
   51.12778031812469 -1396.42773024692451
   51.50138929342647 -1393.20216417811207
   48.42516226285586 -1402.06103262107422
   50.05266657309136 -1398.16746067203917
   50.62831945874183 -1400.67414050831030
   51.51201872971077 -1399.78856017158591
   51.03988416448051 -1399.67532440339323
   50.79097099351374 -1400.22515208683171
   51.47907879551560 -1405.51816751692354
   52.84691515688780 -1402.72131213066496
   52.29467014761602 -1402.92614560729021
   50.28030687491690 -1408.61358537227875
   53.45725810304845 -1402.38516094324041
   51.24030891081696 -1403.03787452438110
   51.35313071050471 -1404.54481495254140
   55.44571079335719 -1405.91593160681305
   52.84198121030926 -1403.26455697778624
   54.02667945338635 -1405.49097398373328
   51.93446835057136 -1407.22492697115172
   52.69022383847356 -1409.36367912731407
   52.02701854854760 -1408.19435610556297
   52.46341683025062 -1402.09239656181148
   51.90871429281071 -1404.92612738265211
   52.63981632241421 -1404.97762723135247
   51.42786567525064 -1408.30390825192717
   52.40131289477299 -1401.50221425352584
   51.05064020078487 -1404.90409871519114
   50.69729147071245 -1405.05707905938038
   50.78473424189194 -1402.92305867094342
   51.64821737098411 -1405.93396158967835
   49.56756270923037 -1403.51492830322604
   48.38656808453344 -1403.26336834136896
   49.01642285102135 -1400.68680956957633
   46.79807235432147 -1400.00949259371191
   48.69358715109475 -1407.76956513715254
   49.08788669607154 -1408.82894729344480
   49.22070916438886 -1405.26417966779263
   49.71502816923636 -1404.83951036853659
   49.73780289791991 -1396.54421632544722
   45.84665582274863 -1401.00275517938348
   47.76113608199807 -1403.10939406083480
   47.69582053047927 -1408.50850042023262
   49.11457148076129 -1400.71032394928943
   49.29287387906854 -1400.64851055544977
   49.38849598920873 -1401.37216411491795
   48.79429520127717 -1400.64756914088935
   48.09151525073447 -1400.39573826881110
   50.49074497922808 -1395.86078360021315
   50.48606794172811 -1400.64399246012636
   50.72879736490918 -1395.41938955875275
   50.16745819959987 -1400.11631588388127
   50.19114437318436 -1395.04512762875493
   47.75210809134428 -1397.88862855811522
   49.49771913847543 -1399.39218538573073
   47.39738554488382 -1399.89253982541914
   48.59158377249392 -1401.69664521046752
   48.13645288739789 -1400.95447729971079
   44.59224761522552 -1399.65145761018789
   46.79245697830416 -1401.20949460825386
   49.89574560390652 -1410.08330861602303
   49.89325383536410 -1404.06131424449859
   47.28263821371439 -1398.44734725248213
   48.01160621413292 -1398.57165029210159
   51.63054579367981 -1399.82775506014787
   51.05673272844707 -1400.78918336552624
   52.41665549204629 -1397.71796973328969
   53.91099765983667 -1401.95839720000345
   54.19844146396483 -1400.85308497009237
   50.84028122099230 -1400.28990086894646
   53.00994039677494 -1401.26516808874862
   52.54160371508026 -1397.58842724700730
   53.36713486944083 -1403.49677983645142
   53.36297786987958 -1402.05171517601048
   51.02109394404444 -1397.31167797619605
   52.95676383442396 -1397.93302061001418
   53.33064951414482 -1399.53586326352774
   52.12625940261950 -1398.98883788177727
   53.59591995971749 -1397.09837880721398
   53.63065000722647 -1398.22354262153317
   56.13164918935765 -1398.77103062459105
   55.15278371360512 -1401.03795743327828
   54.98398322852371 -1398.53104303832765
   53.46985359178595 -1400.69049010868571
   50.42523385162072 -1400.61756559863306
   53.63112389525451 -1395.70337069252855
   52.81743851460072 -1403.56467700856365
   51.61613148860419 -1400.68951010369392
   48.73873319960882 -1402.69243861141058
   49.99806469869370 -1396.45963537669581
   48.44290420060067 -1400.24401717846376
   52.34290479606578 -1398.02173620394638
   50.94970862114300 -1396.88636163386627
   52.61300734952123 -1395.51686855987259
   51.83175988169457 -1394.82419481303168
   53.00173128548821 -1397.32574877093543
   49.88874928215327 -1399.53897165412286
   52.82150728535759 -1402.33783724247360
   50.44021618323206 -1402.83787094697959
   52.43548598510367 -1401.69484537719222
   51.71638842061901 -1406.94815819327573
   50.97641209703090 -1416.14721673016606
   51.11026450478185 -1404.01079729671210
   51.00154715404092 -1404.38245801846665
   51.89562219680045 -1402.69982094761622
   53.05155659933646 -1398.46620745311930
   51.62253082053611 -1400.09231242962323
   52.51631872011134 -1411.79815455995640
   53.59324052540531 -1406.28296079202778
   51.43128020421985 -1400.95096983459280
   49.04196359109351 -1405.21322099282656
   53.96093025789783 -1399.31832197690369
   53.33389931996766 -1400.29282037619282
   52.43138482199888 -1400.66213055016397
   48.73343413887378 -1399.24501740215555
   51.56774310649954 -1402.77419693251863
   50.80736722609411 -1401.02162656882956
   50.96356206900587 -1401.21077935410813
   48.38489123123406 -1404.46033300092517
   41.26469159751706 -1402.00382870696330
   49.14500737066548 -1399.72850018031454
   50.02408162853805 -1401.96970129892293
   47.34416316297582 -1405.27825655566335
   51.81576461867621 -1405.05466160561082
   49.78317541020438 -1402.55530618342732
   48.99614368016536 -1397.50512864294205
   49.46380833768234 -1392.71159671005989
   48.21521131477264 -1392.19463055889901
   49.82523991244527 -1395.19133002258422
   48.58400974003484 -1396.30543812140581
   49.07281571232448 -1401.33427242786388
   47.59470123769583 -1403.62910051237077
   51.64682623566092 -1397.42854668991595
   52.05988924532913 -1392.78506753076135
   51.15262220668068 -1396.32824290983808
   50.68316845224648 -1393.91841098903797
   50.39803859930023 -1398.45758288451862
   49.47740425108771 -1398.36874471905276
   51.00099138046431 -1404.68715846852297
   52.04107736896930 -1399.14996436739557
   51.75747410875849 -1396.53491835883483
   48.25222987156203 -1399.94498691646095
   53.24464669878932 -1400.09710210600747
   55.37111607130868 -1401.60708956335361
   55.00656517062512 -1405.41682838412999
   55.71723523186549 -1400.91934003001597
   56.37587698444883 -1402.87452284157666
   53.24023183062373 -1402.58857124490851
   56.09868554786051 -1409.43208440312128
   49.59672219341369 -1407.87415299381792
   51.52636529913212 -1405.93299776903086
   53.65072537809708 -1406.99008162257905
   54.93293129196059 -1407.29293959039887
   53.99576549065637 -1402.46655949836554
   52.83869577671381 -1407.10889759593192
   51.96730291270217 -1402.70860125587615
   53.39162375012356 -1402.67927660415080
   54.78149647220999 -1404.95432257065841
   55.81166045757701 -1401.02138247281891
   57.59460819239399 -1400.62671682588643
   57.65078892118030 -1398.79364972302415
   55.25134479500912 -1400.49157881123324
   53.72750615337868 -1402.27084252057034
   52.56107574274335 -1408.00039581814849
   54.12201663960020 -1408.40373332028094
   51.08284626679060 -1405.89645910609534
   47.85409256226141 -1405.20096162733671
   51.49916396585633 -1403.34130025396144
   49.52109814644628 -1396.51548200475281
   50.19620730868586 -1394.62115213800121
   51.64237230485669 -1393.52465271632150
   52.12024029546269 -1401.14020751358680
   53.07317566906841 -1394.16769543971486
   50.31565933822372 -1396.33141876492755
   51.52700099474222 -1398.13139915743727
   50.94346442993015 -1401.99593190564087
   51.89287143984455 -1403.44462381772814
   49.71073094774084 -1400.27454421382868
   52.14842133673734 -1397.12552541662853
   49.80119410284152 -1399.32108762179269
   51.07231270637059 -1396.69675180040122
   49.55756816034257 -1398.06773128479540
   51.08303818103750 -1396.54834595189004
   48.16834973568562 -1399.24635482674898
   47.04855347167675 -1394.51583574398569
   49.31261850905071 -1396.78963794501465
   51.23406726530230 -1393.95216266286525
   46.80986023577255 -1395.79041605050702
   44.86744676489276 -1397.87583262129351
   46.04522277457123 -1395.92011060933964
   49.38383691618839 -1394.16121400663405
   48.49366718383198 -1394.65709391935252
   51.22666026451000 -1397.74146082102197
   49.07869113718662 -1403.84564178257142
   48.57439864077914 -1400.05987677756389
   51.29940086175372 -1402.56806774380539
   51.26730882972309 -1407.09704591614468
   52.77642279975444 -1404.75408151336205
   52.46474898025625 -1414.03183155223837
   53.52776094985754 -1415.35586624003417
   54.90401148234050 -1411.71606442788902
   54.27623542332433 -1407.95015998173517
   52.35020957488204 -1413.77538030443225
   53.19388008811954 -1407.29865241824245
   54.74446823548869 -1405.90628959310129
   54.95618892302014 -1406.95077129193010
   56.20737214471497 -1404.24641600577934
   55.76005625765200 -1403.64032743925736
   52.81706692592248 -1407.49846508157998
   50.48258528906926 -1408.39736275163295
   51.78080710870393 -1406.89110589061625
   52.25977750413808 -1406.94606090948082
   52.74488838050387 -1403.98359674127460
   54.34518047028821 -1401.73333551434735
   52.70475955404093 -1403.55131135119382
   56.13215169678897 -1408.09600181752899
   54.79388420276072 -1405.15626332290458
   56.36314658294112 -1408.28090471036012
   54.88656393654428 -1406.73552757923085
   51.67742356171270 -1403.57890119059743
   52.24094894725219 -1395.83969517374271
   53.52452533505615 -1400.97208991343769
   52.89864940745917 -1398.69466171827162
   52.83092404865690 -1400.56426235343406
   53.53302891364213 -1408.11876251723697
   52.67553935697324 -1407.55449821213438
   53.12614504000651 -1404.64760841679890
   51.29981183853258 -1404.69908395591096
   50.74910848480555 -1409.79118034710837
   51.94693464344005 -1401.79272163605697
   53.81983503297361 -1399.53738620180411
   54.10410516850657 -1397.37008150667975
   52.87651320733866 -1397.06992489947402
   50.80390662723995 -1395.68189315312611
   52.16649176142776 -1394.24622546386195
   53.24894167773425 -1399.53274391840660
   55.50997818615065 -1397.04900145240822
   56.97705217777570 -1401.02478185558198
   57.29987940269405 -1402.72749724948494
   57.47413285004691 -1399.18670196252083
   56.52809637232955 -1399.65806077848288
   59.70420819151090 -1401.24913723608506
   56.11194940883370 -1397.94890124903873
   55.54816710138440 -1404.89039584781358
   57.27396789668531 -1401.84177642620330
   55.08725515235369 -1401.80872315544684
   57.67301804926554 -1403.13303374360316
   57.14537299718898 -1407.11278137572822
   60.52215756645769 -1404.65605671250341
   58.41407346315388 -1405.17875291603218
   58.64346763970526 -1410.02608089155933
   57.67060435982744 -1405.69939965613230
   58.09280270678178 -1405.99117974614524
   57.48320001450917 -1407.67702121191428
   59.85332070083230 -1413.88632898870537
   58.67800495245335 -1408.19283805979444
   52.92066928968333 -1403.12812930175119
   54.50260594521482 -1403.56612552615070
   53.37249470375257 -1408.19223747077694
   53.59291784965462 -1400.72217949907076
   50.72992959018755 -1403.31522461169425
   53.97469330521849 -1404.30863431857642
   52.93628551102288 -1403.76282105698829
   53.27740435997480 -1408.70463886332004
   55.00878300592436 -1407.71249855217434
   52.47081779544826 -1405.62555058654084
   52.91781810901431 -1402.19464801182903
   51.17433825520181 -1405.49798243784539
   48.39394109645770 -1403.99818826103478
   51.10970193880498 -1406.98494956961940
   53.94417149773383 -1403.72283681594968
   51.02347313939885 -1404.24983304109037
   53.63554330040125 -1408.71331855334051
   52.28172728432280 -1406.59179664647672
   52.05933889668457 -1413.16809242408863
   52.69802474670958 -1412.65435776806794
   55.51833114668731 -1414.81697638837659
   54.59457317948922 -1411.46983159930323
   55.82029727917144 -1411.16593387860030
   52.88060789278645 -1412.70592570401550
   53.71304823199632 -1409.35153966677467
   54.49571471972163 -1405.94210067286508
   53.36514908040356 -1407.85262038269320
   53.25601243704462 -1407.01751987798366
   52.89385259882658 -1402.73147017225619
   54.47867872085110 -1404.32245077247808
   56.98102768009919 -1407.74676833655508
   58.09183925353212 -1406.00580320008817
   59.45177925412634 -1411.10834452774384
   60.15985292130076 -1408.28662836183935
   61.53249194828790 -1410.82662458178311
   58.73445799308508 -1407.00518499016607
   55.78752123665388 -1401.35352136226447
   60.34680909583852 -1400.73423487826153
   60.35545248037716 -1400.96346586760387
   61.49986276832277 -1408.25872481122883
   62.42437848429595 -1406.43023512920558
   59.21806465078591 -1404.65657214750740
   58.33520198116015 -1406.08566906053625
   56.91602234614040 -1401.25553328882984
   55.95141159608594 -1402.52898220027282
   58.59284440733232 -1403.69203468555543
   54.85722452969696 -1402.86454739412284
   57.55552131711388 -1401.51660021688281
   51.62185862251787 -1403.69542202176376
   52.59321937561766 -1402.00467842153921
   56.04766389790746 -1409.00496502120700
   56.45793568436253 -1407.28406727188190
   55.75572432800455 -1403.09361132279901
   53.98542567825373 -1407.56365704195878
   55.73280928931521 -1405.25496973456075
   57.51860684436122 -1401.80649050970146
   57.69061577118789 -1401.45691897241022
   57.91669512809136 -1401.48435665173338
   57.45531568977360 -1404.41084917151784
   59.47754940227642 -1410.09606940329081
   57.98056675599360 -1409.01842676493629
   57.08199388756238 -1407.26811409113111
   51.72752743909470 -1404.93889119673349
   55.92055552325593 -1405.33120342265715
   55.99700006614051 -1402.18201981702373
   55.26510155632779 -1400.17596864559141
   54.73162078758438 -1397.51182219981956
   55.36055635072185 -1402.88804776859706
   55.49956062498674 -1401.34972462694009
   54.90528985008896 -1403.20089749929593
   53.81803246489673 -1403.63466212986077
   52.23072385372844 -1398.52724557038005
   50.67918890475897 -1401.73130406007817
   51.31584145651910 -1404.48884347681997
   51.59227500996069 -1408.94272860534215
   47.99499184548792 -1408.63136274254998
   50.90839152862906 -1407.67286943825638
   51.33668926144414 -1406.82225619841984
   49.59833398755740 -1404.83394512818927
   48.40026392065472 -1400.78690135111424
   47.30027133390173 -1397.43345810321830
   46.73519883155102 -1400.03162021073308
   46.15933196781912 -1399.31866432189986
   43.99565303946984 -1399.84444075143779
   46.95414098144666 -1398.65492058624386
   45.63134581155085 -1397.66621722146897
   45.20559495688976 -1400.72302070947580
   45.57291063828289 -1398.53898660919981
   48.36533530517073 -1401.76856430089151
   48.84717607428341 -1400.18714863034529
   51.81836383260502 -1401.38341996830422
   49.46609160488278 -1410.64239709082767
   50.44475753993598 -1418.97606461997930
   50.93873567132417 -1410.12044936024313
   49.79068903718388 -1410.37727525770742
   48.65751266731019 -1407.05542898073463
   46.59866459227100 -1403.09800244374469
   46.09294286849223 -1400.31470907252083
   47.12591537634341 -1401.65925668549676
   49.14634067168426 -1403.59848873082365
   47.16112721639327 -1405.10562307508849
   44.91418240031014 -1397.78467266891084
   47.79750307566012 -1391.08974527786677
   46.94145007276414 -1395.75307592172180
   47.26193803631026 -1401.46876340461608
   50.45320689495710 -1400.33763849786146
   47.32724940383100 -1400.03643641222766
   48.47665328992865 -1403.71614084707085
   48.32998246368447 -1401.76840131592121
   50.30008557238192 -1398.39626746939985
   49.48575546411209 -1398.51952886077584
   49.28903413523385 -1400.62560362971158
   50.14347275896409 -1402.36846108726922
   49.21597079003942 -1404.08787749912358
   46.75084260070462 -1397.53090424911170
   52.14352832266735 -1394.84342741707064
   50.84924937462289 -1399.86166830470120
   49.31134275008718 -1403.47088557532811
   48.20315591050247 -1402.38070612492015
   46.99227866957971 -1396.36049976938921
   50.74780553758236 -1406.89628783235798
   49.61776837343372 -1407.15231931484641
   51.16562152200325 -1397.85608198452928
   53.62476837364384 -1393.82563447754592
   50.82499875078063 -1394.63091942133588
   52.91000041652578 -1397.42692809130199
   50.25400913209300 -1399.94118833713947
   49.54279423219060 -1401.13873288212039
   50.53540855940377 -1401.85408954715285
   50.42442283509847 -1395.50991278839388
   49.42862942183833 -1401.03867873127319
   48.53618576945107 -1395.99137632795873
   50.38594997038270 -1401.12125398691910
   49.34602382464523 -1402.39645026252765
   47.96777191406139 -1395.32642330679437
   46.39599090986074 -1397.85348079575851
   48.16938768667609 -1403.17459638673768
   49.72350865277979 -1400.66461565727468
   48.44608763825752 -1401.82299613291821
   49.79488121622844 -1405.19509840600836
   51.90580519389178 -1399.21061638348169
   50.32129541364300 -1395.47367381262097
   49.73007766048773 -1396.98576190655899
   50.03114699817362 -1400.15718298634897
   50.68014783388367 -1398.97814716937114
   50.56782041767232 -1399.42931927346172
   47.84400821751576 -1399.33794987098236
   49.38132117518791 -1400.17510076987855
   49.31020865455700 -1393.80630535949763
   48.50641874025383 -1402.29678796938310
   46.58862573907001 -1398.46209479663071
   50.18265401789750 -1399.33423328687377
   48.98549515584718 -1395.04680639050071
   50.12804258944009 -1395.20130666638693
   49.69719861565255 -1399.62194280027279
   50.31186314505113 -1396.07196734670106
   50.48140473026343 -1396.80569880829444
   51.24996801810025 -1397.45287288516874
   48.67881220380139 -1399.20453979749982
   50.46519938177917 -1398.48179800319167
   49.26649621942475 -1397.80323639155472
   49.09990898240375 -1402.63769649732376
   47.25765839463468 -1396.43088155223131
   48.65422705828885 -1397.81197278340414
   50.42284237471392 -1394.90808120487281
   45.86383927499698 -1396.10279433089272
   49.81202515656648 -1394.57860527602406
   49.93523559252156 -1396.27619021690202
   48.34990750254460 -1397.50409292784752
   49.49500131008720 -1400.68510336428949
   49.43469742471301 -1396.69982070446713
   50.19734291279448 -1394.32189198860533
   52.53921458182328 -1393.92683834333457
   48.80421663757342 -1399.63624281243779
   52.09827532632542 -1400.33424672699175
   51.23521169339983 -1402.21089802023403
   51.33543541628273 -1403.57318208255651
   50.95352867303399 -1401.56932320190640
   47.86579201305905 -1398.40969580706928
   49.11771643981467 -1398.43940801828558
   52.14860601404923 -1406.08109767551286
   52.39808318397404 -1407.11264711459762
   51.40389087214266 -1395.53393115325889
   48.69852379363814 -1398.08230132518702
   46.37532848205381 -1398.92019669584647
   47.96824860364447 -1398.69615433193667
   50.05538085739467 -1398.52743799552468
   47.57170448871115 -1397.47059205146388
   44.24751518525871 -1398.54430665802556
   48.62117804715937 -1400.85573663588502
   47.89585808783961 -1400.09825749288279
   49.80245101670698 -1397.95738780866918
   49.31741235227000 -1403.30086041622258
   51.10334987526885 -1397.45364354077788
   47.24287578341369 -1394.51317584823232
   47.80308313641578 -1391.16103269036739
   45.56248667655623 -1400.42443458044113
   47.86348242700915 -1398.35589729840126
   49.12119815108849 -1394.39450007923710
   49.40851195373123 -1396.65316651181115
   48.61287481108332 -1404.15120268428313
   50.19847560840601 -1401.03707940013123
   50.00195782979942 -1403.28579735976336
   52.05596859509778 -1400.09891743389494
   52.42640178418568 -1396.12000161954052
   50.42239475881981 -1396.14946896148513
   51.34101511300743 -1392.90157801447390
   50.04070324724392 -1400.76570427670003
   50.48246737960115 -1397.67470104703239
   49.54620540434153 -1401.77570038865770
   49.79504720526235 -1402.97286485136829
   52.39412130040264 -1405.67647523271080
   51.97588914583316 -1405.39882635195249
   51.18458746261615 -1405.20963901443702
   53.01837976868583 -1398.83230312748719
   47.56122034869606 -1407.42872909654693
   52.89936738696002 -1401.53772214441096
   50.89938549908322 -1403.68935179117216
   51.29856655069669 -1402.84957865509114
   48.94548434673218 -1402.92433261313749
   48.39446652122870 -1403.11118738814116
   49.09244671511279 -1408.91877834934121
   50.75992369947367 -1408.30970484685326
   49.59303478413811 -1406.39239672037525
   50.20396922159657 -1406.29448022307315
   50.79192242172343 -1398.14627415848963
   49.10608097020950 -1405.21904497077117
   52.37695956773128 -1406.08034722014827
   49.54924142679775 -1403.35232480315722
   48.72195875144863 -1397.02976810747464
   50.95259274205065 -1399.50028805476654
   48.40728044979890 -1397.62658648410024
   46.32110428230892 -1397.99931314312357
   48.43290838365775 -1403.95101742771749
   50.34405842114838 -1400.57924782897157
   48.59547092602089 -1399.89064663035788
   49.93031601592355 -1398.18537366905684
   49.10675243834753 -1407.54060489275571
   49.27637715506868 -1393.81888452354178
   48.58320399963876 -1397.36091384030578
   46.23594493998531 -1398.74160338133106
   48.41719993314490 -1397.92215938660115
   48.06697561868310 -1395.89894139227226
   45.31151829998007 -1395.11872983176090
   50.59700794922195 -1398.08438603941886
   47.64274680617591 -1397.59247807849715
   46.50918700458487 -1397.15683428425609
   46.83795820756467 -1398.01798525104346
   49.26248687122072 -1399.70530267952927
   50.25983327885728 -1402.29497760314598
   50.20880812196740 -1403.80171447751445
   52.38814493215753 -1407.07122735536836
   53.12313200854875 -1406.86347111989016
   55.08963628839412 -1404.08165726627317
   52.22261940664637 -1398.83152236896308
   53.36872827208324 -1401.53498511491352
   52.23584931839987 -1400.45117410760895
   52.82760332110447 -1398.47164936139961
   53.44656821173550 -1401.02174148266613
   53.40778269466452 -1402.78469956878803
   52.53983104450847 -1403.35519599460986
   54.49081923713599 -1400.53477983158723
   53.71428308896496 -1397.67916522493374
   50.10303944691301 -1403.28540283258735
   51.32650233965700 -1400.88683669338729
   52.40568107402629 -1403.29941968018943
   52.07462885101950 -1407.66564820748022
   54.78384978082266 -1403.44769636571232
   53.18929232661135 -1400.96970366379287
   52.29629464141844 -1400.63801720948663
   50.70000790810724 -1398.46052569334074
   52.48579733474647 -1394.91953136385519
   52.38435337888219 -1394.87744959623137
   48.22341334461884 -1396.73925857829067
   51.90001404946113 -1395.97354624485888
   49.07050119685947 -1396.18933625068485
   50.51233380506658 -1398.24269214250080
   48.69461653623262 -1402.05949939339234
   48.74319158252534 -1407.39928114801091
   48.00987567307899 -1394.51273404246172
   48.58358957719039 -1397.29443271790956
   46.99339499343370 -1398.61108252894428
   47.43857029459463 -1402.12603320642324
   46.32903248688008 -1397.18104856264335
   46.94823301743754 -1397.36352543395219
   45.04628026745863 -1398.90270918934448
   43.39861389225586 -1402.58286255765029
   47.84472672258839 -1397.30826567813733
   44.99195762070531 -1404.19495061542102
   47.57091821106332 -1396.21785009663995
   45.66884855274342 -1394.55669200366424
   45.02920962751516 -1397.70353956438794
   45.87109134285560 -1399.17022204705154
   49.08001242233929 -1397.77416859153641
   49.41847128254992 -1397.64025347137067
   48.69707241682337 -1399.62010395533775
   47.62866866374755 -1394.88962639692386
   46.01543627184416 -1395.64512488389119
   50.31427753678251 -1399.77557884441103
   44.42311923108161 -1397.74986117756271
   45.89952641265114 -1394.46696767426442
   49.45743278721618 -1391.22765429517699
   48.93819667739147 -1389.74259461154770
   48.93998463461005 -1396.90829773618270
   48.34648550564935 -1398.64840456068805
   45.82723005775580 -1401.06213216673632
   47.33705011735660 -1395.07738087626126
   47.62342616243416 -1400.20541638909185
   45.82826459904224 -1398.08248853093892
   48.26073372880737 -1396.53085665865410
   48.37891761357770 -1393.39130231786271
   47.84643820314200 -1392.06541723973214
   44.01438398099300 -1392.79182447569360
   46.55410654539623 -1395.18641515122977
   48.16525640731436 -1395.16499182605116
   46.33736392175214 -1396.24317526094774
   48.02458184067300 -1394.79902651250836
   43.85168804516084 -1392.84187247374211
   49.24122278219609 -1393.24811363129152
   47.79422577643744 -1396.88231028503651
   44.05789346037634 -1398.87043497809327
   46.49840078167691 -1397.00461016462532
   45.55775642585773 -1399.10741897438538
   46.91210194370275 -1401.33346828222852
   45.45362767205607 -1403.76122275154353
   45.15726823152234 -1400.57123562253264
   49.40399526567394 -1402.23483161825220
   47.62072126621655 -1404.64169751484883
   49.39181825802399 -1405.77691955502110
   48.44759553296678 -1405.14215180503675
   47.30945252461744 -1397.40995836197794
   47.89804699156252 -1400.29437607026080
   48.20176493724945 -1398.47967478907276
   48.82353851582435 -1399.02511247710549
   49.25122282816779 -1400.49728807336510
   47.61013837425070 -1405.19773677643070
   49.23006273716898 -1400.14738182974065
   51.16216100552180 -1401.76250370957496
   49.25304110926316 -1409.82852699454679
   49.77694059167987 -1404.94426889037345
   53.88303667064100 -1407.26609693919386
   50.07158246733749 -1405.68738380769605
   51.60990574967275 -1411.37348108010178
   48.88146247235851 -1409.69059328691674
   50.32311055884038 -1408.87167988654278
   50.93982294661372 -1407.43873362386353
   50.26479249342641 -1406.66569418360132
   49.67743805546280 -1406.35815198674118
   49.60629805491700 -1405.22974190798732
   51.00711041358188 -1404.92328709484218
   52.37854467955966 -1406.73472599170555
   49.48355021160930 -1405.91582878434224
   53.54507374691573 -1403.10615267600633
   50.51564902073662 -1405.49644092647804
   50.79322935661589 -1402.22507600476274
   49.32828991945668 -1400.14963185487090
   49.21156428098268 -1401.64340601900381
   49.54320852699237 -1395.25326994699003
   49.85471001325987 -1404.06261256848052
   49.64480442557526 -1396.76173393040222
   50.03324493031805 -1399.25873625529312
   49.65462016635988 -1392.73340634692272
   45.80965948660708 -1394.50472693529173
   51.94244472934984 -1394.38167227577605
   50.88497487351868 -1392.93463502694431
   49.14365303066690 -1396.14450083525412
   49.91680469534879 -1394.76621955485757
   49.17832181222460 -1397.11308467140134
   47.99230250319770 -1397.51198386894976
   46.22032308896600 -1397.53934946505183
   47.96971341816793 -1397.17063698230345
   50.41981150977349 -1395.12362210842457
   50.26436052206411 -1394.31585487312395
   51.16364263720717 -1395.58021864714920
   50.36750293760351 -1395.12856121004393
   49.00300928316776 -1396.29051360400877
   49.15349648247761 -1394.79887210896504
   49.54345105028470 -1398.25857238260755
   47.80485409427661 -1397.75929713273649
   48.05796838944464 -1396.46314877767509
   47.57882627983594 -1399.03734660974510
   50.45470313357335 -1394.72721657298621
   48.69293440914767 -1394.66678377954418
   46.74507930738766 -1394.70848820044625
   49.89507249913167 -1398.81592649055347
   51.07335853968108 -1396.86080858651030
   49.20878320140183 -1398.80338373229256
   49.45059993497814 -1405.19187184191287
   50.60874906456641 -1401.75111020565328
   51.08490880356052 -1398.06501479286635
   49.30662980431195 -1398.83918472997379
   48.86379843774001 -1395.23486005228528
   46.14676471400310 -1397.78086351802312
   50.49857879538788 -1400.03452855816181
   49.48413171019590 -1398.84609567429766
   45.55937355311794 -1398.58222316991260
   46.37018962587869 -1397.53437965103808
   47.75563560890237 -1396.79750259779098
   46.22871423413433 -1395.70918180356853
   47.39835298179697 -1401.45860540414833
   49.21131103201864 -1403.17516015662932
   49.49563550551510 -1395.38908538858050
   47.86837414021146 -1393.27370370416679
   47.20167231087311 -1392.30809409737526
   45.98209269758519 -1395.61718761521456
   47.48020610887715 -1393.80775144662880
   47.04765861391292 -1391.57742650747059
   46.01342910067905 -1393.29713106889835
   46.14471879528715 -1392.50835638365334
   43.77216224213776 -1393.03648324025289
   46.43528649185095 -1394.13640562884825
   47.26899320418252 -1397.38353822873955
   47.47444065927775 -1396.30369290758586
   47.40567835133047 -1392.46337704657708
   44.31029356174738 -1396.35299090832723
   48.22512905963355 -1396.99322089957968
   47.71162218204980 -1396.50319338784516
   44.34501917518806 -1394.11848759663030
   46.57938431383710 -1396.82270296361253
   43.46988826689345 -1393.26172363391288
   46.11226053013809 -1393.09487159044056
   44.63332665141147 -1390.86652007869907
   46.95218627023515 -1395.24048858796345
   46.63801801675460 -1395.16451551914588
   46.44813567269289 -1398.47516472074767
   47.90716854952935 -1390.21676370983528
   46.81131383629413 -1397.70235119327981
   45.13091248124130 -1400.97313502181146
   45.49528003994438 -1397.00542590467603
   46.29312643719631 -1396.28995400161125
   45.44557724112207 -1394.58431356422466
   48.74151483973731 -1394.36999425246290
   46.94264463705778 -1395.89457440891942
   45.06987452631721 -1396.76113319836827
   47.00395966809330 -1390.27808229947209
   47.26856457591362 -1393.64329023952632
   47.70529110111542 -1393.41192713637611
   48.65367361027621 -1398.41367603533376
   46.69440006517495 -1399.29353114375294
   48.53073655529837 -1395.18495105744614
   49.16933127075909 -1398.99335904927966
   49.06860451746476 -1404.21588274656574
   48.17399626842099 -1401.98036253313603
   49.19948537409023 -1404.13102575281232
   49.48740864671031 -1402.83167199412969
   49.69877585900486 -1400.21328871421997
   50.36629647317334 -1397.15938647875168
   51.89388035355854 -1398.27371338764033
   50.00904697527469 -1397.72775727381850
   53.51129174790936 -1402.08778641523077
   53.17673171598802 -1399.36162985103033
   51.63894039714038 -1403.31616515243559
   51.84889788948146 -1398.47298643176282
   51.91644420127881 -1398.16744576720339
   51.76831800252891 -1403.07246687065822
   50.85666134228261 -1399.83464435106725
   49.97076447581285 -1394.91263112263891
   48.50831425108798 -1399.28761906604200
   53.07933799346230 -1401.71650902779129
   52.44435859528037 -1398.36773307498743
   46.28135115433779 -1399.54766485371283
   50.21024725993114 -1402.91260804039985
   50.62385928582599 -1398.83528676971287
   50.27537120520867 -1401.01128793675571
   49.68675470977041 -1402.77962597586270
   50.14259454687968 -1404.38875234305192
   48.01012081502212 -1407.29334903871654
   47.66853599491483 -1406.48907685179051
   48.78758718185247 -1408.20971412815175
   50.56175833968265 -1411.73746155761478
   46.41937731079641 -1413.76392858762279
   48.15729411098425 -1413.88714062705412
   48.59716051372914 -1413.56015410101577
   44.34961121951164 -1413.87474044839519
   49.64891870495636 -1412.91452031020981
   48.73671246849512 -1412.32426343771522
   48.94308713692352 -1414.86719634720703
   50.49719975434178 -1408.34746316498604
   49.61603496322350 -1408.66616785761926
   49.92854601976304 -1408.86458703339849
   51.44865097515707 -1409.23738752704253
   48.61746493028948 -1407.09608489850211
   48.93811144719292 -1408.77628004037979
   50.76029811997400 -1405.60522594711779
   51.11981444608916 -1404.31563662036729
   50.70694659089298 -1400.42957560851687
   49.48355933383112 -1400.41483004108841
   49.18730319676934 -1401.01074903324275
   49.23657496362731 -1402.22263994869127
   49.30570019169140 -1398.05270515723532
   50.48923962033602 -1399.11681000598060
   49.47490252335142 -1398.21701998800108
   47.33843548411620 -1401.19248462318342
   48.97560126564338 -1403.01108886303928
   49.56948348669155 -1395.71414355342199
   48.03705831754616 -1392.75019184708503
   45.65652966431210 -1394.92856177667932
   42.97782348768484 -1395.65756500463385
   46.90999264408047 -1395.09289966278220
   48.87344535853642 -1396.64940652994756
   47.85490141363990 -1396.49239535879542
   48.04748010334477 -1396.38122137408573
   47.80243924656315 -1395.60897681708593
   48.17420390492544 -1402.43740174956292
   49.06061373669115 -1396.14246972933279
   48.67792676022876 -1393.92631751465933
   48.54147808800138 -1395.76177560129508
   47.65780159122627 -1400.53853586315154
   49.42196461077204 -1393.48741140554966
   47.95638585341580 -1399.57968003085534
   47.42344688857134 -1398.01010111014898
   47.27838601835084 -1392.94499162553643
   47.77555519512167 -1392.40316782503373
   45.96276491790855 -1396.39779904766647
   46.13082392017780 -1394.72670319198278
   44.64667869174946 -1392.26932572722535
   46.43582690449961 -1391.21611666262902
   49.62248864792845 -1392.96668504977197
   48.25092743707928 -1391.97406367321628
   47.67749134819533 -1395.85111519818588
   49.53686210062352 -1393.68860964442570
   46.75075546278550 -1389.78697793995025
   50.05330441842959 -1390.76486944326166
   49.24496350497419 -1394.95957581554694
   46.31979762785085 -1397.50857813344669
   48.25296836657579 -1392.39172177427986
   48.63478190141528 -1395.30635799037532
   45.39981723200916 -1393.80311372435494
   46.92612364128190 -1395.28244951866191
   40.86750831815193 -1393.32363470140126
   47.81870741108784 -1402.20880934467141
   42.40939026251493 -1400.78350772884596
   46.56487200529042 -1399.63472763041068
   46.56924435522543 -1394.93100935117104
   46.28279147895918 -1394.22777956589289
   48.83775346077091 -1393.73565710152548
   44.49553663028542 -1391.55197413469796
   47.34960199723048 -1392.47193752603266
   47.09677708614046 -1394.04314711223401
   48.26939435389510 -1393.55787306513434
   47.50424575453597 -1396.17996472670256
   46.98675908782729 -1396.77486938008678
   47.33376853607817 -1398.63937372048963
   47.71467797639602 -1399.15076222202219
   48.08458439801734 -1395.05644868715376
   45.67035817954000 -1401.14890592547863
   47.04589301605859 -1399.54566175288778
   47.60449305681487 -1397.46300815626955
   46.12694035656835 -1398.90808636790325
   47.78921872932690 -1397.96259748066814
   48.96435862505383 -1395.47418371929280
   48.70346653012373 -1396.80448772358295
   48.97823681251111 -1394.84273207722595
   50.11134746393161 -1393.42849210883128
   48.52378757230718 -1397.78035204913681
   47.08995005354506 -1404.75716104945650
   48.06726830524709 -1392.13407855720561
   48.29175312288902 -1391.61790682504625
   42.51564994305133 -1398.48179070975584
   47.76747658571416 -1396.89746657442424
   45.94892250589803 -1393.67548990725027
   47.85300382940789 -1399.32346085103563
   49.55837577056928 -1399.07133151635912
   46.98452924638772 -1397.98151487144696
   47.79275678476360 -1396.78213649941904
   46.30943108903017 -1397.81253440856540
   47.98860510640775 -1405.67102047215189
   47.64987971585716 -1401.14106049449583
   45.20509996018024 -1395.83206939300430
   46.05176315460915 -1400.01641642884761
   45.72026696226340 -1396.62652819514437
   46.42193869566507 -1398.19639899342383
   46.10304627720976 -1396.17460576636540
   47.96630676912038 -1396.16376110620968
   45.12215255427600 -1397.14479258131360
   50.49483484227361 -1398.29218481485896
   48.67212900781212 -1397.58094370098183
   50.63999030083870 -1396.93927471557299
   49.99672049001021 -1399.68700739195310
   47.12034530094132 -1400.90944570401575
   46.56469192049946 -1402.77418079991435
   45.64532326024703 -1399.27638639759766
   46.49944550937052 -1398.55833282212348
   45.65125832872500 -1398.51656084813749
   48.57671882029177 -1398.17167120492968
   48.55992684819863 -1397.93655289377739
   46.82010843029959 -1399.93349095181225
   48.19522426755826 -1394.41065474784205
   47.95671285664317 -1395.02130004076571
   46.60904371164065 -1400.87807367062396
   45.76477892470500 -1397.95094353647687
   47.93455289867121 -1402.33791161874228
   50.69757192128382 -1400.72718692690319
   49.92872937519788 -1402.84045697346778
   47.97495693288751 -1401.71458916853953
   47.70733975487891 -1404.42829367794548
   50.27892093750288 -1406.26258485531639
   47.38408464290526 -1407.44020010913027
   49.47570251750000 -1405.99227377824923
   47.49490398532091 -1405.43918553183585
   47.58001511679264 -1403.66309599738679
   47.17459492289172 -1404.50224175121389
   46.15567439878090 -1403.59204887432065
   44.60019489249397 -1406.13767890450026
   46.05900200335470 -1397.44815199354548
   45.16573343470871 -1400.44330378048608
   48.39328948830674 -1400.63509756905364
   46.04412021954705 -1400.82291209210030
   43.63685699985707 -1404.53685501991617
   46.82026326180488 -1402.67319647922932
   46.32922864620815 -1398.18012612981852
   47.09903387191450 -1401.65660678304107
   47.03145558135894 -1397.96946992615472
   45.24538129461898 -1399.10647948929000
   45.13712750357423 -1400.84973977599066
   46.86029622704763 -1398.74710506366887
   46.94238377244924 -1398.11215756253409
   47.53195563644339 -1397.73239971707790
   44.99510219184594 -1402.30308999409954
   47.81285495171056 -1403.58873458902099
   49.28340206705647 -1403.65911713549485
   45.81384290226872 -1402.58921380485049
   48.28075907206912 -1403.66401361477733
   45.66536345865217 -1400.66698804483713
   48.81869372810444 -1403.12071572023660
   50.48861531502776 -1397.01803158708140
   48.49548002872984 -1398.76366006460421
   46.14421174157063 -1398.87608424032965
   48.18256121246560 -1397.37373788362152
   46.50215713276999 -1396.16131183169819
   48.15816080454820 -1397.47060430525039
   44.77058153877754 -1394.11135230386026
   48.15896716458836 -1394.19215754094216
   49.42391623063801 -1394.60729230655738
   48.49433913726415 -1398.90473002589670
   48.90092877092182 -1400.56803104641585
   44.85879084338219 -1399.68181869754426
   49.60813177927334 -1398.24411536270259
   47.67972369318228 -1398.54174103141827
   49.05699090163893 -1399.92719654367033
   50.12457921272036 -1399.30425454925557
   50.30796798390143 -1402.76324365542041
   48.83822129475512 -1404.80026343808254
   49.01978788865029 -1403.55993266143605
   47.98569923831165 -1401.33185921777908
   50.33662119824395 -1402.51573415384996
   48.15938444373538 -1398.95278006542230
   48.90115943566017 -1399.22373341468460
   48.40473445168121 -1402.36466168980269
   49.97556103825762 -1398.60783514352147
   51.55945975261789 -1401.47430945266160
   51.23670027922603 -1407.00771478088564
   50.59234076014192 -1414.58972024637001
   49.19031242386293 -1403.96415331809521
   49.63582628061284 -1411.19363848787157
   46.48442555545079 -1409.94584087405906
   47.73074983277370 -1409.41991998450158
   42.56055336262133 -1404.52513355545534
   49.31045097623219 -1397.82398345921069
   47.79369848235422 -1398.64079748205063
   49.26998508931286 -1399.61819070797696
   44.88570089115282 -1398.29960301167466
   49.87572794435481 -1399.45842587120092
   49.55324564329801 -1398.05432023571780
   48.94002908551753 -1395.13040356877946
   47.48093259582537 -1396.34389149609729
   45.83841020014983 -1405.73209912816151
   47.64169598104442 -1404.23275306959977
   49.10851025627653 -1407.14445657566944
   45.75677412638433 -1399.76593468355509
   45.76335106190989 -1397.17019618924883
   47.55440605161300 -1397.17897962292545
   48.98469631196160 -1394.50819909973916
   48.68974853135131 -1396.10671917086802
   48.87352368655001 -1397.00345776345785
   46.22542450160020 -1397.23036880862810
   47.24063527425383 -1397.78800003118636
   46.66926082684595 -1402.88822700474020
   44.01292304273759 -1398.58401113727996
   47.35917720341322 -1408.30442409163220
   47.87998225046736 -1403.32028104912547
   46.67013972324277 -1412.02964235163745
   46.84412443974299 -1398.00216530816988
   46.96416491965812 -1404.63972714739066
   48.38566760958041 -1407.68439726494125
   46.12498593184248 -1402.70181699983550
   42.75864394430044 -1398.02593117906213
   45.93746068789370 -1401.19090419336817
   43.99538381330563 -1396.60242355418086
   46.40579962324958 -1394.22142477244324
   43.71564217964626 -1399.40772440999194
   46.73703055287336 -1399.27980729447063
   45.60151087935036 -1400.85857683497443
   45.16821230030041 -1398.42013181201310
   44.47377061647688 -1393.99786957551214
   43.51573827375995 -1397.08248064006534
   45.19156058509417 -1398.50447436343075
   42.97060097267044 -1401.38380398822392
   44.87725049652572 -1397.95814768766468
   44.49078184543861 -1399.88222191592831
   42.87527410520428 -1395.39105886878679
   47.84906980499759 -1397.42417213519775
   46.63424359635583 -1399.03974542969240
   48.22408176088166 -1403.46362331295950
   47.47988264478174 -1403.79782196921815
   47.15915406486184 -1404.89681944950621
   49.72587991756014 -1405.03991846112876
   49.27815784273457 -1407.93293269325886
   48.62675501614341 -1404.11889532162263
   45.14379877063367 -1411.80645897868953
   48.71423034333639 -1406.84384604934439
   46.43330611355755 -1404.17711029587826
   48.12227029582486 -1403.25702496286772
   47.80697173277492 -1411.92891013319036
   48.06154568834545 -1411.13093682114550
   48.70182171509610 -1408.63834858181735
   47.02189907842408 -1410.71661069202173
   47.12325119957046 -1411.29554790381917
   47.12606556662312 -1412.42104198461857
   46.14561339611772 -1410.65775587434996
   46.69270159881466 -1410.14373632303796
   48.09938824915636 -1410.75255558848903
   44.15406381421550 -1408.04501100156926
   45.98161004538562 -1404.51080130697301
   47.54793600428149 -1404.86561776950612
   47.47273461777507 -1408.21386280693901
   46.33963866751101 -1403.03950035468893
   47.97330864129568 -1400.68659547197603
   47.45526207231164 -1405.63082059220301
   48.99526378190539 -1401.40570573418563
   48.40051895813212 -1399.87528932034456
   46.97152696664476 -1398.23795848215150
   48.83666751945929 -1398.46680103283552
   47.13275164786548 -1394.58901009590659
   47.02531519927008 -1395.42309347975288
   48.42546676796749 -1401.09768493900356
   47.36063291863532 -1400.92654750852853
   46.80989453625122 -1399.53448616654077
   47.64939085691266 -1399.30146598895180
   44.61382337375004 -1400.83264488881537
   47.17615872609261 -1395.33336900030918
   46.87564307513821 -1398.76340244247717
   45.76549884984903 -1399.06173198543297
   45.48105604581625 -1397.81716386852372
   44.09262759600388 -1400.76137004502584
   45.70328030521009 -1397.76587972857578
   45.36280314462579 -1406.71430080845494
   44.65403650292681 -1406.76945479835035
   46.26507863714743 -1404.11451237164215
   41.63902439676809 -1402.75378516034334
   43.40065482509167 -1402.08093020649244
   42.39802872321478 -1403.32401484454545
   44.24412378106069 -1402.86929579285061
   40.49758088528028 -1403.79058310752339
   44.88985983011685 -1396.19233892048419
   41.94413632235698 -1398.90606116818958
   47.31048885987686 -1397.04280483639764
   44.71145290775232 -1399.87611450734653
   45.09874471176222 -1398.96283844384448
   45.32300681618712 -1402.08916400458816
   45.25947100419500 -1398.68737715710949
   47.20900397946456 -1395.65688972570820
   46.67429315544872 -1397.19034995632319
   46.07946047096117 -1395.62040624199267
   46.91825205848333 -1398.70901088427195
   47.92399756424294 -1395.55321796767953
   44.98604063132182 -1400.00310347440472
   47.27959504773597 -1398.81504390374675
   47.16359227321759 -1399.69123488739001
   47.13807614920111 -1401.22076851964357
   45.67895713347586 -1394.97099007749557
   47.80607737052225 -1395.25568016804937
   50.54570967750052 -1395.98517534795519
   48.94491712802800 -1394.53820838105776
   41.55554538130914 -1398.79132884934711
   48.40352913654831 -1397.57099964359963
   49.17119841050697 -1396.97114062789024
   49.56847267527350 -1396.91073411197226
   49.06004084857583 -1395.72255689363305
   47.89509591173088 -1399.04118627982166
   48.71580839302406 -1402.71011360507669
   49.96090675502144 -1400.99789970579786
   50.51747439407306 -1400.11459746859873
   49.54860236332222 -1407.77201589188621
   50.74588119644112 -1401.89855943805105
   49.71590057536520 -1398.16092777794984
   48.70949891442269 -1398.13651834538018
   47.63483683028394 -1401.26917235831570
   47.14433775885570 -1404.32264301516489
   44.67865315214610 -1402.49269617636378
   46.55399582721027 -1401.95582816511183
   43.84895840064126 -1404.79549951901276
   45.27294551554127 -1403.89799187278118
   45.14770778341170 -1401.38933992249190
   45.95945121634097 -1402.14688745008675
   46.54636749096209 -1402.22560594609990
   46.52300497916357 -1403.73026235710313
   48.29587993532218 -1401.02031564565914
   47.80846054997603 -1395.00999454641692
   47.97920907376734 -1401.22336330465782
   44.84523861598009 -1392.96831800450923
   49.40291603881861 -1392.01624236925272
   49.06558508334263 -1397.07503725383958
   49.01127741478560 -1396.02429723457249
   49.82872544771369 -1395.10264783970615
   48.49003300051623 -1397.97160578894227
   44.38874503510885 -1399.63055613143547
   46.97256845889987 -1397.22188357379196
   46.60563080249118 -1402.25945299482237
   50.01135153095559 -1400.62768814462606
   50.69514172911033 -1406.64269586678620
   49.18925624025488 -1403.78529512932391
   50.25443949998682 -1401.84825324795020
   48.85074682993239 -1404.72780784223778
   48.02416014568763 -1398.95340149448748
   46.93612736828688 -1399.61960587103158
   47.17587548811527 -1403.39737759284071
   47.60799518424862 -1403.90021512264047
   46.76579012485394 -1399.84710512239371
   48.43850527513796 -1405.27015166677347
   47.99354140780976 -1408.46701844608469
   48.37288615968762 -1403.49973901621775
   44.08041305416428 -1402.28741918197397
   48.84491765571314 -1397.03848315010896
   46.01600126835805 -1402.56433344245761
   47.79775958013055 -1402.91830770443903
   46.11518386748216 -1398.30843514987555
   44.48570024289121 -1400.64228987007300
   41.46578276338151 -1400.65276685175877
   43.58894892299588 -1398.13377547698747
   42.96389428849229 -1398.14457997361114
   48.89977461670823 -1395.34327321001274
   46.13699047129847 -1395.32963698367371
   47.58334215387004 -1394.36036288778905
   40.56941056117741 -1393.00590946091825
   47.10380012385007 -1393.61599405243942
   46.15975171496369 -1398.15435931935167
   44.85345682489522 -1395.94563945409936
   47.54849189835429 -1399.99973334713604
   48.99552052948093 -1397.06544254580717
   46.86004574972811 -1400.93867409870290
   52.73162418067614 -1402.38174716772824
   50.30529464245982 -1401.17505638486818
   50.36069899819108 -1402.71905072949244
   49.38761059773702 -1396.50392027121120
   49.19258816390983 -1398.49689396325516
   49.90902470216297 -1400.29528218588007
   51.06897609355327 -1405.26718037524233
   47.25817430384733 -1404.29059230787516
   50.18549570574299 -1403.62911780229456
   52.44675705681949 -1403.04312919946710
   52.90954812181114 -1406.91730984049263
   52.26856700948380 -1401.75927590850642
   53.31078851093763 -1401.29635088243936
   52.57903608732371 -1403.45044389314194
   46.36908430543874 -1401.25108081372491
   50.41281875509351 -1402.06840480561982
   50.87094709886173 -1402.93414985048321
   50.47826251732113 -1399.75803798427637
   52.46304245521358 -1399.77227537720546
   50.93707664378168 -1403.62250780413069
   51.19434945706369 -1398.30016524386724
   49.27718203721169 -1399.69620819647662
   52.48811820010808 -1402.38009839243637
   50.70250544011975 -1398.97531454064460
   51.42490217500234 -1400.95519543370051
   49.80127747962550 -1402.10631010541715
   50.00357278469865 -1400.93056798827638
   49.87016562204189 -1400.40125605894445
   50.37451468403500 -1399.43486623299827
   52.21216437107874 -1405.51888029410247
   52.63437140320860 -1403.10783333645782
   53.28441217840295 -1395.30833446533939
   54.68010030684305 -1396.76925029765266
   53.61568778939137 -1398.07817260473416
   51.06616936611232 -1396.96381507256001
   51.09963075479341 -1399.45975102232455
   53.65683355022318 -1395.11031196686395
   54.42968543464483 -1399.70896421802649
   50.60512852254448 -1398.13881173221262
   48.73278326389687 -1400.10427552984333
   52.88529300482500 -1402.47199232737125
   50.92728496248208 -1410.06584986567395
   51.52114154475918 -1402.61552707766896
   49.64086332631859 -1405.39176455853499
   53.16690813757221 -1403.92318087203876
   51.86795801301124 -1403.57806788069456
   51.14800194903404 -1402.24728799170202
   52.07646903230343 -1403.76812830121617
   52.59273677073053 -1403.35098919913435
   55.22979005707622 -1403.71012329079053
   55.73609586982854 -1398.89511285208664
   50.88980424099986 -1397.19532057325250
   53.81816564717120 -1399.69358135256334
   50.54148417694213 -1403.30324661088912
   52.12926228454106 -1404.86710187892368
   49.38108291063587 -1407.08247899549588
   52.31709001846671 -1406.03020231042956
   52.77817221356504 -1403.46466900906989
   53.79173181105124 -1403.76425192341821
   54.51966148835837 -1410.03122397444122
   54.59789469618489 -1404.57035320104751
   54.56687574604238 -1409.05959167738797
   54.26290394022227 -1408.84077674824061
   51.56181323669202 -1404.29854387966429
   54.48803867028088 -1406.37877391085271
   52.36532755653116 -1407.57780670602710
   53.53329259311379 -1406.57496926926115
   53.99972909895381 -1409.30500900885181
   53.87239502861610 -1409.30500900885181
   51.24384706306513 -1411.32778924506079
   51.82977739361674 -1404.70196055314250
   52.56106481275216 -1406.65699499977131
   55.18251739316130 -1407.33291632323221
   55.23218417404365 -1408.96624821323485
   50.81582850304067 -1412.29929731685434
   53.29462610704596 -1407.82380210792121
   54.63425441518449 -1402.86653724614462
   53.02630936234488 -1403.44577857764807
   52.99486120499511 -1410.25302303227977
   55.28047192002455 -1403.69060038122802
   54.92224284504382 -1402.05630080890614
   57.14264845648037 -1402.65448247512336
   54.23513847466428 -1405.07091934791083
   47.92422658761776 -1403.26069571550374
   51.07557497571462 -1405.91102327752401
   49.21306723075325 -1403.03983999062257
   52.63610589379540 -1401.28105341840046
   49.31497947980287 -1405.39054111340010
   51.26636373610025 -1399.37194694276741
   47.96656098376366 -1408.70165122558979
   51.34335277629668 -1397.88242737411633
   52.23007241943328 -1401.95578403306081
   55.79363511766889 -1396.46943069954864
   48.10840120500015 -1403.25809922330063
   49.94614069447333 -1399.27169844755053
