39.8148       8     106
45.5926      16      16
43.6667      20      88
49.4444      16      22
44.6296      18      18
45.5926      24      28
47.5185      20      38
54.2593      -2     400
53.2963      -8     122
 60.037      18      20
55.2222      -4      10
41.7407      12     428
50.4074      10     142
39.8148      -8     256
39.8148      -4     272
40.7778      22      16
51.3704       4      86
46.5556       2     182
48.4815      14      28
51.3704      20      44
52.3333       6      34
