 0.00718778           0           0           0           0           0           0           0           0           0           0           0           0           0 3.46837e-05           0           0           0           0           0           0
          0           0  0.00142045           0           0           0           0           0           0           0           0           0           0           0           0           0           0           0           0           0           0
          0  0.00142045  0.00130617           0           0           0           0 5.68182e-05           0           0           0 7.96517e-05           0           0           0           0           0           0           0 0.000258264           0
          0           0           0           0           0           0           0           0           0           0           0           0           0           0           0           0           0           0           0           0           0
          0           0           0           0   0.0196078           0           0           0           0           0           0           0           0           0           0           0           0           0           0           0           0
          0           0           0           0           0           0           0           0           0           0           0           0           0           0           0           0           0           0           0           0           0
          0           0           0           0           0           0           0           0           0           0           0           0           0           0           0           0           0           0           0           0           0
          0           0 5.68182e-05           0           0           0           0 0.000213033           0           0           0 1.16822e-05 1.76056e-05           0           0           0           0           0           0           0           0
          0           0           0           0           0           0           0           0  0.00121935           0           0           0           0           0           0           0           0           0           0           0           0
          0           0           0           0           0           0           0           0           0           0           0           0           0           0           0           0           0           0           0           0           0
          0           0           0           0           0           0           0           0           0           0           0           0           0           0           0           0           0           0           0           0           0
          0           0 7.96517e-05           0           0           0           0 1.16822e-05           0           0           0 0.000525291 1.64539e-05           0           0           0           0           0           0           0           0
          0           0           0           0           0           0           0 1.76056e-05           0           0           0 1.64539e-05  0.00019978           0           0           0           0           0           0           0           0
          0           0           0           0           0           0           0           0           0           0           0           0           0  0.00168505           0           0           0           0           0           0           0
3.46837e-05           0           0           0           0           0           0           0           0           0           0           0           0           0  0.00127523           0           0           0           0           0           0
          0           0           0           0           0           0           0           0           0           0           0           0           0           0           0           0           0           0           0           0           0
          0           0           0           0           0           0           0           0           0           0           0           0           0           0           0           0  0.00328317           0           0           0           0
          0           0           0           0           0           0           0           0           0           0           0           0           0           0           0           0           0 0.000121426           0           0           0
          0           0           0           0           0           0           0           0           0           0           0           0           0           0           0           0           0           0   0.0026455           0           0
          0           0 0.000258264           0           0           0           0           0           0           0           0           0           0           0           0           0           0           0           0  0.00317125           0
          0           0           0           0           0           0           0           0           0           0           0           0           0           0           0           0           0           0           0           0           0
