 0.00526384 4.01331e-06  1.8008e-06 1.72262e-06 2.83562e-06 3.54056e-07 1.03112e-06 2.79929e-07 4.84608e-08 8.07994e-08 1.21952e-07 3.70441e-05  2.7245e-06 2.05776e-07 5.67325e-06 1.01584e-06 8.22955e-07 9.30454e-06 3.15052e-06 4.23468e-07 8.86517e-07
4.01331e-06 0.000604411 0.000196323 0.000134076 0.000349619 4.55747e-05 0.000162871 1.98221e-06 8.86159e-08 4.14902e-06 1.03589e-06 7.55137e-05 5.09876e-05 1.20948e-08 1.67082e-07 4.11928e-05 5.47427e-06 3.44882e-06 0.000142839 4.93363e-05 1.64657e-05
 1.8008e-06 0.000196323  0.00125137  6.2661e-05 0.000457383 0.000138917 0.000180576  6.5742e-07  3.4113e-08 1.82384e-06 3.55363e-07 4.70269e-05  1.9288e-05 4.63258e-09 5.47579e-08 0.000179839 1.66784e-06 1.06891e-06 5.81882e-05 3.43722e-05 5.62269e-06
1.72262e-06 0.000134076  6.2661e-05 0.000542687 9.96442e-05 2.76009e-05 0.000137635 4.05846e-06 1.45718e-07 1.18779e-05  2.1739e-06 2.68199e-05  8.2148e-05 9.73719e-09 1.21582e-07 1.28854e-05 9.29129e-06 3.09566e-06  0.00020817 0.000123428 3.11224e-05
2.83562e-06 0.000349619 0.000457383 9.96442e-05 0.000888685 8.42852e-05  0.00021215 1.16665e-06  5.5667e-08 2.86465e-06 6.21687e-07 6.73229e-05 3.24791e-05   7.659e-09 9.67727e-08 8.61061e-05 3.06381e-06  1.9529e-06 9.60128e-05 4.60085e-05 9.87821e-06
3.54056e-07 4.55747e-05 0.000138917 2.76009e-05 8.42852e-05  0.00138643 0.000136606  2.8993e-07 1.54382e-08 1.81889e-06 1.62828e-07 9.17421e-06 6.70988e-06 1.22055e-09 1.39091e-08 7.53508e-05 5.87873e-07 2.77756e-07 1.94404e-05 3.90973e-05 2.11683e-06
1.03112e-06 0.000162871 0.000180576 0.000137635  0.00021215 0.000136606 0.000958183 1.24495e-06 5.07188e-08 5.29088e-06 6.79673e-07 2.51053e-05 3.03843e-05 4.02894e-09 4.89243e-08 3.85271e-05 2.76187e-06 1.19751e-06  8.8785e-05 0.000138535 9.88032e-06
2.79929e-07 1.98221e-06  6.5742e-07 4.05846e-06 1.16665e-06  2.8993e-07 1.24495e-06 0.000238361 1.16306e-05 3.69471e-06 0.000109225 8.68375e-07 1.03512e-05 6.31927e-08 2.63775e-07 1.58269e-07 2.47653e-05 5.77055e-06 4.71505e-06 1.76071e-06 2.69168e-05
4.84608e-08 8.86159e-08  3.4113e-08 1.45718e-07  5.5667e-08 1.54382e-08 5.07188e-08 1.16306e-05  0.00111326  1.3165e-07 2.82178e-05  6.3947e-08  3.7455e-07 1.29581e-07 1.16005e-07 1.09431e-08 1.03845e-06 1.11896e-06 1.80469e-07 6.53397e-08 8.94656e-07
8.07994e-08 4.14902e-06 1.82384e-06 1.18779e-05 2.86465e-06 1.81889e-06 5.29088e-06 3.69471e-06  1.3165e-07  0.00157265 2.20484e-06  1.0811e-06 1.25308e-05 1.30301e-09  1.0237e-08  4.9618e-07 2.95527e-06 3.16839e-07 9.31921e-06 1.68433e-05 1.18708e-05
1.21952e-07 1.03589e-06 3.55363e-07  2.1739e-06 6.21687e-07 1.62828e-07 6.79673e-07 0.000109225 2.82178e-05 2.20484e-06 0.000480505    4.43e-07 5.39492e-06 3.74671e-08 1.16763e-07 8.69138e-08 1.07522e-05  2.3877e-06 2.45191e-06 9.86556e-07 1.38934e-05
3.70441e-05 7.55137e-05 4.70269e-05 2.68199e-05 6.73229e-05 9.17421e-06 2.51053e-05 8.68375e-07  6.3947e-08  1.0811e-06    4.43e-07 0.000570504 2.01199e-05  2.1708e-08 3.73619e-07 1.88227e-05 2.90485e-06 4.09438e-06 3.80505e-05 8.55796e-06 6.51876e-06
 2.7245e-06 5.09876e-05  1.9288e-05  8.2148e-05 3.24791e-05 6.70988e-06 3.03843e-05 1.03512e-05  3.7455e-07 1.25308e-05 5.39492e-06 2.01199e-05 0.000228089 2.47896e-08  3.4021e-07 4.34455e-06 3.50317e-05 9.57011e-06 0.000104307 2.93752e-05 9.12929e-05
2.05776e-07 1.20948e-08 4.63258e-09 9.73719e-09   7.659e-09 1.22055e-09 4.02894e-09 6.31927e-08 1.29581e-07 1.30301e-09 3.74671e-08  2.1708e-08 2.47896e-08  0.00168383 2.95127e-05 1.79895e-09 4.99837e-08  5.1941e-07 1.68003e-08 2.62664e-09 1.83425e-08
5.67325e-06 1.67082e-07 5.47579e-08 1.21582e-07 9.67727e-08 1.39091e-08 4.89243e-08 2.63775e-07 1.16005e-07  1.0237e-08 1.16763e-07 3.73619e-07  3.4021e-07 2.95127e-05  0.00126495 2.26435e-08 4.13808e-07 7.05472e-06 2.31641e-07 2.90453e-08 1.80958e-07
1.01584e-06 4.11928e-05 0.000179839 1.28854e-05 8.61061e-05 7.53508e-05 3.85271e-05 1.58269e-07 1.09431e-08  4.9618e-07 8.69138e-08 1.88227e-05 4.34455e-06 1.79895e-09 2.26435e-08  0.00161272 3.92376e-07 2.73694e-07 1.23894e-05 8.44298e-06 1.29212e-06
8.22955e-07 5.47427e-06 1.66784e-06 9.29129e-06 3.06381e-06 5.87873e-07 2.76187e-06 2.47653e-05 1.03845e-06 2.95527e-06 1.07522e-05 2.90485e-06 3.50317e-05 4.99837e-08 4.13808e-07 3.92376e-07  0.00182491   2.005e-05 1.29434e-05 3.07666e-06 0.000154363
9.30454e-06 3.44882e-06 1.06891e-06 3.09566e-06  1.9529e-06 2.77756e-07 1.19751e-06 5.77055e-06 1.11896e-06 3.16839e-07  2.3877e-06 4.09438e-06 9.57011e-06  5.1941e-07 7.05472e-06 2.73694e-07   2.005e-05 0.000275926 5.56511e-06 8.20195e-07 7.47325e-06
3.15052e-06 0.000142839 5.81882e-05  0.00020817 9.60128e-05 1.94404e-05  8.8785e-05 4.71505e-06 1.80469e-07 9.31921e-06 2.45191e-06 3.80505e-05 0.000104307 1.68003e-08 2.31641e-07 1.23894e-05 1.29434e-05 5.56511e-06 0.000344217 6.09541e-05 3.83289e-05
4.23468e-07 4.93363e-05 3.43722e-05 0.000123428 4.60085e-05 3.90973e-05 0.000138535 1.76071e-06 6.53397e-08 1.68433e-05 9.86556e-07 8.55796e-06 2.93752e-05 2.62664e-09 2.90453e-08 8.44298e-06 3.07666e-06 8.20195e-07 6.09541e-05   0.0013745 1.18715e-05
8.86517e-07 1.64657e-05 5.62269e-06 3.11224e-05 9.87821e-06 2.11683e-06 9.88032e-06 2.69168e-05 8.94656e-07 1.18708e-05 1.38934e-05 6.51876e-06 9.12929e-05 1.83425e-08 1.80958e-07 1.29212e-06 0.000154363 7.47325e-06 3.83289e-05 1.18715e-05  0.00061201
