42.429465  3.922904
35.039134  1.337620
44.266337  3.815367
38.014598 17.251213
52.494794 -4.545956
52.572261 19.515785
59.832009 -9.741751
59.511235  1.164746
45.778755 10.147936
50.775528 16.812016
38.882303  7.323214
50.327627 -7.390284
50.455755 -2.389361
49.559731  1.246518
36.768346  4.831050
42.722453 21.294829
56.567382  2.179327
59.992955  9.952958
39.403731  9.244410
47.701590 25.142155
49.620967 15.186987
38.880744 10.216415
50.821925 14.501479
42.230943 23.525810
50.950097 -4.228021
35.804003 25.127977
40.538899  6.033738
51.587778  0.775030
37.485448  6.081090
44.587934  5.066638
