-3.599249
-2.559433
-1.933834
-2.656702
-1.779373
 0.072395
-1.736919
 0.013004
-1.756391
 0.317540
-2.819113
-1.897624
-2.470142
-2.145474
-0.606093
-1.991504
-2.596369
-2.793165
-2.021531
-1.384973
-2.868489
-0.874251
-1.827429
-2.052506
-2.118258
-2.464872
-2.257486
-1.606917
-1.177623
-1.375468
-1.798428
-1.731358
-1.488556
-1.249838
-2.227361
-2.530844
-1.908143
-0.753389
-0.867563
-1.351443
-1.518515
-1.108503
-0.789143
-2.150172
-2.427547
-2.409278
-2.357623
-0.332642
 0.023380
-0.273215
-1.451264
-1.350663
-0.782321
-0.515053
-2.051586
-2.216456
-1.567428
-0.083922
 0.366554
-0.041673
 0.167348
 0.013117
-1.217987
-1.399551
-1.846172
-1.625557
-1.272870
-1.061183
-0.551911
 0.067650
 1.099876
 0.893661
 0.581289
-0.597687
-0.847463
-1.485811
-1.609461
-1.918388
-2.197637
-0.551096
 1.098998
 1.055851
 0.745909
-0.871097
-0.859834
-1.314404
-1.969026
-1.934279
-1.805500
-0.450229
 1.114323
 1.021135
-1.540201
-2.368057
-3.196439
-2.489658
-1.852424
-1.661507
-1.097223
 0.467250
 1.034442
 1.054034
-2.066581
-2.880182
-3.861413
-1.977589
-1.361096
-0.298972
 0.652310
 0.929142
-2.634416
-3.623428
-3.945831
-2.923351
-2.890166
-2.817462
-1.283297
-0.026131
 0.500575
 0.621359
-1.886252
-2.141048
-2.430893
-2.744815
-2.646406
-1.949955
-0.911772
 0.042858
 0.354584
-1.180264
-1.141800
-1.478597
-2.042342
-2.115528
-1.374487
-0.302964
 0.185420
 0.255875
-0.727235
-0.770716
-1.127961
-1.980971
-1.651622
-0.215329
 0.066639
 0.135010
-0.536383
-0.789116
-1.320607
-1.525345
-0.633632
 0.177777
 0.521772
 0.387040
 0.208838
 0.122985
-0.417495
-0.358990
-1.140020
-1.250903
-0.378726
 0.710892
 1.033043
 0.724206
 0.241507
 0.067312
-0.373370
-0.348338
-0.477512
-0.338430
 0.650541
 1.007229
 0.882808
 0.414160
 0.150980
 0.046317
-0.374885
-0.346498
-0.270784
-0.114473
 0.185968
 0.589840
 0.820891
 0.878816
 0.553393
 0.237831
 0.138547
