-4.816930
-5.783606
-4.359300
-5.734721
-5.011193
-4.586479
-5.318689
-5.240322
-4.742623
-5.060057
-5.811962
-5.784800
-5.457557
-5.344463
-4.756865
-5.853943
-5.911661
-5.896367
-5.329899
-5.974959
-6.072246
-5.133174
-4.942884
-5.318761
-5.392129
-5.342063
-5.280204
-5.318444
-5.209375
-4.896019
-4.711022
-4.541159
-4.826432
-4.964254
-5.328633
-5.357250
-5.384686
-5.311910
-5.244684
-4.906796
-4.783948
-4.837899
-4.882956
-5.222993
-5.345437
-5.457432
-5.468008
-5.491098
-5.451033
-5.308470
-5.063138
-4.853582
-4.833355
-4.861429
-5.211091
-5.353428
-5.599224
-5.631096
-5.531235
-5.338696
-5.041402
-5.021672
-5.160017
-5.259207
-5.380339
-5.671991
-5.844295
-5.724188
-5.456557
-5.373106
-5.105162
-5.117426
-5.107836
-5.147944
-5.343569
-5.593676
-5.914847
-5.698046
-5.349864
-5.038600
-4.973283
-5.084001
-5.176070
-5.020747
-5.123245
-5.382865
-5.738639
-5.926673
-5.842045
-4.858398
-4.831228
-4.956844
-4.918247
-5.041078
-5.334869
-5.855305
-5.617454
-5.065820
-4.847657
-4.781497
-4.842329
-4.980583
-5.045009
-5.021578
-5.493421
-5.680260
-5.159075
-4.985649
-4.896799
-4.959900
-5.383703
-5.563940
-5.830855
-6.017511
-6.049685
-5.989314
-5.450855
-5.076448
-5.013987
-4.929308
-5.419064
-5.521831
-5.713645
-6.078296
-5.922575
-5.666555
-5.222737
-4.840416
-4.808350
-5.434286
-5.544537
-5.609341
-5.609632
-5.523922
-5.285180
-5.187173
-4.949360
-4.788848
-5.239753
-5.244948
-5.241176
-5.156822
-5.286412
-5.169311
-5.198741
-4.963014
-5.040273
-4.995292
-4.750863
-4.692381
-4.930834
-4.946807
-4.864918
-5.043511
-4.934819
-4.888348
-4.975004
-4.904913
-4.516202
-4.545042
-4.668273
-4.765494
-4.765092
-4.813252
-4.883580
-4.798314
-4.859242
-4.770224
-4.603499
-4.581893
-4.712705
-4.723590
-4.723437
-4.769431
-4.836431
-4.825482
-4.820672
-4.776408
-4.612242
-4.588438
-4.568290
-4.660627
-4.734433
-4.725169
-4.724068
-4.842206
-4.901613
