   10.83082050857230 -3068.10451650472896
   12.00491054122504 -3071.96576121736371
    8.10949191508189 -3061.43159847721881
    7.06355971756455 -3066.17835547114782
    7.07946983857779 -3061.84105301457112
    6.91889414523319 -3065.48858568965034
    8.10779571630172 -3071.89674752951260
   10.46633647661080 -3065.16958433390937
   12.06073474436942 -3064.71633345936925
   10.66377017683295 -3065.61511851466685
   11.66834193174384 -3069.71323608719786
   14.34330226459647 -3073.24356065251368
   13.07359377419608 -3077.63096186192661
    6.48204727562116 -3070.17751650676109
   13.98437558854692 -3068.52464389193392
   18.59746946546338 -3067.34819951450572
   15.69589162599514 -3070.65365365615662
   17.03915835418524 -3076.96733296750153
   15.67295187196964 -3071.86821477597505
   16.60181410529817 -3070.69837942587901
   16.50768087410415 -3068.65400197714735
   18.30585354051963 -3068.44393252979444
   18.39169795389955 -3070.93418697195148
   18.09065130625190 -3080.31952281291751
   15.78195946947155 -3073.72108586112699
   20.08684132083744 -3072.52185793096123
   20.12581486313391 -3080.10982592623304
   21.53576552017993 -3072.24120107278213
   16.19967478379883 -3073.98700608837680
   21.46218429479051 -3068.00967038791168
   16.37422828819770 -3069.90810439848610
   14.78790953407201 -3066.69836331612714
   11.79873016201500 -3065.30989214650617
    9.22185943823597 -3067.77259586160653
   13.59290666862341 -3068.49592584921811
    9.94552828902480 -3073.77550708839863
   14.19231495999647 -3078.03876603922254
    6.57360383750926 -3071.57767568537702
    4.64355596003357 -3071.75487834456817
    0.24370154933504 -3072.24937895599305
    8.83168112886679 -3073.96120592594889
   12.72526886620931 -3082.94268327232476
    9.60426238851438 -3071.00748838553000
   14.92112907140516 -3076.69042338903773
   12.30909771453915 -3076.99423511837631
    9.54585601724395 -3072.46625346328892
   13.65224811015129 -3075.48555085715043
    8.83714470148904 -3085.65577566505181
   10.52605963538608 -3075.76130449512993
   11.20798238517577 -3066.77633124446083
   14.54335385420254 -3071.38269343359525
   15.87288934451540 -3066.33060001841932
   13.78810894718761 -3072.55291567170661
   15.42323874216711 -3068.84354002731106
   13.09941983822724 -3064.20693228634036
    8.63923515157013 -3066.16271261758266
   11.89962019809992 -3065.07655274611898
   13.56991104219222 -3071.37917693005602
   12.26990623982805 -3064.73738815193838
   14.70713986754585 -3062.17617934636337
   11.92607572571279 -3067.72947641182691
   11.67255346155921 -3062.88930147172687
   13.59545531526371 -3062.57556701143085
   13.45589353905560 -3064.91589543828104
   12.03932484322355 -3072.34597818088241
   11.62824297586659 -3071.32878497150477
   17.34447664964190 -3070.33082022414510
   10.42865047040722 -3073.55184555858796
   14.28369977385243 -3065.47758223510664
   13.21068851802626 -3070.62132946552083
    4.72543850597856 -3065.94551346428807
    8.25890404749790 -3064.04598361383023
    6.57498349399382 -3068.38024719971645
    8.10626366416813 -3070.12168876949454
    4.13542770750503 -3072.58225220718350
   10.13665245624494 -3074.27014221310264
    8.79694692342798 -3065.12674847811377
    9.28709976295930 -3071.29421950502365
   10.42731936771647 -3076.75584416485981
    9.53232658396638 -3067.42495174594751
    8.23122815359232 -3073.81767877730636
    8.60788591727272 -3068.56177966204723
    6.32299257840824 -3069.60848988846237
   11.99675801534816 -3073.03490838889866
   13.75683855005221 -3066.50218073609994
   15.27435093339616 -3067.16401154305095
   17.83647036902285 -3064.02153969147594
   11.77835233787241 -3067.34570479550212
   13.21740164502419 -3075.61579587373444
   12.61795260336873 -3076.02011841357171
   19.12610457509807 -3068.53826318737629
   16.44136472098364 -3073.32100863415872
   17.85737371230605 -3078.43428483881189
   12.31435497786500 -3066.33523848413233
   14.41802952684867 -3066.75768537036856
    9.81481096212782 -3067.95408227507323
   17.71423979135836 -3072.53934907704297
   17.98628195846063 -3071.11390900562856
   15.65647945452696 -3077.86512453227306
   21.73841438032357 -3075.86768960038080
   18.86781318990939 -3077.80208025334741
   13.41174309015117 -3073.65701337552264
    9.46669027070859 -3083.80167130395057
   11.55861924625320 -3074.41050273493465
   11.89424755009362 -3073.45282035788932
   14.26205258992753 -3080.19082236437953
   13.54885094816844 -3070.76182949214262
   17.82745887699229 -3072.69840600345151
   12.71659182758238 -3070.82458506814055
   14.63261723033481 -3071.97349721919409
   15.80043230174198 -3077.45682906129559
   10.96188771433413 -3072.14493605426060
    6.28558688232400 -3077.19204378462246
    7.16697921837312 -3071.52156935785615
    5.05042339058364 -3077.79458974258159
    2.79322514104625 -3076.77922643659849
    8.45282323920433 -3068.17679111442294
   10.98296507611412 -3069.49359971069907
   10.13362450002100 -3069.69703233384735
   17.57546087033769 -3067.20949047363865
    9.32538989250291 -3063.93178220883010
   12.99264496795399 -3064.74909906556377
   12.74552008097464 -3065.21636527621786
   10.23344291900966 -3062.60177715886994
   13.21354042058334 -3072.37113386811643
    7.69890354519374 -3062.33584465080685
    6.33566947735415 -3059.66912493429300
    7.53376740199905 -3069.22087529365217
   10.60884501078458 -3065.29133325591920
    5.84332265567351 -3072.45431439950971
    3.65109121573955 -3069.23342488370054
    7.40463021212041 -3080.43357251894849
    7.74308251923694 -3078.32362105070797
    3.98955955630250 -3070.41195068895104
    6.64569121193413 -3066.18121589457633
    9.31493444521030 -3069.01551302004464
    6.58457486723237 -3067.18581174014025
   -0.69014159010045 -3069.71118053808550
   -1.04156200709393 -3068.75935620151813
   -5.75711650596996 -3058.97608171520051
    2.30697921433925 -3062.45872705587908
    4.20609066905726 -3062.97364916974448
    9.10730562813655 -3071.72598009114063
   14.94956751951680 -3070.34042329934891
   11.75244981152169 -3063.31216225091021
   12.68660634493046 -3068.11211765007602
    9.66438151484446 -3070.05241240731084
    7.91974924388971 -3067.36132255736038
    7.50321368959550 -3069.24091134626724
    7.59632341669095 -3070.15076118995103
   11.16685569247337 -3070.76887963324498
   14.41276570228592 -3071.59258708715561
   10.50358059131836 -3073.27049357691612
   10.43575283023890 -3062.07972005434658
   15.05060202587136 -3072.99374311305064
   11.38708320506100 -3064.03375702593439
   14.02495748523958 -3061.68759412711279
   12.97077350068662 -3069.16019608379383
   13.11475557771505 -3061.81625161877218
   16.11351854201092 -3069.39160620779148
   18.79828895568903 -3063.52977894144487
   12.09879490690768 -3071.23277955377125
   14.98760549504411 -3072.30168631263678
   13.92340088985127 -3070.64720398420059
   14.10737739653889 -3069.72764484668005
   16.05398974497010 -3069.74271469266796
   11.74325838873713 -3068.99888786054134
   11.36403101413081 -3064.82767604591982
   14.58236574844740 -3064.80197242778377
   15.34111915907522 -3065.35697123218461
   13.55087954520508 -3062.18909426116352
   15.62376488380973 -3070.10025831134863
   15.45424628387198 -3070.72136829578085
   12.61084741934039 -3069.07724273561325
    9.49415361817687 -3070.54627858083904
    9.03096716636463 -3069.29777613684564
   11.12079745275465 -3064.35897031949526
    9.04505493727755 -3065.50292590950858
   10.27414893712433 -3075.24394663860176
    4.01116024980552 -3068.98310922204109
    0.66769877582644 -3075.80530871152132
    4.88193594964670 -3069.05533062494942
    0.88473192789547 -3061.19532488274581
    6.83014376524617 -3068.24405661827450
    2.70446588343720 -3063.12499408421945
    3.16733251957359 -3059.87396869185886
    9.88095438372681 -3060.26822976549556
    8.89552795801962 -3063.37983140468305
    7.80464165165009 -3069.59894068145286
    7.35569092420471 -3070.77477857323538
    9.64074040133193 -3064.07428215138225
    8.91601186227220 -3066.60416379507660
    3.93263764493371 -3063.52834138681737
    7.97290146924423 -3065.94068117590541
    3.27184884166684 -3063.64321756240861
    4.23026226347349 -3068.73102938754073
    5.25427489874366 -3069.77548481955000
    9.07118591269328 -3061.48944443397932
    8.72296356349158 -3067.54225789970906
   13.35217332315700 -3065.50059179552136
   12.55440855624030 -3068.14042000037716
   16.06599595414331 -3077.87271443114150
   18.12094167297990 -3072.19031163326417
   15.45052268214204 -3073.39344082600746
   11.92692521295202 -3071.73289714220709
   15.81747042197833 -3065.03980802502474
   16.12301583441526 -3067.38449448946994
   12.77638500096985 -3074.89494496051520
   10.64538416025352 -3072.43082534806717
   13.29656774972019 -3077.65812276567431
   14.79194584593276 -3074.39980752618067
   12.37631673759379 -3070.74504385448427
   16.49066585320666 -3073.36044079679459
   15.56341545727809 -3069.36377000204538
   11.82802023078229 -3084.22303268748965
   13.82910222419198 -3079.46036156007449
   12.95834610531646 -3064.38051016083000
   13.25240455164737 -3066.38831792063820
   11.52135169837807 -3074.55438425750981
    9.89944651051969 -3074.25280715456938
   10.19871365550397 -3070.01404795470899
    8.25806063694953 -3065.26985309669544
   13.10021238181487 -3072.81041764070551
   13.73283186326448 -3065.78289910765534
   16.22750651813795 -3071.65532936411682
   17.25705468342545 -3064.63639072360093
   15.94189617036471 -3078.02283315036129
   10.70580711177007 -3072.09357113016222
   10.21008424344781 -3065.78167383569917
   12.19343162978960 -3065.46347628636295
   12.69858489472284 -3068.35752096554279
   11.42683545689111 -3071.24772872052517
    8.68516961998528 -3068.32779674055564
    9.58719077295716 -3058.58756495559055
    9.62061003331521 -3064.18195954500425
   10.51338400415063 -3063.40667837168121
   13.12337891599297 -3065.29357269393176
   13.04509037148960 -3071.45198738946829
    9.56696310861165 -3068.20243603920426
    8.76895103042634 -3061.30127706875328
    6.33502851083475 -3067.48566396037313
    6.99415046877456 -3068.81697501680856
    7.05968148910862 -3070.70382802324229
    1.21230997410125 -3066.43865782437888
    4.15849948747619 -3068.81625441713322
    1.98256833090914 -3068.78349636341454
    6.30672967990774 -3062.55002233502910
    3.84171337000548 -3071.41822905348181
   11.32695577602793 -3078.12597258894084
   12.49214120860172 -3070.16800713396105
   11.35606450629020 -3065.02365181239384
   12.27195085006139 -3065.93135996144474
    5.56691080905321 -3062.75417378611155
    7.16181687850219 -3074.13704305732654
    8.01415398688278 -3067.46426547203782
    9.36315085753236 -3069.71579806883892
    6.20965220585172 -3061.34726040610394
    7.08722649592586 -3070.22260165931857
    3.53335445466710 -3064.64678259749917
   10.60321954455167 -3067.91565813295347
    6.18982906782208 -3062.83513392309305
    5.35617150880716 -3057.19927871750906
   -0.30801983318444 -3061.34203300263334
   -0.04380591312822 -3070.60317766697563
    3.49609583989510 -3068.85475567461071
    2.16165107841636 -3075.54490725478854
    2.11933128132694 -3070.78597263147594
   -6.11863911084670 -3069.06920353153509
   -3.13926847149883 -3067.26800042879358
    5.35726387163123 -3056.86661798966725
    8.99407832217725 -3065.08744065838346
    0.35722054774310 -3065.06326801992691
    1.16855821163711 -3064.72540798069986
    5.51024474636687 -3062.75018017258890
    9.13280735564230 -3067.49595131504657
   12.85387733172244 -3057.06011505747938
   16.45374952804719 -3064.59685712430110
   14.25335423397999 -3066.58755125942344
   14.02520719731161 -3063.52129141136356
   13.89277117571312 -3068.26143348828646
   15.36082227116920 -3073.01170627533338
   15.86101079994095 -3065.30071537418871
   11.29639897442272 -3074.48609591123432
   12.28993746840782 -3067.96630256392427
   13.84702330428613 -3066.04269740050449
   13.55744080114218 -3061.75286079968873
   14.05964498446111 -3064.60170035385545
   13.73110381485335 -3069.22835042374754
   13.13248821374416 -3066.15238522435948
   10.58647731170092 -3069.79764398254338
    8.73397813342516 -3063.28185482546633
   12.68302785052577 -3071.38572525380050
   10.80855603633011 -3062.72305782270496
   13.03289578983655 -3060.49080469138016
   12.08167982643645 -3066.70547197332462
   14.75654360571911 -3068.02091028198902
    8.32634580099233 -3071.28271706571286
    7.95304124725760 -3074.33979984378311
    9.63224284885166 -3077.63503156026582
    8.90597177918346 -3067.16114182588353
   11.32092184768077 -3070.80279331298061
   15.02436765158954 -3076.62477476745744
   12.64175669208055 -3063.85616254148181
   13.87987604487398 -3065.35894448965610
   10.89860620008736 -3069.74945881127906
   13.04776951495561 -3067.92577188686028
   10.70259761394964 -3066.74311015125249
   10.70102042833521 -3068.36801314753393
    7.13390952630059 -3068.96227985427822
   12.34588111563705 -3061.80512104784475
    8.58111722533632 -3072.07350396741867
   14.41534825925909 -3060.10747273966217
    9.94598400186994 -3062.65922521357288
   13.13313402772023 -3063.41372883961321
   14.17151458250100 -3066.26134658007322
   10.85509830817198 -3065.28503909313986
    7.73910606172663 -3064.07057869037317
   13.81162545463926 -3073.15351795621336
   11.65398697672559 -3066.77703345113605
   11.17322564125997 -3069.99939683996035
   13.98933089206046 -3066.11928828614191
    8.56408815507510 -3065.75155709435512
   13.69604387223074 -3066.15792454940583
   16.12084742110360 -3066.04253504051030
   13.21769228647082 -3074.19549889590553
   17.24866282939243 -3072.12784341192446
   15.51175164748518 -3068.24831086232916
   14.13914843854154 -3076.58966027120459
   14.61124236885705 -3080.98435307058980
   19.80548097506553 -3079.39599902675445
   16.76472542425042 -3071.52106942708588
   16.98168846510660 -3073.04981498235202
   16.16355275273736 -3081.29903849652692
   20.99063149884458 -3076.39065716341156
   18.02892746048640 -3079.05254668270527
   21.72480922047315 -3072.28610213266256
   18.74190038056682 -3082.91311429387133
   18.68044039746940 -3069.75375789124655
   16.01924883653045 -3076.17255374350452
   17.71225325697750 -3074.76786580138378
   17.01070761325350 -3076.37448251885280
   16.13090685014409 -3068.08307020989059
   14.69104323419118 -3067.87334913914719
   17.60341285468466 -3079.87406714183180
   14.83633855731130 -3070.39646624313400
   14.67996482874029 -3071.62733289433663
   13.63485717703478 -3067.36820267447865
   16.03173052505418 -3070.11011242088352
   13.56232859876786 -3075.65627163369254
   16.45289658864420 -3075.09720579460327
   17.55206330331462 -3075.81679448019213
   19.02140602438148 -3071.92715804347745
    9.30895860969133 -3069.22588096729169
    6.36737586938777 -3063.34386064008368
   10.84938526132562 -3064.65695532827795
    6.91552560875361 -3066.69672810218299
    7.06904889091787 -3067.15642760841183
    8.26315420461417 -3069.52074056212314
    8.74031335695801 -3071.65683009476288
    8.39400598421534 -3074.41600389719542
    7.35475429300078 -3070.94139166078867
   11.96563544762379 -3081.66510932304436
   11.08980576174885 -3080.06145926717090
    9.21801254727095 -3075.40885696682153
   10.70006273537371 -3066.73480677660018
   11.74945142672063 -3069.69639857128186
   14.21524305505815 -3071.95150827624047
   13.14934059952331 -3075.96572032659788
   14.03459091627183 -3069.65191447284406
   11.14561353920981 -3063.86306303440779
    7.99457849371799 -3070.15326428608978
   13.99316291158482 -3068.74995330189495
   14.26589186267821 -3064.69988967835116
   15.53727028082508 -3073.90280518378813
   16.45835738476650 -3072.76911274921667
   12.12932845296315 -3065.05324819698308
   14.21075559367511 -3060.51838744981342
   11.04738876540324 -3061.07614316466515
   13.73095060163055 -3062.86518823944971
    9.30373642782421 -3065.67534552598636
    8.99853596958219 -3060.55241720053345
    7.23836659542374 -3060.50606174220093
    6.47797760367182 -3063.96486228705362
    3.58564318607975 -3060.25186457842619
    3.53607388630142 -3058.27780666805575
    6.95145105836233 -3067.51643756571093
   11.50829341269855 -3069.47732306116905
   10.37170165802250 -3060.92759377512721
   10.22417768113000 -3063.48127717999068
   11.72792281240560 -3061.89049508860126
   11.39145317212017 -3061.17219957949692
    2.37251985916577 -3061.93496925466434
   10.53278179934525 -3058.43623008973236
    7.29390065743235 -3062.16010180268722
    8.73931623412720 -3059.18598537285561
   12.47549170783498 -3071.19447493543612
   17.88014276660953 -3065.71869590022925
   16.65878482571452 -3066.07833453382455
    9.69986797647008 -3061.17012326997610
   14.81670577014923 -3067.43734348806765
   12.80470423875835 -3070.93492767600765
   15.19713478089136 -3069.61148802891830
   13.80681713858388 -3066.89081262187665
    5.22667031840304 -3063.95038549074525
    9.14474150705916 -3067.31062600508085
   13.71778127024701 -3074.01055238622348
   16.25672605183568 -3071.38386285964862
   14.09136836046686 -3070.01193048623827
   13.79137966477515 -3070.60952000819907
   11.81908206974077 -3068.59283511353124
   18.71167262596138 -3071.66564973190998
   11.42022732074004 -3069.03384642719129
   16.33434338506072 -3072.07324196904574
   15.22370558518694 -3069.13229223880626
   16.49937454053099 -3068.50443128330016
   17.27565735990866 -3067.22338584094041
   17.84125360414296 -3075.34536682474663
   21.57141756653624 -3075.01553564429742
   19.05561939152877 -3073.33248462540632
   18.93593028745043 -3081.14520034190309
   17.03480843567530 -3069.08916271019461
   20.27021976308335 -3067.93922725355469
   16.82140828527422 -3077.14649497161372
   17.15295648067928 -3070.53356222373577
   20.88397744582703 -3072.26290607728106
   19.10079612076048 -3073.47616481935620
   18.09733333165014 -3075.84496336678149
   17.84459671259627 -3072.85121426281512
   17.45568966300197 -3075.42578750418170
   16.55843328377647 -3077.21018900832314
   14.41634056298575 -3071.05556141063926
   15.57538132273956 -3071.29529521120639
   11.64056967354606 -3075.17810480135995
   18.48314025272143 -3081.41851368609832
   16.75056476896909 -3084.80154099740230
   15.71209423150483 -3071.69823128273856
   17.12165651871295 -3067.82551755944223
   12.80634487540259 -3067.10203088115532
   16.31858792650675 -3063.63473905993214
   16.68874404987287 -3070.61650390155592
   17.11478073469427 -3069.53457542688875
   19.33572972561852 -3072.38832945571039
   19.81046229665301 -3077.49511793032389
   15.71867836696038 -3069.07514502260756
   14.81190256198586 -3065.04840395374049
   15.09328802632881 -3071.88800871483318
   10.72252140283680 -3068.66874477419105
    9.35693351635662 -3074.14491288554655
    5.43219889494782 -3068.59935328656366
    2.87738107333049 -3061.32823262030797
    4.06741346570767 -3064.22508729824176
    2.39574858325808 -3062.89710430055175
    4.49687149709049 -3066.63312237078071
   -3.82546106109680 -3058.56742820183035
   -0.15816366533528 -3066.79627217802727
   -1.34369904976260 -3062.56956821260701
    4.68218412738224 -3069.66097659220031
    2.55900986991626 -3072.00226456674227
    6.67541578862646 -3070.87130501393176
    6.69492369892392 -3064.93843931451829
    8.69242785289897 -3070.91329165355455
   12.48704125685969 -3066.79472251270408
    5.76119831063572 -3065.65304371740740
    4.76745981763843 -3071.37565268195203
    6.10399361465832 -3067.67795676174046
    5.90665638394825 -3073.29213977788504
    6.48090644210975 -3070.76425242501045
   12.57242310861266 -3070.22572189029052
   13.49870151940078 -3064.98565062329226
   13.49991696678137 -3070.05254619809148
    6.09906287367562 -3069.21492065777829
   11.44583158236102 -3065.22933005156801
    7.92189187306533 -3070.32443927279792
    6.88439428650644 -3063.30902128601429
   10.43414553283658 -3065.51984597037881
   15.57041078999267 -3080.99460035052562
   12.36784007891454 -3074.66431624354846
   14.39035845743711 -3084.99759617343489
   17.54016291623665 -3087.40671816343365
   15.13580812333375 -3081.49016726991931
   14.60013756628738 -3074.80768844386057
   15.53304270253533 -3086.34981407575151
   18.54688123041464 -3075.25908129611116
   16.13457674066063 -3073.55190576561563
    9.80308972925028 -3068.68471161720026
    5.90828202085035 -3061.02743070897441
    8.64512361953033 -3064.34949819680287
    9.87212172180955 -3067.06444483249334
   13.35270692042586 -3063.55313131429693
   12.80782434097405 -3064.31999168913944
   13.62828079429701 -3067.45401124619775
   14.09750462221992 -3067.33146924281618
   10.94618243620808 -3070.56384398590126
    5.89733576384518 -3072.46345821890509
    8.47213055811316 -3073.35690575383023
    8.13804563213757 -3072.42610653480779
    9.66525591906017 -3070.92659759794833
    8.05039399015051 -3069.68686453419878
    5.85969276230358 -3071.10248026767522
    5.67507324348343 -3071.53624936278948
    8.49567530641587 -3069.21998897291178
    6.21920635454731 -3066.32597764247157
    7.22602110572053 -3076.09504297356943
   13.13243566074864 -3080.88411783938545
   11.41402316927963 -3076.78815190134992
   12.67260111412836 -3075.19280065922021
   13.83791550664374 -3078.28378271129532
   14.84374417326008 -3079.26892294837899
    8.42056775577423 -3076.57636707661050
   18.88695683710026 -3082.50468406662412
   17.76211537860316 -3078.32715691397016
   15.17933289699287 -3070.17233685198516
   12.94731065377407 -3066.75215071348111
   11.89831100404541 -3067.41754024338570
   11.86703936634600 -3074.01998214414380
    9.27874112651494 -3068.06224353026801
   14.08408545892567 -3069.04607175582987
   11.65931430312617 -3076.32934827964482
   14.38350103913342 -3074.86319769184183
   13.94042689453815 -3072.80488561298171
   13.18798032347930 -3089.42201893003221
    8.90754018321397 -3075.14401844056101
   13.73171098264976 -3080.78365145717771
   18.69996959890419 -3071.49996847852572
   14.85340739707432 -3067.91780545686061
   16.31357509536274 -3063.50041047618561
   16.76863232948664 -3066.05386879487833
   15.78251962482345 -3062.84851968431803
   16.89036928988460 -3074.63961825227761
   13.84148171505014 -3061.28285394965815
    9.43580250041258 -3068.51498782725093
    9.91070847674316 -3071.05097712123415
   12.08841031493597 -3075.91433082284266
    8.57015967393487 -3069.80513346704083
   10.05368292545824 -3061.89214049190105
   14.11543339800614 -3067.92260616997646
   13.31196582988650 -3067.88692334624511
   12.44709492894609 -3069.10052456022504
    9.24592768435762 -3071.31676663080634
    8.56620264217123 -3069.23529757196138
    6.76704530718812 -3065.02018235279002
    1.66385206048026 -3060.86737482119770
    3.21202512097070 -3067.28299522267707
    5.56986691691353 -3062.97302745601883
    3.03009438436910 -3067.35649388519960
    6.10051507875828 -3068.30059503825669
    9.51418643448039 -3064.63380394050319
   12.60420871671742 -3063.17191421338612
   12.30871922054255 -3065.34407354303448
   12.56294713164900 -3061.59889730870282
   11.26835486035611 -3066.39800404836842
    5.39206278779548 -3065.98184078985923
    7.89889191967138 -3068.55413081186407
    7.86595559082384 -3063.72670962053871
    4.51371703556693 -3075.09575811874993
    3.42841414968534 -3072.50434064320552
    9.72752527489405 -3081.47727132275986
   10.74812234125413 -3069.97371853763980
    9.88242556867562 -3073.65266620089915
   11.46629658115608 -3069.33794184644694
   13.70759900802804 -3073.12944392915597
   12.63565125383424 -3071.88763468945399
   17.04818430680352 -3075.30002014175670
   16.19971657457110 -3075.69223223271911
   18.17572514548461 -3075.93592177412893
   18.70257934667496 -3076.66117916477742
   20.98715765253640 -3068.67553448397666
   13.23370594517810 -3062.75519886970960
   11.43592071932846 -3063.43670604538647
   11.91248264318934 -3066.32073681385782
   13.70472617817933 -3067.65747637844743
   12.46665604257592 -3073.51071113993203
    8.05392267375342 -3071.64137389349071
    9.16404110359809 -3074.04221811229581
   12.61206904554916 -3072.10452078181925
   13.67903044087948 -3074.74655658752681
   12.05153694064925 -3067.62880183521975
   16.38699804506162 -3072.23002814909523
   10.73578533336276 -3076.99603593376833
   12.65472432242689 -3075.77500611770802
    6.35321997020465 -3073.73571366928081
    7.05829675008390 -3065.22292331073277
    8.75780397914789 -3077.98751607403574
   12.47053386295824 -3074.79253536558372
   14.74126559868347 -3076.59517128748212
   11.79945227540207 -3081.08713685616021
   12.43134282740794 -3083.39106927112243
   10.66703401138631 -3083.89616986020383
   14.08527935482415 -3075.90042449299835
   11.37226064020504 -3082.60864924880480
   11.50976749526125 -3079.49081264868846
   11.40411847907453 -3077.67006307267866
   13.12771586175143 -3075.81083768107965
   14.27921186524770 -3075.36764128653294
    8.00258092262928 -3075.69687123172707
    9.07667553889213 -3071.51272558661458
   11.26799418668690 -3073.02517152658356
   10.80338262915234 -3066.83308688161287
   10.51643846277829 -3071.62512745385720
   11.87506969383819 -3078.62337952674943
    9.27517636848784 -3073.55409023327366
    8.16726464138904 -3072.83122924936924
   12.69147701217974 -3063.95100430339880
   16.30574994659227 -3066.67116647851890
    9.25024507172854 -3058.15428559184147
    9.68382918870453 -3063.85909076030111
    8.95196044231022 -3060.44592118927858
   10.04207424427080 -3063.04156826752342
   11.52157071497397 -3065.96258762303250
   11.39731093352628 -3067.87730478087997
   15.38697948423504 -3066.24363081576166
   14.89361681061856 -3061.56706776824740
   14.61137764786031 -3061.68949093296033
   12.76978003363812 -3059.93184331902876
   10.42783307648029 -3059.98948868294929
    8.13198665491910 -3057.61227017592955
    8.89406256535320 -3064.37306863344111
   11.97542482790949 -3057.87870863948592
   15.41441286079884 -3062.25951995380410
   16.71293967203270 -3063.22292369789466
   11.07692750310990 -3065.93341462251783
   14.70597308031672 -3071.09136395844644
   13.94875216143296 -3073.54558166007428
   13.85284655533742 -3062.38743979782066
   11.89811243087907 -3058.89178331679295
   10.90931713044434 -3061.39583099722586
    8.87100617922827 -3061.63154681174092
    7.20103927535019 -3068.46658931150705
    8.98059510265544 -3061.89101133106624
    6.20411204013590 -3062.93609841240414
   -1.07632043162051 -3056.54736704883680
    5.63817098183880 -3064.11377004783162
   10.64930043436366 -3067.30937449570183
   14.06157172323088 -3070.60319419304051
   10.87401083637574 -3070.64466972018772
   12.81639051169795 -3076.54223294108533
   14.72018602261848 -3083.45351607780594
   11.51346155609921 -3072.64247823092273
   12.83257338794246 -3071.11235408750827
   12.17536013053861 -3074.60587855800213
   10.02511698875930 -3065.95381638375738
   11.90320136324654 -3072.65862101252878
   13.07063688005846 -3069.99687759708877
   13.15531510351154 -3072.43564543106822
   14.11717452851036 -3078.08951699147065
   12.14138222657331 -3070.32423956151524
   15.10530253908842 -3066.60742280466275
   15.70240898095073 -3075.53244906402688
   16.21119928133586 -3073.07387398924584
   15.13928244216555 -3065.42126406744137
   15.20154632108350 -3058.32878100598646
   11.33986214235658 -3064.53768934517302
   14.75026258678879 -3078.60311466433268
   16.94689728439013 -3072.80213164556335
   15.62888676107887 -3066.94900884087474
   17.98179678952746 -3072.67948999288865
   16.76843003624171 -3077.71814568428317
   17.94491888871015 -3076.89457925227225
   18.24757249694457 -3081.38971252206238
   18.28235014076742 -3075.69777433231320
   16.97859205183284 -3070.21943136204618
   17.45595554532358 -3069.11390562150109
   16.46614893891333 -3068.72222821084415
   16.30544722311533 -3072.49546571523206
   15.52745817082676 -3068.53752479851210
   14.11848501566310 -3068.20487410079295
   13.87404612535941 -3075.99928482945006
   11.51436875705687 -3080.25713904930853
    6.57441937377301 -3066.31873909663773
    7.53823697270082 -3065.23024322712945
   13.63291089564139 -3070.24798927326219
    6.10233410073319 -3074.49097766331442
    1.64907918218257 -3070.06553697697518
   -0.54558477752241 -3066.42286529252578
   -3.57843599995013 -3074.69977333203451
    2.26066606762814 -3063.42272171904187
    9.50593415210096 -3065.25802510264839
   11.19062385015868 -3069.83472357107894
    8.79030582444132 -3074.12029178155490
   10.61383714210175 -3066.43013757568087
    4.82637164156064 -3072.48640090430081
   11.61130841078480 -3068.18503107413017
   10.07505021329973 -3071.07118042686943
   19.56542019128463 -3066.24163115972669
   14.09574801701315 -3074.96041252654322
   12.90754677855528 -3068.50842669482154
   14.09659390848515 -3070.91879829524032
   16.69624697899177 -3068.04744394327190
   19.51425143087779 -3071.74800086643427
   19.88787780420874 -3077.54767349243730
   17.50542309087864 -3069.68431891712135
   22.75702316760231 -3080.12714098106744
   20.75160266987939 -3077.07090988826894
   19.19122846095195 -3074.45459438082116
   20.84525691976495 -3081.41507664581741
   17.05678178119191 -3080.17035816732005
   16.91026274382818 -3067.82955026306217
   16.53951880901024 -3075.19483751785356
   14.80146795820816 -3074.24715614232673
   13.56554117754310 -3072.90009904735007
    9.89115700100106 -3069.38351302132014
   13.09281113127359 -3063.47161376771464
   15.27851596415666 -3068.71624516121847
   19.59809193942036 -3066.70293027291018
   12.16674850193713 -3074.51992417708834
   11.29024920605546 -3068.01801943094097
   10.16770644762043 -3067.16686492403142
    5.23485359572093 -3070.40476744231637
    6.45232988686452 -3067.34858219011676
    7.66766765990508 -3070.55816407279599
    8.82517005478577 -3069.20266915906450
   12.29655465383823 -3067.31169425343114
   13.28319979463229 -3072.67633326324039
   14.42511669315887 -3063.75063005118272
   10.66919566839455 -3072.23269325484580
   12.65051243591326 -3064.97161252974684
   11.56105243930542 -3067.62136045437273
    5.13836477616108 -3065.69377704403450
    8.40950506706481 -3070.15818867868711
    6.43358820241871 -3064.41277704576487
    8.06965372961361 -3075.62840372586516
    9.28839768464598 -3073.84079372821907
    9.63106875060179 -3070.62257349625088
    9.99150435015982 -3072.02239731564532
    6.46113065205763 -3069.91758711168723
   12.99296990138961 -3076.20937173167340
    9.75385877500482 -3082.06902061521350
    7.23939992629119 -3076.74812484962513
   10.82621154847347 -3067.79404325905170
   10.54251333670696 -3072.82181165792963
   13.98983838732208 -3070.81433244553727
   11.74295420891862 -3069.82101091777986
   13.91432902625078 -3074.41045620771683
    8.70051034843008 -3074.77673057714037
   10.26807268534579 -3075.95276957702254
   12.84267688322645 -3077.28882726664824
   11.29641688492267 -3072.95322148143077
    6.82503871642908 -3065.25628667996716
    7.88433301817984 -3066.89171827177961
   12.47273411238092 -3067.87590166520067
    5.57454715519432 -3069.51318223105136
    8.26366718327098 -3075.18049145837858
    5.79157164952223 -3069.71853324859467
    9.88766157354485 -3062.55432921089914
    8.32113395672310 -3074.13582949952070
   10.92344814004330 -3063.27370503615612
   12.80301464361625 -3070.53591662772396
    9.20230300259218 -3069.37782559927928
    5.07444668736779 -3072.42825773333198
    1.60714023415031 -3072.64181952915442
   -1.13608571203372 -3068.29592558697505
    4.03047579044172 -3067.44310350809064
   11.86653928877229 -3062.93631372850678
    5.12951334419226 -3064.33589741869446
    7.97798983163773 -3065.28781988396622
    9.94400582280386 -3072.90845545304683
   11.11262677394756 -3069.11654658132375
   11.14346408317548 -3070.09395592229430
    6.96307950635114 -3073.66727900951992
    5.62995020968961 -3066.80436652382241
    6.97849570254022 -3068.22329311218300
    6.52642287433139 -3068.51047404111932
    9.23885624123252 -3067.11158680010840
    7.63015484106025 -3070.67887358100052
    6.66116304940959 -3063.52820444648842
    3.79137523814818 -3065.64657276387743
    8.79318675910839 -3060.26475231936729
   11.71148291129461 -3071.28688871165832
   11.22772696595833 -3073.92859624609127
   10.56419125881163 -3071.05345342181363
   16.62569197586835 -3072.39321514800167
   16.52198936506274 -3073.67255878641208
   17.25534970391824 -3073.21917880754881
   15.46407173599707 -3078.91868681366896
   13.30509201640798 -3075.46116546078611
   18.62367839990634 -3077.67078126000160
   18.45081525624012 -3073.01733475546371
   21.02855932767917 -3063.88355779659469
   16.70179489586442 -3069.50411137317860
   18.27094758255696 -3070.00813218991243
    8.70738208552718 -3063.67632734665040
   12.29603621968645 -3063.65517204910202
   12.32848479293285 -3058.62088227009690
    9.46143081171753 -3066.30969839057434
   18.78471114578536 -3066.70507339642427
   12.99341220750014 -3059.44392870387901
   10.97475168681603 -3066.11235919154660
   13.87230690973293 -3068.60551873515624
   15.78190370333838 -3075.56433253677733
   19.37531295703397 -3074.36271875205421
   18.91206504106576 -3078.21502765919286
   18.31021606662673 -3084.50666624636233
   17.23321573266600 -3075.28687185159924
   19.63699969379552 -3079.69566721214551
   18.62518363952887 -3077.45677907633490
   21.44842943242525 -3072.01639094452776
   22.10375722601317 -3072.42255228265140
   20.40361748704098 -3073.79493449077927
   14.80933182216632 -3067.19647241785742
   17.69970457135808 -3070.00463884384681
   18.10195857234843 -3074.00840262328529
   18.66176330997272 -3073.50902049764318
   13.48081069805225 -3070.26733528584828
   17.93844336397148 -3069.04292078478829
   16.01613433675499 -3071.62395286844458
   16.85944443815961 -3073.98387760462583
   14.83866548463465 -3073.80453027954263
   12.52957608841457 -3071.32304508975039
   14.75723844487236 -3074.35186518348564
   17.55306697354113 -3071.77377911239500
   15.06721105389733 -3065.49497703465522
   11.21065527434458 -3065.68397425453577
   10.55344029307316 -3066.93336050362950
   12.99047296678467 -3068.18488054547242
   19.88541016284040 -3070.32664194147037
   17.04315911402658 -3071.45338886189029
   17.80847499091108 -3068.29436150014499
   16.47114082548712 -3071.68630479217973
   14.13685616879328 -3066.02997668676699
   17.18443404834495 -3067.54104713476499
   10.90192670737693 -3064.54374968628917
   12.35850288936479 -3059.37863253563637
   11.58495782407341 -3060.60573219514663
   13.13961676760258 -3064.08968489791550
   14.32155847345553 -3073.39097477326095
   16.62234048608960 -3062.94644032012366
   19.68954658935738 -3063.70860611841817
   18.07198347761698 -3068.60954464570614
   17.76785755523781 -3073.11302532158788
   17.08665875193935 -3069.34927670120032
   14.95965469754697 -3067.50786374144354
   15.28351494340765 -3070.25897041775033
   18.71995510205985 -3073.40978625288517
   17.05526714976684 -3067.29244950027214
   12.90971772932541 -3077.75538192330214
   14.56634429059807 -3069.26035233084804
   13.80650400403721 -3070.06292968908701
   14.15946715412333 -3074.35290459449061
   12.88823346248807 -3067.00963075772233
   16.88307121309043 -3066.81868238229526
   15.28967667002345 -3066.60484119297735
   13.58020873064831 -3073.37071119362872
   15.60658717597740 -3077.43049583945594
   14.34195848146956 -3073.50919212916961
   15.62304605159636 -3064.72511211018445
   19.52899438974906 -3067.02312566726141
   19.76688997655198 -3062.01412695483668
   19.22383881351792 -3070.56810845458676
   17.46629957031262 -3069.56575247399678
   12.13996008076201 -3064.09685423452720
   15.07201124016987 -3063.69396524976173
   15.57315969895743 -3065.78813328750539
   18.82112941660584 -3068.85668112676240
   14.63937443854366 -3067.97362451923254
   15.33737743604483 -3060.86663251330401
   10.86760879128497 -3061.58262092910491
    9.75579675245508 -3059.20062444134828
    8.79375672766732 -3060.70853521342406
   11.29142468926461 -3063.60083838116998
    9.66813705247525 -3064.10312907258776
    9.24926339905444 -3060.65174033393760
   10.30949531625183 -3066.69005980995416
   17.15876001432878 -3082.69044214277437
   14.13277591785667 -3065.85378060891207
   15.50112479801322 -3060.41043974583272
   13.50280239246449 -3064.09473786465924
   14.02584665594422 -3066.32066272929751
    9.84003750560995 -3063.81905948889562
   11.41530961739034 -3071.93792436940794
   16.20076563327421 -3062.49960003320848
   17.21711367168786 -3066.40612451754123
   14.14530346618341 -3068.19983669661133
   14.99623482864268 -3067.18570033364540
   15.70867839992232 -3070.18207737474677
   13.20108807579919 -3073.38640476647652
   12.10731039237269 -3083.17484235724214
    7.44840096097834 -3079.96212278328312
   10.41926157380921 -3069.03456567157673
   10.12018875211226 -3080.22847427440320
   11.73420931907147 -3077.39222242934329
   16.27983384917463 -3070.74593844759693
   14.89246398321109 -3066.24757611196856
    7.45824061955784 -3062.38459385146780
    7.86887074728769 -3074.26623193644218
    7.80871845984309 -3072.11371163245667
    8.72178262387961 -3071.06920541583713
    4.32329442443117 -3063.06632109374732
    6.98904547294182 -3063.04779714693905
    9.46558781542541 -3063.47504473097933
   10.15886149706853 -3060.42972005398906
    5.75990639967710 -3056.65413510266490
    2.02044149731683 -3065.02404778922300
    7.69697196017948 -3059.40306429245129
    6.58802640756757 -3060.61812597104881
    6.81111748100025 -3063.51636280068578
    5.71558320910497 -3068.80825742973366
    2.62309401395277 -3061.03373763974014
    4.66976134264625 -3065.80693440248388
    8.05102299226172 -3069.24097760386212
    4.91003065846513 -3066.18285055542310
   12.76216777061211 -3064.20893580921120
    8.09848820490340 -3068.42204371653952
   10.13134571443048 -3066.74156281072874
    8.02693594816824 -3066.89448167089813
    6.41538529121518 -3069.39994595900771
    4.27366773772523 -3069.24317634137014
    9.40067862796881 -3065.24861691874821
    6.99514785757552 -3068.96873577411179
    7.14692886704364 -3070.45923277528118
    6.21065090361163 -3068.24271376138768
    5.79102308038208 -3063.69710312417055
    6.58419307522647 -3069.76036062783987
    7.45295475617471 -3067.03565300981109
    4.20951685574921 -3068.00117017924140
    3.18241820685907 -3065.21328556352728
    1.98290592281221 -3065.88405105460424
    7.32060429259121 -3074.17548096153860
    5.37241364859782 -3061.57228592057891
    5.06962651442166 -3058.57086048995097
    4.34404387927054 -3066.01722774669861
    3.14424453368233 -3065.56883513454295
    9.98814749685444 -3071.69941456083006
    9.26213475045882 -3076.73377658139043
   10.66357823876902 -3074.77235877430076
    8.49086815797218 -3080.89800717968774
    8.80432433827642 -3073.37878084900967
   12.51361228770928 -3072.32168922101118
    8.96982525884650 -3068.76727774783876
   10.13312678399000 -3060.11248432460434
   11.88149026507615 -3065.03813221159317
   14.27580459522575 -3070.01314236564349
   12.96383525361953 -3069.73793534575998
   17.80419417461320 -3077.04142865883477
   10.38509092081728 -3070.47050231603725
   10.14159715604849 -3073.35088479466685
    6.83883466376209 -3065.82029835296180
    9.30136390743277 -3065.45291389452859
   10.09485941219429 -3066.90666888022724
    8.75809720959685 -3072.88961218346458
   11.91577017938636 -3069.61665410287242
   12.13813185979921 -3070.02440517838158
   10.34952619937372 -3074.58526187914731
   17.93280282736365 -3065.28392870630523
   18.32807037577712 -3071.59195881235428
   14.46162951439355 -3062.92545408072556
   15.62529079570683 -3063.45841763196677
    8.90188829574055 -3068.58738050485863
    6.26717167987544 -3067.67752056372819
   14.25960486191018 -3074.30472851622289
   14.30242376587140 -3073.64284346697013
   16.69947947713034 -3070.43854442100383
   19.40473836635510 -3074.11298114490864
   17.08423709370994 -3076.88459993349215
   17.97881972321247 -3074.86017920531958
   13.22142191677304 -3076.89599005082391
    9.01396068484113 -3067.30342994121747
   12.03105102173492 -3068.47330280353708
   16.19188053076661 -3075.84014295963425
   20.49152391291855 -3078.27941109325911
   18.30599212573186 -3075.15144279367723
   18.42835988525632 -3069.39487480115849
   16.93921295796940 -3076.08575860123528
   16.64385238712512 -3070.28354783695931
   12.23735461212252 -3070.98905271957574
   13.30708435026910 -3073.14478095255299
   14.70237569004164 -3072.30678055382714
   14.09414016924985 -3067.07353790564503
   11.20149696748670 -3066.07720000899235
   12.62174151898693 -3065.45901280239877
   15.03759742596049 -3073.52077301288682
   11.11449593772411 -3076.05143091479067
   11.93838057783203 -3077.21764347870248
    8.43234194384449 -3072.27220714432542
    4.86948388284605 -3068.99391749127108
    8.66293680782600 -3076.28113519577801
    6.40246155612702 -3069.68878406303429
    9.44797964225074 -3069.75841431411118
    8.12063394463660 -3072.00444997572185
   10.59740241153977 -3071.82148681181934
   10.66479587549379 -3071.78571237336655
   12.34815240716109 -3075.30188980123467
   10.19390484356735 -3076.29867731843569
   11.96544975536123 -3078.76915551036382
   12.02563253247777 -3073.10233754844649
   14.14435774114570 -3074.31851260609847
   10.22352931504195 -3072.84397708996266
   13.53845480823155 -3075.10207698810837
   16.75919674133368 -3075.45072355360753
   15.28897413253084 -3078.55494670052576
   13.64181385573804 -3076.93057977468607
   14.23754328345347 -3079.47764735247029
   11.34136728770895 -3075.18376095693020
    8.25517131169389 -3070.17914947797635
    2.01578930090255 -3070.74795337370233
   11.99857486973191 -3074.89433934053750
   16.23411606638098 -3076.25641592577858
   11.50910525288274 -3071.92397617968709
    3.80934203784286 -3069.49658626453038
    1.12058525416270 -3074.72007300302812
