 0.00000000000000  4.27939567685248
 0.00000000000000  3.07534806977735
 0.00000000000000  3.06791302553836
 0.00000000000000  1.86982268391612
 0.00000000000000  2.64303725254105
 0.00000000000000  2.59356509195007
 0.00000000000000  3.38772946830594
 0.00000000000000  3.35707361846479
 0.00000000000000  2.64331424075345
 0.00000000000000  2.90564877831761
 0.00000000000000  3.17711165327307
 0.00000000000000  1.98972172181783
 0.00000000000000  1.71232469445460
 0.00000000000000  1.86726083670070
 0.00000000000000  2.24212779944297
 0.00000000000000  1.44457985793158
 0.00000000000000  1.42301292167223
 0.00000000000000  2.72073901848635
 0.00000000000000  2.28258591384649
 0.00000000000000  3.86641608760588
 0.00000000000000  1.59801912745940
 0.00000000000000  3.16104545278592
 0.00000000000000  1.67280231109762
 0.00000000000000  3.13349203127801
 0.00000000000000  3.21112422658824
 0.00000000000000  1.59415592668963
 0.00000000000000  2.53801120276459
 0.00000000000000  4.07373946594098
 0.00000000000000  3.87105894334997
 0.00000000000000  2.53830611095328
 0.00000000000000  2.36818013389519
 0.00000000000000  2.39930799348914
 0.00000000000000  2.32505450416799
 0.00000000000000  2.10402003671869
 0.00000000000000  2.38974241042866
 0.00000000000000  2.72614271449859
 0.00000000000000  3.12957843049676
 0.00000000000000  2.67710567400564
 0.00000000000000  3.26015178911628
 0.00000000000000  3.45218715134331
 0.00000000000000  3.00337512264000
 0.00000000000000  3.33510006603258
 0.00000000000000  2.12983892612422
 0.00000000000000  1.76290166143947
 0.00000000000000  1.73666820325512
 0.00000000000000  1.46360982942874
 0.00000000000000  1.30618959662733
 0.00000000000000  2.60003071235220
 0.00000000000000  4.40252606734878
 0.00000000000000  2.08363324792221
 0.00000000000000  2.65790304912325
 0.00000000000000  2.15426774360820
 0.00000000000000  3.61359094182216
 0.00000000000000  3.03439446530425
 0.00000000000000  2.50536178925213
 0.00000000000000  2.78612739184236
 0.00000000000000  3.00368547892189
 0.00000000000000  3.37449147523154
 0.00000000000000  3.44359615012058
 0.00000000000000  2.03391391406765
 0.00000000000000  3.17651820188149
 0.00000000000000  1.76707165964181
 0.00000000000000  2.78296497467389
 0.00000000000000  2.59485279445521
 0.00000000000000  1.47009080925382
 0.00000000000000  0.96960644094095
 0.00000000000000  1.84397257840203
 0.00000000000000  1.41603075985500
 0.00000000000000  1.34649148359976
 0.00000000000000  1.82348154898987
 0.00000000000000  2.04515932631484
 0.00000000000000  2.07765114272621
 0.00000000000000  4.52990131920962
 0.00000000000000  2.16380678915955
 0.00000000000000  3.00516033480580
 0.00000000000000  2.17212179296250
 0.00000000000000  3.78091762901886
 0.00000000000000  2.19127455459532
 0.00000000000000  3.23451130117341
 0.00000000000000  2.51023977956535
 0.00000000000000  2.10137671510232
 0.00000000000000  2.39984497679521
 0.00000000000000  3.21401874928953
 0.00000000000000  2.66446944890989
 0.00000000000000  1.78924024144889
 0.00000000000000  2.80099083302283
 0.00000000000000  2.82915954503149
 0.00000000000000  6.17074963075133
 0.00000000000000  1.73605792030669
 0.00000000000000  1.92038376798156
 0.00000000000000  2.14004937600387
 0.00000000000000  2.03955848654337
 0.00000000000000  1.15828923680852
 0.00000000000000  2.61102834733988
 0.00000000000000  1.37469109353687
 0.00000000000000  2.79121154071251
 0.00000000000000  2.56145270675921
 0.00000000000000  2.15706179546034
 0.00000000000000  2.06101032557748
 0.00000000000000  1.67413147748669
 0.00000000000000  1.14401612185351
 0.00000000000000  1.70150827524222
 0.00000000000000  1.10245471977465
 0.00000000000000  1.35370369403552
 0.00000000000000  1.56211901376359
 0.00000000000000  2.12156196420252
 0.00000000000000  2.18856485260547
 0.00000000000000  2.09853602638501
 0.00000000000000  2.62115986647567
 0.00000000000000  2.58008476236012
 0.00000000000000  3.24244757256186
 0.00000000000000  2.19666226330163
 0.00000000000000  2.23250903824390
 0.00000000000000  1.60004753461890
 0.00000000000000  3.28587706440548
 0.00000000000000  2.16781163518785
 0.00000000000000  1.90066199068030
 0.00000000000000  2.99522464473677
 0.00000000000000  1.50092811317723
 0.00000000000000  1.91537058698518
 0.00000000000000  2.19145142659531
 0.00000000000000  3.30965501490486
 0.00000000000000  2.44935807525398
 0.00000000000000  3.19784920205501
 0.00000000000000  3.15446789029109
 0.00000000000000  4.12693114438460
 0.00000000000000  2.55473718575552
 0.00000000000000  3.89652141984557
 0.00000000000000  3.33734831497666
 0.00000000000000  1.91172174019749
 0.00000000000000  2.88116531708090
 0.00000000000000  3.53696120222576
 0.00000000000000  1.87413606492764
 0.00000000000000  2.19396524628777
 0.00000000000000  2.44226329318220
 0.00000000000000  2.22048721556482
 0.00000000000000  2.82906022168880
 0.00000000000000  2.02493781817323
 0.00000000000000  4.91069497010296
 0.00000000000000  2.77937211164323
 0.00000000000000  2.54626454011628
 0.00000000000000  2.52069212926483
 0.00000000000000  2.99788367418167
 0.00000000000000  3.15089306724008
 0.00000000000000  1.68327023729054
 0.00000000000000  2.28070224979586
 0.00000000000000  1.97570105618133
 0.00000000000000  3.68017058835130
 0.00000000000000  3.34942673876611
 0.00000000000000  2.21276102465562
 0.00000000000000  1.80875858438127
 0.00000000000000  3.21812872269207
 0.00000000000000  1.45437044236836
 0.00000000000000  1.47127295214129
 0.00000000000000  4.34916087554552
 0.00000000000000  1.18783479621043
 0.00000000000000  1.98230392840572
 0.00000000000000  2.52109122558085
 0.00000000000000  3.33284506919228
 0.00000000000000  2.85495914594491
 0.00000000000000  1.57350408000722
 0.00000000000000  1.60075950562266
 0.00000000000000  2.28812890949831
 0.00000000000000  2.36942044143200
 0.00000000000000  2.00696384663027
 0.00000000000000  2.25944470188415
 0.00000000000000  2.30869565769860
 0.00000000000000  3.08306353959208
 0.00000000000000  3.63774192290373
 0.00000000000000  5.14177343536723
 0.00000000000000  1.97525444237470
 0.00000000000000  3.22180066671466
 0.00000000000000  2.93545847451275
 0.00000000000000  2.76269563377950
 0.00000000000000  2.35179555641989
 0.00000000000000  2.07108903811371
 0.00000000000000  3.41668229145856
 0.00000000000000  3.82441618906213
 0.00000000000000  2.54644477980449
 0.00000000000000  2.30217968287518
 0.00000000000000  2.44973501634524
 0.00000000000000  2.71379418283892
 0.00000000000000  2.40633469966359
 0.00000000000000  2.29933876472330
 0.00000000000000  2.94285411802134
 0.00000000000000  2.32522806520204
 0.00000000000000  4.22404881951263
 0.00000000000000  3.12061281737277
 0.00000000000000  2.04360262293019
 0.00000000000000  1.91244806808247
 0.00000000000000  2.34353062161640
 0.00000000000000  2.44428695754070
 0.00000000000000  1.43051593016684
 0.00000000000000  1.50916140926055
 0.00000000000000  1.28757838745508
 0.00000000000000  3.13329634257669
 0.00000000000000  2.42833687169880
 0.00000000000000  2.84583975762386
 0.00000000000000  1.74003335244724
 0.00000000000000  1.06726600540582
 0.00000000000000  3.20632628582986
 0.00000000000000  2.66396772847413
 0.00000000000000  2.44275791076062
 0.00000000000000  2.40307707807936
 0.00000000000000  1.19868481648791
 0.00000000000000  1.41034607170896
 0.00000000000000  1.85203955229922
 0.00000000000000  3.82394416190390
 0.00000000000000  2.05707775850247
 0.00000000000000  2.74061844692234
 0.00000000000000  5.86812254134563
 0.00000000000000  1.81968973572724
 0.00000000000000  2.30540035174708
 0.00000000000000  1.29960752715661
 0.00000000000000  2.81743825730082
 0.00000000000000  2.12823414082869
 0.00000000000000  3.64764876210103
 0.00000000000000  1.85529047300427
 0.00000000000000  1.84989957505880
 0.00000000000000  2.09826764002084
 0.00000000000000  2.40991381117894
 0.00000000000000  1.08285811711239
 0.00000000000000  6.83089513259381
 0.00000000000000  2.62789064915566
 0.00000000000000  1.18065574285822
 0.00000000000000  1.68353143416830
 0.00000000000000  3.93011729616777
 0.00000000000000  2.70484843700788
 0.00000000000000  1.98112844495544
 0.00000000000000  2.59611466104452
 0.00000000000000  2.22882701139530
 0.00000000000000  2.28225322498311
 0.00000000000000  1.75450745550112
 0.00000000000000  3.25942157819198
 0.00000000000000  2.17413745374113
 0.00000000000000  2.03382467940631
 0.00000000000000  1.64643610883873
 0.00000000000000  3.83979990104923
 0.00000000000000  2.61664090795940
 0.00000000000000  2.43947783959689
 0.00000000000000  1.71364616040728
 0.00000000000000  3.20865615735610
 0.00000000000000  2.51452021323740
 0.00000000000000  3.96725187461151
 0.00000000000000  1.78174334432246
 0.00000000000000  3.52242284296759
 0.00000000000000  2.79986977168446
 0.00000000000000  1.69566191167519
 0.00000000000000  1.62867800351538
 0.00000000000000  1.13913772760857
 0.00000000000000  2.20688017035247
 0.00000000000000  2.27200015394190
 0.00000000000000  2.36642337807253
 0.00000000000000  1.98800573767527
 0.00000000000000  1.69615214864588
 0.00000000000000  2.12462207309199
 0.00000000000000  2.48089652622953
 0.00000000000000  2.66387591365388
 0.00000000000000  2.19648479287487
 0.00000000000000  2.56773401237100
 0.00000000000000  2.12008219684298
 0.00000000000000  2.67106550432234
 0.00000000000000  2.39584237307334
 0.00000000000000  3.69357914167252
 0.00000000000000  2.42043685017851
 0.00000000000000  2.77729325109877
 0.00000000000000  2.87378426831929
 0.00000000000000  4.10529993900138
 0.00000000000000  3.94910698660086
 0.00000000000000  2.59668387916131
 0.00000000000000  2.89578800920585
 0.00000000000000  2.75680761485818
 0.00000000000000  2.92167832596328
 0.00000000000000  2.56985176754672
 0.00000000000000  3.25720532174381
 0.00000000000000  2.16889135037499
 0.00000000000000  4.21608468671365
 0.00000000000000  3.50296070384850
 0.00000000000000  2.75852674664117
 0.00000000000000  1.94993939746924
 0.00000000000000  3.93062055520634
 0.00000000000000  2.62899623407873
 0.00000000000000  2.89630747610989
 0.00000000000000  6.25906778806084
 0.00000000000000  3.33176823898275
 0.00000000000000  3.01840043031972
 0.00000000000000  2.22584632688376
 0.00000000000000  2.25262742392227
 0.00000000000000  1.75004784693705
 0.00000000000000  2.32766688427050
 0.00000000000000  4.52211237594326
 0.00000000000000  2.93442957164582
 0.00000000000000  3.65515203178969
 0.00000000000000  3.63836060926109
 0.00000000000000  1.29380603500413
 0.00000000000000  2.55365346861485
 0.00000000000000  1.63569856464936
 0.00000000000000  1.50421350819299
 0.00000000000000  1.53245595151690
 0.00000000000000  1.47285412538380
 0.00000000000000  2.78354966607366
 0.00000000000000  2.48822974257187
 0.00000000000000  1.78981153682058
 0.00000000000000  2.54008781802216
 0.00000000000000  2.39270325572251
 0.00000000000000  3.29580868976967
 0.00000000000000  1.89155895919151
 0.00000000000000  1.69537438399298
 0.00000000000000  2.04784892163707
 0.00000000000000  3.94362331123741
 0.00000000000000  2.32295282269509
 0.00000000000000  3.26222368239389
 0.00000000000000  2.08359514766986
 0.00000000000000  3.29817864441652
 0.00000000000000  2.96002911374943
 0.00000000000000  1.67355053985323
 0.00000000000000  3.44937520438492
 0.00000000000000  1.69422110512426
 0.00000000000000  2.65615648543257
 0.00000000000000  2.12643756474370
 0.00000000000000  2.49966571455552
 0.00000000000000  5.52288919965640
 0.00000000000000  2.63922149983011
 0.00000000000000  5.17575325503160
 0.00000000000000  3.12677340391016
 0.00000000000000  1.17377331347972
 0.00000000000000  1.41821474250328
 0.00000000000000  3.94660141592102
 0.00000000000000  3.45753349345925
 0.00000000000000  3.73911303491822
 0.00000000000000  2.49550178690964
 0.00000000000000  5.18536858762495
 0.00000000000000  2.17765688796003
 0.00000000000000  2.92041149416569
 0.00000000000000  1.66607225213991
 0.00000000000000  3.87195992942481
 0.00000000000000  3.35763630789055
 0.00000000000000  2.55422957214872
 0.00000000000000  1.81389212363606
 0.00000000000000  2.95616760795749
 0.00000000000000  1.65877669582821
 0.00000000000000  4.57782770403282
 0.00000000000000  1.43976821223451
 0.00000000000000  2.76866447017718
 0.00000000000000  2.49800203505574
 0.00000000000000  2.60950013667061
 0.00000000000000  4.53158587135342
 0.00000000000000  3.48325597918909
 0.00000000000000  3.01839376672867
 0.00000000000000 10.82191569692947
 0.00000000000000  2.07256362371846
 0.00000000000000  2.48029785440512
 0.00000000000000  1.39312456849251
 0.00000000000000  2.16686591722247
 0.00000000000000  2.12856966993374
 0.00000000000000  2.75798220365868
 0.00000000000000  2.45636106661424
 0.00000000000000  3.31985265785995
 0.00000000000000  2.95425947321448
 0.00000000000000  4.21845809462203
 0.00000000000000  1.50282936628772
 0.00000000000000  3.58168588291906
 0.00000000000000  1.97101604607909
 0.00000000000000  4.30956653180184
 0.00000000000000  2.27978741044271
 0.00000000000000  2.71636570237307
 0.00000000000000  2.50932948173493
 0.00000000000000  3.70436706393662
 0.00000000000000  2.31495382111763
 0.00000000000000  2.65021895183614
 0.00000000000000  3.28933648946609
 0.00000000000000  2.62614318332346
 0.00000000000000  2.24222056472585
 0.00000000000000  1.29677303783363
 0.00000000000000  1.80660410150855
 0.00000000000000  1.59584795901971
 0.00000000000000  2.51989262165883
 0.00000000000000  2.34818480060072
 0.00000000000000  2.45501286291950
 0.00000000000000  2.94698160142162
 0.00000000000000  1.42090807275706
 0.00000000000000  2.29615639852908
 0.00000000000000  1.73169287763263
 0.00000000000000  3.78118326224171
 0.00000000000000  3.88461452697706
 0.00000000000000  6.32580246879940
 0.00000000000000  6.31592235381256
 0.00000000000000  2.94907775479568
 0.00000000000000  2.91778360251961
 0.00000000000000  2.83305708548687
 0.00000000000000  2.47359220206761
 0.00000000000000  2.73960030605896
 0.00000000000000  3.26922086540279
 0.00000000000000  1.88465918063119
 0.00000000000000  3.51882154145127
 0.00000000000000  3.48134487490128
 0.00000000000000  3.58725735247120
 0.00000000000000  2.50133457178927
 0.00000000000000  2.77659639798035
 0.00000000000000  2.21037549403258
 0.00000000000000  1.92629849737905
 0.00000000000000  2.89420448949830
 0.00000000000000  3.79390988984208
 0.00000000000000  2.66965173192954
 0.00000000000000  3.08225815158730
 0.00000000000000  5.84028961858787
 0.00000000000000  3.82974645403088
 0.00000000000000  2.84762568950223
 0.00000000000000  1.40593157842227
 0.00000000000000  1.79808778800155
 0.00000000000000  1.39745578005663
 0.00000000000000  1.96656766263066
 0.00000000000000  2.05409944580660
 0.00000000000000  3.32000121537632
 0.00000000000000  2.99054918609816
 0.00000000000000  1.05604399986503
 0.00000000000000  1.96388636948417
 0.00000000000000  1.41155506838860
 0.00000000000000  3.63726288049186
 0.00000000000000  2.31220123487022
 0.00000000000000  1.74729538103126
 0.00000000000000  1.88792588183390
 0.00000000000000  2.39511366200618
 0.00000000000000  2.21199579202755
 0.00000000000000  2.91115174139135
 0.00000000000000  2.51911336384834
 0.00000000000000  1.86219066346285
 0.00000000000000  2.74940513544304
 0.00000000000000  0.96612804717763
 0.00000000000000  1.67157619345589
 0.00000000000000  1.92650526534986
 0.00000000000000  2.79763931673402
 0.00000000000000  2.03138846766975
 0.00000000000000  1.42186897491022
 0.00000000000000  2.91411230809000
 0.00000000000000  2.00278455244037
 0.00000000000000  3.26092550629849
 0.00000000000000  1.35452920184155
 0.00000000000000  2.63160025857345
 0.00000000000000  2.69301415620500
 0.00000000000000  3.42774232557482
 0.00000000000000  1.74525058399811
 0.00000000000000  3.18445394687130
 0.00000000000000  1.64049030792319
 0.00000000000000  1.32791002429979
 0.00000000000000  1.71031999187500
 0.00000000000000  1.95240005017233
 0.00000000000000  2.11928485350922
 0.00000000000000  2.07109988087205
 0.00000000000000  3.32600818591423
 0.00000000000000  2.73110923640073
 0.00000000000000  3.07860550688472
 0.00000000000000  3.80855401456295
 0.00000000000000  2.88339318110397
 0.00000000000000  2.95235781032966
 0.00000000000000  1.88020159666492
 0.00000000000000  3.24084711490768
 0.00000000000000  2.46179326320525
 0.00000000000000  1.50541853086763
 0.00000000000000  2.34365151359699
 0.00000000000000  1.19137287684301
 0.00000000000000  2.14269673535931
 0.00000000000000  2.15854400875030
 0.00000000000000  2.43317970151909
 0.00000000000000  3.89213668885446
 0.00000000000000  2.84135446019940
 0.00000000000000  2.02155749986900
 0.00000000000000  1.92359101871072
 0.00000000000000  2.05216755008358
 0.00000000000000  3.15762061440599
 0.00000000000000  2.23727615697025
 0.00000000000000  3.24584077163327
 0.00000000000000  1.75791452221048
 0.00000000000000  2.89663872971877
 0.00000000000000  1.83276181215294
 0.00000000000000  4.31602834861059
 0.00000000000000  3.13141536534123
 0.00000000000000  2.25152187654584
 0.00000000000000  2.84865748709144
 0.00000000000000  2.44286405986471
 0.00000000000000  1.86116157077970
 0.00000000000000  3.24877099578193
 0.00000000000000  2.81395886633608
 0.00000000000000  3.47568890698614
 0.00000000000000  3.39307448494996
 0.00000000000000  3.56797494979954
 0.00000000000000  4.10148016806657
 0.00000000000000  1.30689754796045
 0.00000000000000  2.43773287683316
 0.00000000000000  3.41250141713611
 0.00000000000000  1.98694607958208
 0.00000000000000  4.50539828333282
 0.00000000000000  1.24596317331966
 0.00000000000000  3.47517594726150
 0.00000000000000  2.35117800639621
 0.00000000000000  2.91955500498118
 0.00000000000000  2.46050992509752
 0.00000000000000  2.63280851404159
 0.00000000000000  1.98694890091526
 0.00000000000000  1.48094927537134
 0.00000000000000  2.00374461750595
 0.00000000000000  1.93698527031048
 0.00000000000000  3.08785921707746
 0.00000000000000  1.57733696372468
 0.00000000000000  1.98180893409182
 0.00000000000000  2.09206636285346
 0.00000000000000  1.88016824945532
 0.00000000000000  2.24107343777063
 0.00000000000000  1.29055853937118
 0.00000000000000  4.41473807962205
 0.00000000000000  2.84257885942799
 0.00000000000000  2.32300461867230
 0.00000000000000  3.12604268315333
 0.00000000000000  1.59008953812780
 0.00000000000000  2.96967930641689
 0.00000000000000  2.28699248949990
 0.00000000000000  2.17784051998624
 0.00000000000000  2.15396872384589
 0.00000000000000  1.91797206899296
 0.00000000000000  1.57309327300562
 0.00000000000000  2.55244802728142
 0.00000000000000  2.68232323666464
 0.00000000000000  2.08825969682551
 0.00000000000000  2.16350813298561
 0.00000000000000  6.69620524368524
 0.00000000000000  5.06949249783223
 0.00000000000000  1.34887064888714
 0.00000000000000  5.64287173457551
 0.00000000000000  2.22738699070046
 0.00000000000000  2.15607203711180
 0.00000000000000  1.62048049445301
 0.00000000000000  2.85108566012857
 0.00000000000000  1.73041266983445
 0.00000000000000  3.23117392213433
 0.00000000000000  2.31206621027685
 0.00000000000000  3.97012697252033
 0.00000000000000  4.24354570290617
 0.00000000000000  2.44932461108018
 0.00000000000000  2.52010669619643
 0.00000000000000  3.78934379612316
 0.00000000000000  4.62778727668237
 0.00000000000000  3.07290718508562
 0.00000000000000  4.76923589543369
 0.00000000000000  2.85489244230557
 0.00000000000000  2.21877873505862
 0.00000000000000  3.19893461070835
 0.00000000000000  2.52573157738694
 0.00000000000000  5.02475488695953
 0.00000000000000  2.26003711318870
 0.00000000000000  5.47917552547175
 0.00000000000000  4.96071020420881
 0.00000000000000  3.28400372626110
 0.00000000000000  1.97966101001092
 0.00000000000000  2.12991515716189
 0.00000000000000  3.40031740898202
 0.00000000000000  2.04479778383583
 0.00000000000000  2.39718455035545
 0.00000000000000  6.38809449301210
 0.00000000000000  1.89996647173578
 0.00000000000000  2.80725941068237
 0.00000000000000  1.95183901077908
 0.00000000000000  3.04069150725949
 0.00000000000000  1.99893755164494
 0.00000000000000  0.81335900028054
 0.00000000000000  3.09933052422849
 0.00000000000000  2.73813597335366
 0.00000000000000  1.54636558202581
 0.00000000000000  2.32107564314976
 0.00000000000000  2.02273156464857
 0.00000000000000  3.15293866092148
 0.00000000000000  2.87864139481959
 0.00000000000000  2.11346790402397
 0.00000000000000  1.42583702987677
 0.00000000000000  1.53091119837301
 0.00000000000000  1.90096389677899
 0.00000000000000  4.67841676942193
 0.00000000000000  1.70499206506375
 0.00000000000000  2.70439390971697
 0.00000000000000  1.18061880707383
 0.00000000000000  2.11018997062241
 0.00000000000000  3.87630673965463
 0.00000000000000  2.55727499970880
 0.00000000000000  2.19697065368746
 0.00000000000000  1.32902236550520
 0.00000000000000  1.18318595084858
 0.00000000000000  1.85474229850344
 0.00000000000000  2.58380594761711
 0.00000000000000  3.28936540821055
 0.00000000000000  3.24470764885850
 0.00000000000000  4.25750311555353
 0.00000000000000  2.31958770457475
 0.00000000000000  2.18666865123352
 0.00000000000000  3.53959221071985
 0.00000000000000  1.82026530695265
 0.00000000000000  1.44228003539898
 0.00000000000000  2.38295667418135
 0.00000000000000  5.28316544237415
 0.00000000000000  1.06287008726393
 0.00000000000000  1.17147444034097
 0.00000000000000  1.67834384679496
 0.00000000000000  2.63419512828126
 0.00000000000000  3.86793632422458
 0.00000000000000  2.42707103592427
 0.00000000000000  4.72794886230945
 0.00000000000000  3.83258608671576
 0.00000000000000  3.72599993134353
 0.00000000000000  2.85022729531175
 0.00000000000000  2.55585839126780
 0.00000000000000  1.56604171187963
 0.00000000000000  1.92932139818415
 0.00000000000000  4.58208151911111
 0.00000000000000  2.92219545019834
 0.00000000000000  4.71464532206621
 0.00000000000000  4.21670691453727
 0.00000000000000  2.58752142574782
 0.00000000000000  3.01724528094622
 0.00000000000000  1.81194445758643
 0.00000000000000  2.41448961814673
 0.00000000000000  2.80040921384130
 0.00000000000000  1.98945284121416
 0.00000000000000  2.19570053167459
 0.00000000000000  5.38454255967268
 0.00000000000000  3.99595016686636
 0.00000000000000  1.58606853097786
 0.00000000000000  5.19051763839704
 0.00000000000000  2.77404468889146
 0.00000000000000  2.27299372413024
 0.00000000000000  2.43027324638706
 0.00000000000000  3.63876295085394
 0.00000000000000  4.62869046493032
 0.00000000000000  1.96710153874634
 0.00000000000000  1.54430690222317
 0.00000000000000  2.27501831848086
 0.00000000000000  1.52797094478268
 0.00000000000000  3.66775802863566
 0.00000000000000  2.93890380099477
 0.00000000000000  3.26550740377003
 0.00000000000000  0.75522885543156
 0.00000000000000  1.84301880472228
 0.00000000000000  2.96935066798922
 0.00000000000000  2.99455239460937
 0.00000000000000  3.44414265159578
 0.00000000000000  1.51289981492526
 0.00000000000000  2.20094993836171
 0.00000000000000  5.51323284024026
 0.00000000000000  2.97301638984259
 0.00000000000000  3.50694376837861
 0.00000000000000  1.78789345600876
 0.00000000000000  2.45338389493490
 0.00000000000000  1.70367711818962
 0.00000000000000  3.83957010113707
 0.00000000000000  3.67186140457458
 0.00000000000000  2.68415233461574
 0.00000000000000  4.05131939339805
 0.00000000000000  4.13675156175574
 0.00000000000000  2.35388278391594
 0.00000000000000  2.34940393833709
 0.00000000000000  3.29646192121985
 0.00000000000000  1.67685522729352
 0.00000000000000  2.14668163888401
 0.00000000000000  4.43666133843002
 0.00000000000000  1.79029306794950
 0.00000000000000  3.08253250716173
 0.00000000000000  3.80624158432605
 0.00000000000000  3.94235039619472
 0.00000000000000  1.61020726987644
 0.00000000000000  1.91563242694328
 0.00000000000000  1.53747705641263
 0.00000000000000  1.75811745410593
 0.00000000000000  1.88398384551150
 0.00000000000000  2.16234979518140
 0.00000000000000  4.74231163605180
 0.00000000000000  4.57285638673605
 0.00000000000000  3.03822002248657
 0.00000000000000  2.85914850749929
 0.00000000000000  2.30517844203385
 0.00000000000000  4.86317963897094
 0.00000000000000  3.44442542856693
 0.00000000000000  2.22407265727385
 0.00000000000000  1.75245276643954
 0.00000000000000  2.04010482218294
 0.00000000000000  2.81453949775610
 0.00000000000000  1.63242388954548
 0.00000000000000  1.55430731246513
 0.00000000000000  1.13935796009037
 0.00000000000000  1.61648517941111
 0.00000000000000  1.96720562046952
 0.00000000000000  2.33701705956007
 0.00000000000000  2.25263569447438
 0.00000000000000  2.82266956968618
 0.00000000000000  4.59383671479238
 0.00000000000000  2.07010114327535
 0.00000000000000  1.67103810509162
 0.00000000000000  2.05239801133233
 0.00000000000000  1.02462999861324
 0.00000000000000  3.49682435363954
 0.00000000000000  2.09414431335521
 0.00000000000000  2.47947095672491
 0.00000000000000  2.30917157037051
 0.00000000000000  2.59764320121142
 0.00000000000000  2.78512971148177
 0.00000000000000  3.33374853635985
 0.00000000000000  2.18710238226674
 0.00000000000000  2.32712185201261
 0.00000000000000  2.37703329712557
 0.00000000000000  4.31456533534594
 0.00000000000000  3.22407941076250
 0.00000000000000  3.79892879540270
 0.00000000000000  3.09284650700915
 0.00000000000000  2.38168487442624
 0.00000000000000  4.27120267297135
 0.00000000000000  1.07052610095701
 0.00000000000000  3.04004602005416
 0.00000000000000  3.99717013982557
 0.00000000000000  2.81309188222229
 0.00000000000000  2.03345979557624
 0.00000000000000  2.86127316163392
 0.00000000000000  2.32270976815560
 0.00000000000000  2.86249590003823
 0.00000000000000  3.36577590515496
 0.00000000000000  2.00668638650928
 0.00000000000000  1.31812182057081
 0.00000000000000  1.84447372891220
 0.00000000000000  2.10219138232379
 0.00000000000000  1.00230822646340
 0.00000000000000  2.44728237111100
 0.00000000000000  2.87741594780325
 0.00000000000000  2.03249136134073
 0.00000000000000  1.76249676129172
 0.00000000000000  4.16799594969981
 0.00000000000000  3.95480082795492
 0.00000000000000  3.72164311231711
 0.00000000000000  2.13619510351773
 0.00000000000000  2.87310375995636
 0.00000000000000  2.57358045138179
 0.00000000000000  2.29076514945980
 0.00000000000000  2.46827881781162
 0.00000000000000  1.81855629435427
 0.00000000000000  1.83190652462568
 0.00000000000000  3.19053603959779
 0.00000000000000  2.77492457246524
 0.00000000000000  2.07682423848564
 0.00000000000000  2.55738068498887
 0.00000000000000  3.19604480236012
 0.00000000000000  2.65847479290588
 0.00000000000000  3.71953627279052
 0.00000000000000  1.87749837577490
 0.00000000000000  2.77203622699607
 0.00000000000000  2.11798048197783
 0.00000000000000  3.28371814513311
 0.00000000000000  1.76922877547934
 0.00000000000000  1.41221029261591
 0.00000000000000  1.68683198128235
 0.00000000000000  1.96132413789906
 0.00000000000000  2.94484290746961
 0.00000000000000  2.54457185681195
 0.00000000000000  3.49122787957645
 0.00000000000000  1.44544591747609
 0.00000000000000  2.01082303311661
 0.00000000000000  1.83538129288070
 0.00000000000000  3.04355014154374
 0.00000000000000  1.96434700794624
 0.00000000000000  3.11230272695425
 0.00000000000000  2.63744498782458
 0.00000000000000  3.18368632104513
 0.00000000000000  1.95435814552321
 0.00000000000000  1.86049505579156
 0.00000000000000  4.71782650409776
 0.00000000000000  3.10740063370814
 0.00000000000000  2.81665920934017
 0.00000000000000  0.99761418605888
 0.00000000000000  2.33294932620302
 0.00000000000000  3.35789229710232
 0.00000000000000  2.68753978218259
 0.00000000000000  2.08555306622386
 0.00000000000000  2.70312615043502
 0.00000000000000  1.09039601420572
 0.00000000000000  1.64387727769584
 0.00000000000000  1.52425985934471
 0.00000000000000  2.85928474743940
 0.00000000000000  1.73707259937570
 0.00000000000000  3.33085913538806
 0.00000000000000  2.64130683315617
 0.00000000000000  3.91850132564769
 0.00000000000000  2.12979518754841
 0.00000000000000  2.05612930299198
 0.00000000000000  3.44936283780449
 0.00000000000000  2.66688495658085
 0.00000000000000  1.97337084367521
 0.00000000000000  1.84012595720124
 0.00000000000000  1.01229957671520
 0.00000000000000  1.51994490493458
 0.00000000000000  2.38600068246569
 0.00000000000000  2.50476947784067
 0.00000000000000  1.60731221897627
 0.00000000000000  2.67877262355589
 0.00000000000000  1.76807187595642
 0.00000000000000  1.74811867381080
 0.00000000000000  3.30089668405609
 0.00000000000000  5.31512024747003
 0.00000000000000  2.99857892311265
 0.00000000000000  3.45100614159560
 0.00000000000000  1.90814822857865
 0.00000000000000  2.23186293447559
 0.00000000000000  1.21012563690969
 0.00000000000000  3.93041216194458
 0.00000000000000  2.70780629089511
 0.00000000000000  2.55336443190461
 0.00000000000000  2.04931977085159
 0.00000000000000  2.16684738194369
 0.00000000000000  3.15745754403267
 0.00000000000000  2.45628634872956
 0.00000000000000  1.66278251168495
 0.00000000000000  2.54617739188789
 0.00000000000000  1.17528378802698
 0.00000000000000  2.00572390193909
 0.00000000000000  2.09218183763190
 0.00000000000000  2.69849630551165
 0.00000000000000  3.04588675163293
 0.00000000000000  2.10441100720339
 0.00000000000000  1.39347041048879
 0.00000000000000  2.69076858645991
 0.00000000000000  4.36489485816300
 0.00000000000000  3.36589916107728
 0.00000000000000  1.25120312399009
 0.00000000000000  2.21360035370373
 0.00000000000000  5.62978955497780
 0.00000000000000  2.51210005561316
 0.00000000000000  2.42923539191943
 0.00000000000000  3.87460527498132
 0.00000000000000  2.17540748323716
 0.00000000000000  1.50642362813543
 0.00000000000000  2.48890161159626
 0.00000000000000  3.32008898284884
 0.00000000000000  1.42642771356497
 0.00000000000000  2.08197200278305
 0.00000000000000  2.10395572135210
 0.00000000000000  2.33333270056442
 0.00000000000000  3.00104907363153
 0.00000000000000  3.48352976763594
 0.00000000000000  1.93953424476672
 0.00000000000000  1.27193583113485
 0.00000000000000  2.20478156521092
 0.00000000000000  1.95534595782952
 0.00000000000000  0.68390715375542
 0.00000000000000  4.51738215758818
 0.00000000000000  2.23610054003701
 0.00000000000000  1.02751113938962
 0.00000000000000  1.90423318938469
 0.00000000000000  1.86591130769769
 0.00000000000000  3.21445719058166
 0.00000000000000  1.01197931412909
 0.00000000000000  3.16695093268793
 0.00000000000000  2.33082500862534
 0.00000000000000  3.31889530427338
 0.00000000000000  2.40611194858039
 0.00000000000000  2.65174707080953
 0.00000000000000  1.54686921460327
 0.00000000000000  2.18069992910862
 0.00000000000000  2.55993816211336
 0.00000000000000  2.37987879783546
 0.00000000000000  2.68069823908558
 0.00000000000000  1.82176918636927
 0.00000000000000  2.49876167855327
 0.00000000000000  4.16647149992758
 0.00000000000000  5.13194605901099
 0.00000000000000  2.37631863043830
 0.00000000000000  1.47538630326341
 0.00000000000000  4.29322666202163
 0.00000000000000  2.30186377565460
 0.00000000000000  3.39968127955979
 0.00000000000000  1.96275752836048
 0.00000000000000  3.45739101307501
 0.00000000000000  1.51210057993237
 0.00000000000000  2.06709191560796
 0.00000000000000  2.72849178347104
 0.00000000000000  1.44186260334818
 0.00000000000000  1.66738059267787
 0.00000000000000  1.53522025504893
 0.00000000000000  1.16058234513738
 0.00000000000000  3.36803330784377
 0.00000000000000  2.21659205799821
 0.00000000000000  3.15503992480210
 0.00000000000000  1.77956730856481
 0.00000000000000  2.17783672179811
 0.00000000000000  3.91549972853355
 0.00000000000000  1.94641224849685
 0.00000000000000  1.61583488083319
 0.00000000000000  2.53678004079365
 0.00000000000000  2.96408542237424
 0.00000000000000  4.39614217922042
 0.00000000000000  2.90191597746665
 0.00000000000000  3.26744557766601
 0.00000000000000  2.59233719208943
 0.00000000000000  2.59534565697876
 0.00000000000000  5.34807315456722
 0.00000000000000  1.85788559191476
 0.00000000000000  3.71365412750351
 0.00000000000000  2.57267466233706
 0.00000000000000  2.39802535223284
 0.00000000000000  2.55143970980446
 0.00000000000000  3.50542243768319
 0.00000000000000  3.80560780471362
 0.00000000000000  2.80870005757376
 0.00000000000000  2.36160391590223
 0.00000000000000  2.31270072717368
 0.00000000000000  2.43910569974389
 0.00000000000000  2.15056597823444
 0.00000000000000  2.01587484194721
 0.00000000000000  2.91687293146110
 0.00000000000000  1.28605830692941
 0.00000000000000  1.91088047412046
 0.00000000000000  2.91041875026401
 0.00000000000000  1.85956928100662
 0.00000000000000  1.74034501550185
 0.00000000000000  1.57280750717216
 0.00000000000000  3.34677135557156
 0.00000000000000  1.99806176340288
 0.00000000000000  2.65191049215164
 0.00000000000000  3.21459944135029
 0.00000000000000  2.31620071857561
 0.00000000000000  1.61339334397956
 0.00000000000000  3.47196533906452
 0.00000000000000  2.70247891368185
 0.00000000000000  1.91043068718969
 0.00000000000000  1.93925467693895
 0.00000000000000  2.48376054009746
 0.00000000000000  2.22848255880857
 0.00000000000000  3.07909059459547
 0.00000000000000  1.87255713598880
 0.00000000000000  2.00207501976996
 0.00000000000000  1.27315247062524
 0.00000000000000  1.78333093881478
 0.00000000000000  2.94555990432064
 0.00000000000000  2.35478883644659
 0.00000000000000  3.62587560060864
 0.00000000000000  1.66022508100357
 0.00000000000000  1.98218143009572
 0.00000000000000  2.22921035400693
 0.00000000000000  1.77462533687161
 0.00000000000000  2.98849838887626
 0.00000000000000  2.11217477812730
 0.00000000000000  2.28406419049851
 0.00000000000000  2.06289784567820
 0.00000000000000  3.02390002395639
 0.00000000000000  2.68087061831198
 0.00000000000000  1.64813400389588
 0.00000000000000  1.78273678266225
 0.00000000000000  1.28305616212767
 0.00000000000000  1.70744268916833
 0.00000000000000  2.10159623516892
 0.00000000000000  1.24242376557372
 0.00000000000000  1.18150469413290
 0.00000000000000  2.53686366386908
 0.00000000000000  1.30220554540088
 0.00000000000000  1.33172302159138
 0.00000000000000  2.65155040354672
 0.00000000000000  5.70948084032397
 0.00000000000000  1.58454339639715
 0.00000000000000  2.88093632145371
 0.00000000000000  3.45697701512921
 0.00000000000000  2.60138398260554
 0.00000000000000  3.43322816258181
 0.00000000000000  2.24753184429136
 0.00000000000000  1.62340780478804
 0.00000000000000  1.53726209529432
 0.00000000000000  1.84948718702894
 0.00000000000000  2.63785215468281
 0.00000000000000  1.39317487347228
 0.00000000000000  1.74644304317590
 0.00000000000000  1.34110563744433
 0.00000000000000  1.11879737716024
 0.00000000000000  1.87592395152677
 0.00000000000000  3.00570106413705
 0.00000000000000  1.67620576421743
 0.00000000000000  2.62498046388196
 0.00000000000000  2.46225618530858
 0.00000000000000  2.26987615933808
 0.00000000000000  1.56310283244798
 0.00000000000000  2.71911281979008
 0.00000000000000  3.23622897750571
 0.00000000000000  3.53120567220363
 0.00000000000000  1.48256920526816
 0.00000000000000  2.04546307530215
 0.00000000000000  2.75850590099234
 0.00000000000000  2.38394258895221
 0.00000000000000  1.19953046168579
 0.00000000000000  1.27914453091734
 0.00000000000000  1.60137609200538
 0.00000000000000  2.75944591540209
 0.00000000000000  2.92938947795003
 0.00000000000000  4.12351352133838
 0.00000000000000  2.51645032064870
 0.00000000000000  1.65508805334042
 0.00000000000000  4.05507515866504
 0.00000000000000  2.63986150824490
 0.00000000000000  1.91040182677667
 0.00000000000000  2.32032326329658
 0.00000000000000  2.62974390684294
