3.00108893735138
3.02081247911680
3.00765337388774
3.02558159334860
3.02339748674648
3.01005441091447
3.00229912391124
3.03591418466773
3.05234405115943
3.00601113172993
3.04049376947052
3.00052177558170
3.00794316022662
3.00794316022662
3.01554535739610
3.00449637292320
3.00186840814191
3.00570512673300
3.01750069960285
3.01385750562355
3.01153638072459
3.01153638072459
3.00107321337672
3.00973055662102
3.01184255447915
3.02541169726437
3.05684381697377
3.01408910720413
3.00619460616454
3.00619460616454
3.00228802437889
3.01790091457970
3.00069504547986
3.01079559814227
3.00113020135565
3.02882204950358
3.01117509319491
3.00471827429676
3.00190619869903
3.00960568105239
3.01000233053801
3.01959959320471
3.00223648407894
3.01227338558846
3.03310992087441
3.00096414737924
3.01390585384445
3.00093106666590
3.01988876309340
3.02016002619336
3.01200666376630
3.01190984871366
3.01506281459225
3.00231900324713
3.00231900324713
3.00231900324713
3.00814496557987
3.00492157750087
3.00007002148534
3.00505380437164
3.00007948699254
3.00811926463263
3.00811926463263
3.01382420558298
3.01854523891947
3.00384805919167
3.00993092708356
3.02481661387766
3.00766615522373
3.00770058930911
3.00752032125993
3.00192285182131
3.00192285182131
3.03079958407291
3.02968406389188
3.03393208653021
3.00075178563504
3.00086494752391
3.00086494752391
3.00086494752391
3.00086494752391
3.01323708440234
3.01534228787760
3.00299055765654
3.00086301785410
3.00551927794136
3.01211014606359
3.00082376007722
3.00160091019333
3.00344211816542
3.02536305324502
3.04494181324089
3.03494618974271
3.00831347656362
3.00152654865399
3.00875551775026
3.00378000763164
3.00846391825625
3.01027353769388
3.01394304819391
3.00732987495144
3.01276327879842
3.00426338876250
3.02499974951027
3.02184339595745
3.00857725069446
3.03176878422774
3.00943366366534
3.00988738167625
3.00084095714438
3.00458355336768
3.02108546829653
3.02394870250195
3.03437473993504
3.00063923391706
3.01056763659923
3.00503592310730
3.00174762083267
3.00049536183629
3.00733520599291
3.00131718383349
3.01278154603383
3.01975597355578
3.02478549766935
3.05286616482821
3.01461168810137
3.00718082841792
3.00189183058335
3.01640175365209
3.01962320702991
3.02581617343463
3.02212972301810
3.00466639463709
3.01670581877482
3.00150413590104
3.00831173469090
3.00097433827001
3.00432626481242
3.03874372119208
3.00415062961679
3.00157573056940
3.03661594412364
3.01251509288835
3.03965061261829
3.00402076746190
3.00476622000087
3.00329000478128
3.00329000478128
3.00329000478128
3.00686305434062
3.00025662005976
3.00916305201268
3.02418286126837
3.00516093811452
3.00516093811452
3.01912459164963
3.00709134555499
3.00130096324342
3.00362791712601
3.00362791712601
3.00986717053495
3.02112820753791
3.01673922479542
3.00332072166167
3.00181164923665
3.00461574756653
3.01589282628994
3.00059639607868
3.00980685524194
3.00746911613477
3.02553084051454
3.02011698487512
3.00032116187079
3.00013762902870
3.00215368489388
3.00906057470024
3.02033168085096
3.01835798378571
3.01915083332839
3.00350595280337
3.00350595280337
3.00367069562734
3.00503633585803
3.03779802926558
3.00693231258932
3.00714433275858
3.00714433275858
3.02067969721412
3.05724600382297
3.00317343516878
3.00317343516878
3.00043854806308
3.04118377327949
3.01745898804224
3.01507026773901
3.01150328410021
3.02565461593971
3.01241571219236
3.03188227950897
3.00200196126583
3.00200196126583
3.04341654250331
3.01606996227858
3.00376564992497
3.00128416933917
3.00022808338471
3.01579796628234
3.01591117785109
3.01188755073032
3.00269632219954
3.00269632219954
3.01377854681033
3.00300418326620
3.00417976661989
3.01030970582788
3.00745679984218
3.00982858853524
3.00950330009769
3.05657883541012
3.00338704779059
3.00163169390562
3.00163169390562
3.00964731057506
3.01545855124417
3.00796038907194
3.00305044992305
3.02569554816931
3.02178891955684
3.02988345558602
3.01659192099853
3.00590152248206
3.02651392657879
3.02962016020969
3.00040927521525
3.00083182691725
3.00168113724317
3.00168113724317
3.00404837675848
3.01225222830659
3.00937930202439
3.00395888930847
3.00395888930847
3.00111019780289
3.00100913983815
3.00757830521737
3.02139697630234
3.00258889403329
3.03485641993805
3.01834169583440
3.02444798389503
3.00066860583267
3.00346512774578
3.00519839309141
3.01168542393841
3.00189578790500
3.02735211834114
3.01235190435974
3.03576387814874
3.01146216388554
3.00448226451796
3.02647047551456
3.00362597822636
3.01460496692102
3.03712063686996
3.03611627729407
3.05018661584727
3.00192788337193
3.02703186880288
3.02840941698818
3.00060723490105
3.01574085023449
3.05089102213304
3.00785341570633
3.00805444857249
3.02066483710332
3.00340205251565
3.00026047864082
3.01099159052998
3.01146919614756
3.00305261929252
3.07261933689987
3.00101838699565
3.03571566537375
3.03712129435892
3.00137048136417
3.00545970619304
3.00522637755741
3.00427569438272
3.02187654868187
3.04118294066775
3.00050186928311
3.02061554361826
3.00394734585130
3.00475237479167
3.01625646135428
3.00087979693253
3.00868832047084
3.01874992900232
3.02489658936415
3.00546989570914
3.00514797298146
3.00088152025881
3.00088152025881
3.00465776602998
3.00076893358530
3.00044301235329
3.00306364790832
3.01251886316489
3.00558158349268
3.00066122764127
3.00066122764127
3.00208722507595
3.00294449156546
3.00814097875401
3.00542055271144
3.00428880901967
3.00154795479445
3.02311167535103
3.00487941647846
3.01467007202819
3.02252052390407
3.00273694945020
3.00273694945020
3.00273694945020
3.02701929370823
3.03692795404407
3.01745305766037
3.00216646466192
3.02502448285160
3.03455561748808
3.01495588016477
3.00485123240437
3.00485123240437
3.03301201137319
3.00108641038480
3.00108641038480
3.03102494095989
3.04154795731562
3.00507041622680
3.01527656883943
3.00582646291296
3.02200827779530
3.01690394806488
3.01972728664038
3.02389113156256
3.00842459622342
3.02765440077666
3.01323235753437
3.02077074222269
3.01080337651893
3.00248342063813
3.01100588047060
3.01897077390950
3.00977367068084
3.00679678238882
3.00443152657040
3.00422476741215
3.01162656484287
3.01819976750341
3.02669538941359
3.00901947361768
3.00407450453104
3.01505720295117
3.03536210710222
3.02465420772760
3.01478392782831
3.00342650584796
3.00342650584796
3.01108747187620
3.02444868441845
3.00841014276094
3.03641038223277
3.01296851007454
3.04595086114888
3.00233472040867
3.00354212909354
3.00354212909354
3.01395730524228
3.01416173798740
3.00030216486469
3.02423862195421
3.02423862195421
3.01372637157057
3.00002715248267
3.00411351560229
3.02524037916538
3.03237065101795
3.00304556541646
3.00750188883006
3.00637023029473
3.00242091227884
3.01001113184297
3.00650031654522
3.01598950453440
3.01598950453440
3.01237080730728
3.00174465173728
3.01234385852286
3.01987209200635
3.01411819377229
3.05712583274586
3.02086965863472
3.01558641640870
3.02449897256784
3.00645513287860
3.02072548855294
3.00507921654717
3.00304018247778
3.02527175344163
3.00602383521576
3.00018422497098
3.01780101135776
3.00297961291307
3.00689938458614
3.00286448137042
3.00286448137042
3.00880235830794
3.00705057460941
3.00705057460941
3.01472523681928
3.02553752834826
3.00331830647507
3.00546265160443
3.01503765729075
3.00430411751644
3.01952059202019
3.00549274895978
3.02031293763898
3.00573961117607
3.01201841784773
3.01201841784773
3.00955214378832
3.00955214378832
3.02146260114617
3.01723315384467
3.01136890877412
3.02372837951997
3.02000572379903
3.02024608763635
3.00706760680431
3.00706760680431
3.00405569553486
3.00144735921570
3.02586324544501
3.00571454947717
3.01175027107411
3.00267443794447
3.04308462004995
3.03637533639487
3.00577923625708
3.00371147769679
3.00185719193181
3.00280514022649
3.00763853688969
3.02192060870606
3.01888192053940
3.00943889620078
3.02432829851918
3.00785112415492
3.00092979586462
3.00845104201206
3.01037289253725
3.00473705125225
3.01581984098653
3.02604123677861
3.00703328359406
3.02303988503389
3.00289263866619
3.00354262243576
3.00513935406923
3.00544715620014
3.00197191751478
3.02081225582381
3.00080263012746
3.00615155669554
3.00301657782944
3.00301657782944
3.05742002608469
3.01157534387229
3.00340612206102
3.01438942307456
3.01943277169800
3.01510310225329
3.01065774557560
3.01256229283645
3.01921674209109
3.00744613153974
3.01857022777466
3.00900194028807
3.06533538703128
3.02431694263084
3.01214427284250
3.00413200335443
3.05016005406841
3.01614738493654
3.00222824732275
3.01910324376854
3.00375204267508
3.00334359015640
3.02644299521847
3.00441643129505
3.01846215151241
3.02604890747960
3.02420178232160
3.00344671755323
3.00821844416712
3.00722914425492
3.10835918408601
3.00864772487955
3.02485515284736
3.03313309254235
3.00131624755732
3.00460034123226
3.01006021909060
3.01138606170620
3.00028792899846
3.00972446802594
3.02179138104629
3.00672880886419
3.01460640771479
3.02784079571219
3.00683059881469
3.00692830235949
3.01457534560562
3.01041437244288
3.00244288729684
3.00297163535723
3.00556079958795
3.02613667294819
3.00664841003528
3.05094033795375
3.08911179196880
3.00318710177143
3.01393841158612
3.00806231336908
3.01950102734345
3.04166002805561
3.05442155756219
3.01212782659173
3.04393734813066
3.00330157134383
3.01218888454191
3.01264436695709
3.00657628935331
3.00246163340948
3.00969930887214
3.00157470823769
3.00311640184528
3.00371436686428
3.02424082480848
3.01310265637306
3.00353710130540
3.02178505532997
3.03301065707068
3.00625313015837
3.01417976467755
3.01374709798377
3.01040140645074
3.02006652947024
3.00041895296989
3.03998037852445
3.00021739833113
3.06590416970900
3.00736256101645
3.02717604527740
3.01190100981867
3.01282748066530
3.01536211774659
3.00619334964671
3.01861291402814
3.00806593225040
3.00833324841060
3.00100250088384
3.02986477984090
3.00510539271854
3.00038128082789
3.00523967351430
3.01360210386008
3.00662890860356
3.00167452687031
3.05984241446351
3.00175715611518
3.01804518112936
3.01668287130529
3.00374800598216
3.00374800598216
3.00120829503940
3.01947157891677
3.02083069058075
3.01448037487638
3.02105722686879
3.00015880403791
3.00466661980255
3.00704667529915
3.03871755612935
3.01310685454481
3.00563404705038
3.00013406360326
3.00114887285718
3.01273649671957
3.00922163976244
3.00271745089413
3.01409888823821
3.00685850936689
3.00717429079692
3.00372314751382
3.03952524077333
3.01467524903234
3.02017625080834
3.02382447458897
3.00662232024868
3.03103061077520
3.01249233249726
3.01249233249726
3.02786795497872
3.00153231279573
3.00487797229482
3.00955282291733
3.00496730665633
3.01701582084975
3.01651463834286
3.03533282792035
3.08825937297595
3.02199913309945
3.05707579051812
3.00112602026920
3.01443201336378
3.00054966799368
3.00095418712164
3.00760687495767
3.00480205390060
3.01820083647807
3.04197109765254
3.01268676729157
3.00702125162039
3.06392226595927
3.00791211978537
3.00886224596162
3.01649769392207
3.00407637190972
3.00317966790525
3.00001016494324
3.00798650050253
3.04407162904652
3.03506602561781
3.01484678967192
3.00475363846999
3.00406997370613
3.01777579296167
3.01475236567144
3.00130748694138
3.00135065584673
3.00092020033538
3.00092020033538
3.01549589534129
3.00160641481963
3.00160641481963
3.00486617527197
3.00573538123260
3.00573538123260
3.02146044672498
3.00764042191570
3.00663789507788
3.01646492065127
3.00035008759170
3.00352054107825
3.01701615497880
3.03546154171952
3.01984828281712
3.01031833872147
3.00464309653955
3.05287043744872
3.02887307176267
3.02030306963817
3.01230518749164
3.00463158199649
3.00249919056918
3.01636673487208
3.02547339658702
3.00367757070236
3.00603861129855
3.01681755668715
3.00830428297907
3.00038081477446
3.00038081477446
3.00669050752748
3.02335158942605
3.00359119695989
3.01740277536619
3.02129937571283
3.01121597713925
3.00533860845599
3.01596531979986
3.00427605282731
3.01009590270191
3.02275390805509
3.01498177821369
3.00980138112600
3.02235963148832
3.01634100158095
3.00215755923089
3.00975494061985
3.01076782464350
3.00227817150244
3.00026636776654
3.00529586396408
3.03024314637827
3.01310066810763
3.00727369816335
3.02243379834567
3.00986580192108
3.00130932201314
3.00193138137548
3.01082226640410
3.01785719544754
3.00952246247315
3.00190167184278
3.00669414234176
3.02917979393525
3.01252305635814
3.03603273151581
3.05111567006285
3.00593988901679
3.00593988901679
3.00479725548472
3.03230497115294
3.00234291185288
3.01662613435209
3.00702161114371
3.01881664704811
3.01333486124537
3.00814194385323
3.02782397664762
3.02379432451455
3.01321638424388
3.01191216151820
3.00296350717366
3.00716059388894
3.00214807453936
3.02517560018503
3.04108875346804
3.00970566797646
3.01937025931142
3.00765255002208
3.00997303298103
3.02982494376926
3.00315656858969
3.00093368955322
3.01634301992434
3.00298850739747
3.02148165834529
3.00009288067287
3.00383657759338
3.00576797614823
3.00340406147229
3.00219464302673
3.01448035839203
3.00587458495746
3.00490954708306
3.00490954708306
3.00085090126443
3.01858934621266
3.01424831642428
3.00626186945162
3.00626186945162
3.02124192918477
3.00114433234439
3.00185387174300
3.00508199475880
3.00281727572998
3.00088115236737
3.00497577043705
3.00178402412619
3.04310090287339
3.00042421854884
3.01619390335447
3.01408199625536
3.00903434375896
3.07311750137236
3.00257927410514
3.00202817322993
3.00733746708305
3.00654978025064
3.00825150426928
3.02231470780167
3.00791264558356
3.00102015834696
3.00073662934897
3.01240634966740
3.01205552317171
3.02997688256733
3.01307239799009
3.00871358994198
3.00688207057306
3.02629045031889
3.00063867831478
3.02382351136248
3.00039672006222
3.00689426664207
3.00645401551394
3.00603077604050
3.00382519425592
3.01374499666434
3.00093117673653
3.00187488416729
3.00339097241447
3.00882969614748
3.00013734113410
3.01168285443116
3.00701985767523
3.00868826161600
3.00561775872350
3.00561619496416
3.00561619496416
3.00279144213441
3.03215599473006
3.00733464319898
3.00860915591459
3.00076558198166
3.00295578489267
3.01408244013729
3.00269900793057
3.00176119445730
3.00165363193326
3.02504202884173
3.00175507174876
3.00913751000461
3.00992686822755
3.02594406066826
3.00184762777665
3.00030673797642
3.04620997711606
3.00655868118753
3.01813152082562
3.00343815366116
3.00343815366116
3.01329170330228
3.02344794489653
3.01011666685113
3.01687336073801
3.00189448947354
3.00157241274255
3.04123261511444
3.06599905698498
3.00149122498740
3.00360945977693
3.00360945977693
3.00247153332935
3.02764119667055
3.01320240407336
3.01690239088777
3.00069190567370
3.00181286518818
3.00410614442170
3.00993949966353
3.00816862538100
3.00549328615443
3.00785896672429
3.00823947256460
3.00580084436668
3.00580084436668
3.00270805884421
3.02717679365342
3.02216488220451
3.01947785113711
3.01215122834880
3.02885958294364
3.01003474297934
3.00084015472324
3.00287719422808
3.00236565829789
3.01386868172839
3.00436808783480
3.00380755397924
3.02798380300627
3.04641034825592
3.02117114892211
3.00649479519721
3.02950119148900
3.02744778798895
3.03841495431754
3.02211325720784
3.01856148120758
3.05764431219126
3.03732915999504
3.00033096592621
3.04017464836530
3.00072145933665
3.00537106399342
3.00557736067858
3.00215565732290
3.00787587237019
3.02693638960861
3.01213381055137
3.05065086677054
3.01196250607042
3.00268180086409
3.01696103545467
3.00815829257768
3.02214064899752
3.01557703709157
3.01557703709157
3.00504282222069
3.00019480302804
3.00494715950694
3.00377104111757
3.00810317074340
3.00626127468150
3.01670434167507
3.00708175008929
3.02359135833149
3.02359135833149
3.02293072632593
3.02042778453279
3.03985271543111
3.00546448304774
3.00232058404019
3.00232058404019
3.00232058404019
3.01827087730034
3.00747681575179
3.00813393314304
3.00422469581615
3.05164399737262
3.00207706752286
3.00581208734624
3.01913576555173
3.01581115939013
3.00431008589537
3.00044973494811
3.02652556453704
3.05365237503036
3.03289965872464
3.00323186576363
3.03233231264495
3.03027254411452
3.02433674917291
3.00623787897788
3.01360590490982
3.01410126383693
3.01697699190747
3.02073063550482
3.02843301315217
3.02682740257450
3.00540240444051
3.00224884466973
3.01672776307691
3.01501680683389
3.00046372172447
3.06705433020603
3.00164093867103
3.00371210272301
3.04208101207393
3.02768028965120
3.00521948157912
3.01042445807221
3.00531572333088
3.02652725243444
3.04812154499449
3.03218194990430
3.01104356103492
3.00315009847395
3.00672148803504
3.00112390901798
3.00434933549838
3.01003912262370
3.00664803234560
3.02056756378807
3.02056756378807
3.01017391257902
3.00004301931150
3.00335835710086
3.01169150637664
3.00770901727043
3.02707907497183
3.00669920190723
3.01955815266676
3.01718010834718
3.00645579487143
3.00403554369195
3.00352955412375
3.00116561516309
3.00959295861180
3.02456727997686
3.00904884314858
3.00050627432536
3.00050627432536
3.00020335970529
3.00218809722072
3.01882045671292
3.06103657822050
3.00345770261253
3.02967473752883
3.00101572693773
3.00710718281505
3.00961572975376
3.02494974610712
3.00491516858957
3.00707167756114
