  0.00000000000000   1.80847272484939
  0.00000000000000   4.46220263283339
  0.00000000000000   4.71692753709257
  0.00000000000000   3.45875104092909
  0.00000000000000   1.20507475372127
  0.00000000000000   7.67001935621829
  0.00000000000000   2.99443011756200
  0.00000000000000   1.58397649208131
  0.00000000000000   3.09186139166094
  0.00000000000000   1.65449294803629
  0.00000000000000   1.21713608394458
  0.00000000000000   2.33936920675353
  0.00000000000000   3.53127437496062
  0.00000000000000  12.20309667509399
  0.00000000000000   1.07852418176296
  0.00000000000000   2.73148203797894
  0.00000000000000   7.25712723217463
  0.00000000000000  16.55080349016733
  0.00000000000000   3.28355628340447
  0.00000000000000   2.97175056753739
  0.00000000000000   1.65639970345076
  0.00000000000000   2.29327960412419
  0.00000000000000   1.51449266259438
  0.00000000000000   3.72501243500344
  0.00000000000000   1.09569635494646
  0.00000000000000   1.10670669442376
  0.00000000000000   0.55582538473786
  0.00000000000000   1.24111312016863
  0.00000000000000   7.27179306754599
  0.00000000000000   2.03392515400543
  0.00000000000000   1.23577438084321
  0.00000000000000   1.20076806201397
  0.00000000000000   2.49421027570749
  0.00000000000000   2.46978369642938
  0.00000000000000   1.09499923614983
  0.00000000000000   2.14900263255132
  0.00000000000000   0.92766985131083
  0.00000000000000   1.41079525005691
  0.00000000000000   5.14406634087265
  0.00000000000000  12.80754056724927
  0.00000000000000   1.49903938516150
  0.00000000000000   1.33347292642775
  0.00000000000000   4.47786887647508
  0.00000000000000   3.69293018522172
  0.00000000000000   7.24315156424245
  0.00000000000000   1.80734601646266
  0.00000000000000   2.47989908593794
  0.00000000000000  12.57717446022233
  0.00000000000000   0.43617347025506
  0.00000000000000   6.56243186931040
  0.00000000000000   1.53952501399074
  0.00000000000000   1.81368334349997
  0.00000000000000   0.71667077501024
  0.00000000000000   4.04117866150421
  0.00000000000000   1.33004348083550
  0.00000000000000   2.26066345755936
  0.00000000000000   1.40826753562123
  0.00000000000000   0.68968172761155
  0.00000000000000   6.04619304547160
  0.00000000000000   3.61121035312825
  0.00000000000000   1.76869242953184
  0.00000000000000   1.68960074964393
  0.00000000000000   6.68964650716625
  0.00000000000000   1.83817953337624
  0.00000000000000   2.54603193384360
  0.00000000000000   1.61648338147609
  0.00000000000000   1.51332431876970
  0.00000000000000   5.73703022132665
  0.00000000000000   1.16438199993848
  0.00000000000000   0.84425380543203
  0.00000000000000   3.13101359137667
  0.00000000000000   1.86032151345322
  0.00000000000000   1.60566848624449
  0.00000000000000   1.82715197133459
  0.00000000000000   3.42234372469673
  0.00000000000000   1.06725397265427
  0.00000000000000   2.07610807706124
  0.00000000000000   0.89143803696968
  0.00000000000000   0.99123816048064
  0.00000000000000   3.43002195076333
  0.00000000000000   4.83511248665920
  0.00000000000000   3.51005185994263
  0.00000000000000   1.56718303897275
  0.00000000000000   1.50373185863321
  0.00000000000000   0.78876868363456
  0.00000000000000   1.34856391897939
  0.00000000000000   1.98408190642618
  0.00000000000000   0.91439306540768
  0.00000000000000   1.21319458518210
  0.00000000000000   1.96306339405778
  0.00000000000000   2.92760159434855
  0.00000000000000   2.15447250823280
  0.00000000000000   2.52243106121888
  0.00000000000000   1.80967126559187
  0.00000000000000   2.01412796056294
  0.00000000000000 165.41084017494691
  0.00000000000000   0.94970404902673
  0.00000000000000   2.38441876404801
  0.00000000000000   0.65438605588262
  0.00000000000000   0.70998566679157
  0.00000000000000   2.08519925007316
  0.00000000000000   3.25435876330901
  0.00000000000000   4.06084644366159
  0.00000000000000   0.56558493296934
  0.00000000000000   2.93188607658535
  0.00000000000000   1.03094255558280
  0.00000000000000  13.26573101881444
  0.00000000000000   1.52693779043829
  0.00000000000000   3.89397268495477
  0.00000000000000   1.88865469474032
  0.00000000000000   2.87420723150715
  0.00000000000000   0.99745449301828
  0.00000000000000   1.68384111045217
  0.00000000000000  12.37735715317270
  0.00000000000000   2.93913249668608
  0.00000000000000   1.13191934820154
  0.00000000000000   1.52947254472913
  0.00000000000000   1.26896209234483
  0.00000000000000   1.61552118299848
  0.00000000000000   1.51824466695890
  0.00000000000000   3.69161565876363
  0.00000000000000   4.78296855504917
  0.00000000000000   1.27015024497141
  0.00000000000000   1.48382939974566
  0.00000000000000   2.05053333658462
  0.00000000000000   0.85715047511460
  0.00000000000000   1.00803957798258
  0.00000000000000   2.64845356307263
  0.00000000000000   1.18394362703496
  0.00000000000000   1.47275728460496
  0.00000000000000   3.16488478109050
  0.00000000000000   3.88248797638748
  0.00000000000000   1.33254038933439
  0.00000000000000   5.46439443516500
  0.00000000000000   2.93489394273084
  0.00000000000000   0.88442759006722
  0.00000000000000   2.42993405611284
  0.00000000000000   2.74958332269239
  0.00000000000000   0.98537059168864
  0.00000000000000   7.23731662289903
  0.00000000000000   2.11860583976916
  0.00000000000000   9.93624486157277
  0.00000000000000   2.01666698624904
  0.00000000000000   1.11345577943171
  0.00000000000000   1.67178840304820
  0.00000000000000   1.51428498113715
  0.00000000000000   1.31193982023057
  0.00000000000000   0.68858250343735
  0.00000000000000   2.69063688810249
  0.00000000000000   2.53291330881531
  0.00000000000000   1.50364915039688
  0.00000000000000   1.56522182923514
  0.00000000000000   5.55428619411439
  0.00000000000000   1.78781664347696
  0.00000000000000   1.17245760813566
  0.00000000000000   4.00928699963798
  0.00000000000000   1.69107122150212
  0.00000000000000   9.77899215130656
  0.00000000000000   7.57850767107795
  0.00000000000000   2.67209553288521
  0.00000000000000   1.54851826777112
  0.00000000000000   5.78752140507423
  0.00000000000000   0.82384280801419
  0.00000000000000   8.10620014316634
  0.00000000000000   6.43221560896139
  0.00000000000000   2.06148894276409
  0.00000000000000   1.32899498194571
  0.00000000000000   1.31999135326791
  0.00000000000000   1.50144550261080
  0.00000000000000   5.81482533325579
  0.00000000000000   1.57166137433046
  0.00000000000000   1.16645193310329
  0.00000000000000   1.13239171298710
  0.00000000000000   3.63578924896423
  0.00000000000000   2.02498022480204
  0.00000000000000   1.68546836272764
  0.00000000000000   1.77714184926078
  0.00000000000000   1.45715413727959
  0.00000000000000   1.01126328065995
  0.00000000000000   1.00074825305681
  0.00000000000000   9.38749366632235
  0.00000000000000   2.19415176193335
  0.00000000000000   1.66163238095891
  0.00000000000000   2.03250948369152
  0.00000000000000   1.16609337402584
  0.00000000000000   1.91846106840400
  0.00000000000000   3.49816549465061
  0.00000000000000   1.74909637206824
  0.00000000000000   3.00586485079715
  0.00000000000000   1.59065303416214
  0.00000000000000   2.74293070373333
  0.00000000000000   3.15885391146243
  0.00000000000000   1.99968969783179
  0.00000000000000   3.21461158356282
  0.00000000000000   0.81425244380664
  0.00000000000000   1.57201087869313
  0.00000000000000   1.09785293903883
  0.00000000000000   3.02805136024861
  0.00000000000000   0.76008266802337
  0.00000000000000   2.38868759725315
  0.00000000000000   1.07965428197824
  0.00000000000000   2.93126400767509
  0.00000000000000   5.74626854678103
  0.00000000000000   5.28152984398637
  0.00000000000000   3.99239895973885
  0.00000000000000   1.22047137354733
  0.00000000000000   2.82228862352813
  0.00000000000000   1.22231421594730
  0.00000000000000   2.91006967690703
  0.00000000000000   2.40703744409519
  0.00000000000000   2.11293183214603
  0.00000000000000   2.01567822756707
  0.00000000000000   3.65734886195780
  0.00000000000000   3.34824193244867
  0.00000000000000   1.61623785544101
  0.00000000000000   1.91146043620746
  0.00000000000000   2.71487757911334
  0.00000000000000   0.92782280221695
  0.00000000000000   2.61121762652145
  0.00000000000000   1.37475948273078
  0.00000000000000   3.11579463279864
  0.00000000000000   3.29821117133248
  0.00000000000000   2.11570167254769
  0.00000000000000   1.58988120971954
  0.00000000000000   1.23410245171319
  0.00000000000000   2.31368971396690
  0.00000000000000   1.16201889894153
  0.00000000000000   1.74320534875473
  0.00000000000000   1.55993676306225
  0.00000000000000   3.74207330464758
  0.00000000000000   0.67160936134396
  0.00000000000000   5.79549867646123
  0.00000000000000   2.26405827013671
  0.00000000000000   3.35141924527426
  0.00000000000000   2.91201797169208
  0.00000000000000   1.09860599863993
  0.00000000000000   1.06144226906182
  0.00000000000000   4.16102085664947
  0.00000000000000   1.18688587843351
  0.00000000000000   5.76117105851045
  0.00000000000000   3.70514135241450
  0.00000000000000   2.59128009454988
  0.00000000000000   2.58455489147163
  0.00000000000000   2.06559145809949
  0.00000000000000   4.02494978963582
  0.00000000000000   1.95244934443071
  0.00000000000000   3.31380761810994
  0.00000000000000   3.93463581565035
  0.00000000000000   2.39762809242419
  0.00000000000000   1.25183083474479
  0.00000000000000   1.22450824248390
  0.00000000000000   5.14179040789348
  0.00000000000000   1.31131494263285
  0.00000000000000   1.47368681469824
  0.00000000000000   1.89516531166157
  0.00000000000000   1.89110399038019
  0.00000000000000   0.81598715755103
  0.00000000000000   1.24200530482932
  0.00000000000000   5.63523759376037
  0.00000000000000   3.24077627448121
  0.00000000000000   1.31676998357992
  0.00000000000000   4.59384916171811
  0.00000000000000   1.17221277229218
  0.00000000000000   2.24889222315733
  0.00000000000000   1.21218432306351
  0.00000000000000   0.89252611452217
  0.00000000000000   1.34886662789457
  0.00000000000000   1.36014713688854
  0.00000000000000   1.80410652495697
  0.00000000000000   1.40696206618430
  0.00000000000000   1.10087464225630
  0.00000000000000   0.99612117907211
  0.00000000000000   2.70314253933083
  0.00000000000000   2.79134176925407
  0.00000000000000   2.06497408625115
  0.00000000000000   1.20693038283269
  0.00000000000000   3.73248495665450
  0.00000000000000   3.14140880735458
  0.00000000000000   2.71684630831305
  0.00000000000000   2.45289184150777
  0.00000000000000   2.50001449306986
  0.00000000000000   3.43725225403217
  0.00000000000000   1.10779174873091
  0.00000000000000   1.38128496688439
  0.00000000000000   1.87084774937429
  0.00000000000000  10.68468939372699
  0.00000000000000  10.27494728636868
  0.00000000000000   2.85696569459870
  0.00000000000000   1.52823407306185
  0.00000000000000   0.83583397109435
  0.00000000000000   1.75722318915886
  0.00000000000000   2.39928838428912
  0.00000000000000   7.74810450858753
  0.00000000000000   2.31241628356238
  0.00000000000000   1.53508711678277
  0.00000000000000   0.76914789721787
  0.00000000000000   1.30142343298818
  0.00000000000000   0.59440192049329
  0.00000000000000   1.18112793449206
  0.00000000000000   2.62551801394423
  0.00000000000000   5.62623840202504
  0.00000000000000   1.38559208227976
  0.00000000000000   1.26865430348080
  0.00000000000000   1.72775570767580
  0.00000000000000   1.30160029810787
  0.00000000000000   1.11810941677423
  0.00000000000000   2.79009126507978
  0.00000000000000   3.57279727507569
  0.00000000000000   1.95596741376393
  0.00000000000000   4.17924876394777
  0.00000000000000   1.50884637843580
  0.00000000000000   3.71832928088718
  0.00000000000000   1.95042563876901
  0.00000000000000   2.82603373062896
  0.00000000000000   1.83593303502973
  0.00000000000000   2.94583080849110
  0.00000000000000   2.85596615897230
  0.00000000000000   4.49464679583597
  0.00000000000000   2.47323204220037
  0.00000000000000   3.85994618293315
  0.00000000000000   2.01656227541582
  0.00000000000000   4.28589868666004
  0.00000000000000   1.86741602462388
  0.00000000000000   2.77024675982448
  0.00000000000000   1.56058734564151
  0.00000000000000   2.97205131665969
  0.00000000000000   1.76732809674385
  0.00000000000000   1.33174368291037
  0.00000000000000   2.05017909886564
  0.00000000000000   3.56955298512880
  0.00000000000000   1.40160632297162
  0.00000000000000   1.16875736976297
  0.00000000000000   3.49025456546334
  0.00000000000000   1.93071250942851
  0.00000000000000   4.37344046246712
  0.00000000000000   3.12081519922430
  0.00000000000000   3.54353449358782
  0.00000000000000   1.72364803862534
  0.00000000000000   6.39810958245684
  0.00000000000000   2.44801159373692
  0.00000000000000   3.29890370424764
  0.00000000000000   7.67702052617263
  0.00000000000000   2.04441182863863
  0.00000000000000   1.48407943158068
  0.00000000000000   2.37752127972075
  0.00000000000000   2.17033742552175
  0.00000000000000   4.04531230350225
  0.00000000000000   2.41757190831205
  0.00000000000000   3.00073412182765
  0.00000000000000   1.46854584526578
  0.00000000000000   1.06732230966555
  0.00000000000000   2.17647893724967
  0.00000000000000   2.05103677834044
  0.00000000000000   3.73519671140914
  0.00000000000000   2.41114612120493
  0.00000000000000   9.86492689391173
  0.00000000000000   1.57831306718741
  0.00000000000000   1.48647536183184
  0.00000000000000   8.68789548501693
  0.00000000000000   1.85645531932678
  0.00000000000000   3.71773945305491
  0.00000000000000   3.79975958682358
  0.00000000000000   4.81423759174955
  0.00000000000000   1.56971599523074
  0.00000000000000   2.81888080705249
  0.00000000000000   4.92201567724282
  0.00000000000000   7.71006097239979
  0.00000000000000   6.70771679959280
  0.00000000000000   2.13094794744365
  0.00000000000000   2.56888461752481
  0.00000000000000   1.76848232453199
  0.00000000000000   3.36418110786383
  0.00000000000000   4.99924355379305
  0.00000000000000   2.01653886035827
  0.00000000000000   4.19019985122797
  0.00000000000000   1.80373819598867
  0.00000000000000   5.10305466392659
  0.00000000000000   1.92068611022098
  0.00000000000000   3.17366726660178
  0.00000000000000   2.79685907615674
  0.00000000000000   1.69291554440779
  0.00000000000000   2.84564223491372
  0.00000000000000   2.48498625127247
  0.00000000000000   3.47552249783357
  0.00000000000000   3.59954737658485
  0.00000000000000   1.94245827463284
  0.00000000000000   2.42284533503098
  0.00000000000000   3.57242790452596
  0.00000000000000   5.67309276041919
  0.00000000000000   7.19284230569660
  0.00000000000000   2.56524115357036
  0.00000000000000   0.83156428699169
  0.00000000000000   2.91010264331557
  0.00000000000000   0.89133624026110
  0.00000000000000   2.86335767245363
  0.00000000000000   3.01303342379945
  0.00000000000000   1.89596451019463
  0.00000000000000   1.90939867980235
  0.00000000000000   0.90629145870642
  0.00000000000000   2.09393580337764
  0.00000000000000   2.01426075586701
  0.00000000000000   2.01599113712061
  0.00000000000000   5.28293376717316
  0.00000000000000   1.20365096903176
  0.00000000000000   3.57825566298679
  0.00000000000000   4.03086915716798
  0.00000000000000   2.32847493666815
  0.00000000000000   4.00582757850211
  0.00000000000000   1.97966950995897
  0.00000000000000   2.81717158201294
  0.00000000000000   1.80410375631060
  0.00000000000000   2.88697601874162
  0.00000000000000   1.22871229668372
  0.00000000000000   3.92636072532288
  0.00000000000000   2.51077956769024
  0.00000000000000   1.54629523247008
  0.00000000000000   7.52706441195958
  0.00000000000000   1.22261707463193
  0.00000000000000   1.12485402465367
  0.00000000000000   2.07676391045715
  0.00000000000000   0.82265412880713
  0.00000000000000   1.06857540906130
  0.00000000000000   1.60538694240055
  0.00000000000000   1.80777703043096
  0.00000000000000   2.02473467358736
  0.00000000000000   1.23804864524565
  0.00000000000000   1.20507018377078
  0.00000000000000   1.36477993260932
  0.00000000000000   2.12904611166251
  0.00000000000000   5.18754067190564
  0.00000000000000   1.79455591694588
  0.00000000000000   1.38226478116785
  0.00000000000000   1.37116370281770
  0.00000000000000   3.41564670907802
  0.00000000000000   1.80926684873341
  0.00000000000000   2.93523002472622
  0.00000000000000   2.43251501311134
  0.00000000000000   3.40963823904604
  0.00000000000000   2.16657165753582
  0.00000000000000   1.86952609237480
  0.00000000000000   1.98395955612791
  0.00000000000000   1.82539762867548
  0.00000000000000   2.09608771267881
  0.00000000000000   3.02512064795082
  0.00000000000000   4.28399499036830
  0.00000000000000   1.42196655359848
  0.00000000000000   2.51822996813119
  0.00000000000000   1.15897679869701
  0.00000000000000   1.01307947310496
  0.00000000000000   4.90546331810777
  0.00000000000000   1.56769459421846
  0.00000000000000   5.32501547723020
  0.00000000000000   5.70438635050316
  0.00000000000000   1.16888060846076
  0.00000000000000   0.91872572753889
  0.00000000000000   1.87712274694634
  0.00000000000000   1.91611566984959
  0.00000000000000   3.35743103145045
  0.00000000000000   1.72581437338210
  0.00000000000000   3.38539605996847
  0.00000000000000   2.76663696002763
  0.00000000000000   1.40396471296055
  0.00000000000000   3.65562919897055
  0.00000000000000   4.16072006319966
  0.00000000000000   3.49678091602483
  0.00000000000000   2.52391925182288
  0.00000000000000   1.73475314222899
  0.00000000000000   1.35384445793454
  0.00000000000000   1.35327622392830
  0.00000000000000   2.32994799402949
  0.00000000000000   0.68681693561799
  0.00000000000000   1.49760241633952
  0.00000000000000   2.13639444806973
  0.00000000000000   1.19912908777931
  0.00000000000000   1.20136127418828
  0.00000000000000   2.99395797583224
  0.00000000000000  26.19718606131971
  0.00000000000000   3.10172003588242
  0.00000000000000   2.44252628971510
  0.00000000000000   1.21574342945695
  0.00000000000000   2.51244780416053
  0.00000000000000   1.17225647658026
  0.00000000000000   1.49206958158955
  0.00000000000000   1.62658011396429
  0.00000000000000   8.93390524405691
  0.00000000000000   6.30943921042069
  0.00000000000000   3.91053665422861
  0.00000000000000   5.46884567224626
  0.00000000000000   3.45504520929258
  0.00000000000000   3.42217785957946
  0.00000000000000   3.31186062340565
  0.00000000000000   1.66579350505629
  0.00000000000000   2.59894335609698
  0.00000000000000   1.62971270894222
  0.00000000000000   1.94139553289686
  0.00000000000000   1.89946259233108
  0.00000000000000   2.51879087830356
  0.00000000000000   1.09828704024372
  0.00000000000000   1.56486673727522
  0.00000000000000   3.52582123141223
  0.00000000000000   2.32177845075787
  0.00000000000000   2.91669019528794
  0.00000000000000   1.43423332967965
  0.00000000000000   5.33754040445580
  0.00000000000000   2.35581528653640
  0.00000000000000   2.40991408264317
  0.00000000000000   1.68404102638641
  0.00000000000000   2.29270296630320
  0.00000000000000   3.76999768689111
  0.00000000000000   1.49385666390790
  0.00000000000000   4.58445338806929
  0.00000000000000   2.45055809889811
  0.00000000000000   0.69454579045072
  0.00000000000000   3.43551689214968
  0.00000000000000   1.12506090781419
  0.00000000000000   1.63961262711045
  0.00000000000000   3.11536531813418
  0.00000000000000   1.20812400526292
  0.00000000000000   1.10232044730137
  0.00000000000000   0.66353768006119
  0.00000000000000   4.41902239783854
  0.00000000000000   3.27099167425792
  0.00000000000000   4.01722276065197
  0.00000000000000   1.00156000825372
  0.00000000000000   3.37853553348339
  0.00000000000000   4.09822451538775
  0.00000000000000   2.00799349169264
  0.00000000000000   1.11904701691494
  0.00000000000000   1.12119715241007
  0.00000000000000   2.05920789707045
  0.00000000000000   4.24529058840038
  0.00000000000000   1.25621769339019
  0.00000000000000   1.70430572144404
  0.00000000000000   1.54755135142813
  0.00000000000000   1.62393242704207
  0.00000000000000   1.10364311836891
  0.00000000000000   1.51457351988152
  0.00000000000000   2.44532459697916
  0.00000000000000   1.58595646436045
  0.00000000000000   4.53263173818090
  0.00000000000000   2.29698024959307
  0.00000000000000   3.04410601690707
  0.00000000000000   3.01285621583653
  0.00000000000000   2.16054827831504
  0.00000000000000   2.77133560837955
  0.00000000000000   2.44595670481145
  0.00000000000000   1.42551278056729
  0.00000000000000   2.21424751913475
  0.00000000000000   3.22032979101314
  0.00000000000000   2.73581005936063
  0.00000000000000   1.26424967585743
  0.00000000000000   1.76013618097987
  0.00000000000000   1.49993679033715
  0.00000000000000   2.07053116796489
  0.00000000000000   2.27127370747101
  0.00000000000000   2.16546919475298
  0.00000000000000   2.64401814026724
  0.00000000000000   3.43398290041444
  0.00000000000000   4.01038696400622
  0.00000000000000   2.48803470450966
  0.00000000000000   4.08519343585512
  0.00000000000000   2.54411434913641
  0.00000000000000   1.98102022732436
  0.00000000000000   2.81753242411581
  0.00000000000000   2.00561052697743
  0.00000000000000   4.17197176530611
  0.00000000000000   2.69662512988232
  0.00000000000000   2.34417336887335
  0.00000000000000   5.40303734418229
  0.00000000000000   3.35839748773601
  0.00000000000000   2.58011680720808
  0.00000000000000   5.02630949861160
  0.00000000000000   2.36298988320552
  0.00000000000000   3.16849844672832
  0.00000000000000   3.22619341697135
  0.00000000000000   3.43092266926446
  0.00000000000000   6.72553873084946
  0.00000000000000   1.98177852795055
  0.00000000000000   4.17403785811099
  0.00000000000000   1.53877088052041
  0.00000000000000   1.83263980937239
  0.00000000000000   1.34515051267402
  0.00000000000000   5.72077248328087
  0.00000000000000   1.26029347007170
  0.00000000000000   2.49427619527205
  0.00000000000000   0.84082605499994
  0.00000000000000   1.89603171307766
  0.00000000000000   0.94976375473961
  0.00000000000000   2.19376621020846
  0.00000000000000  12.11596750001818
  0.00000000000000   6.74727618930334
  0.00000000000000  10.32383923950741
  0.00000000000000   3.78504657111130
  0.00000000000000   1.87627915960975
  0.00000000000000   1.78250120637934
  0.00000000000000   6.18024782879872
  0.00000000000000   1.40615886487522
  0.00000000000000   1.54329406714242
  0.00000000000000   1.39473252147624
  0.00000000000000   2.47257281087843
  0.00000000000000   4.83175227669112
  0.00000000000000   2.74985452753077
  0.00000000000000   2.65463194021769
  0.00000000000000   9.87122447755483
  0.00000000000000   2.63718518732721
  0.00000000000000   2.41222667412531
  0.00000000000000   1.40818979255619
  0.00000000000000   1.89816430371334
  0.00000000000000   1.97381760238367
  0.00000000000000   2.22573853524959
  0.00000000000000   3.30609564518787
  0.00000000000000   8.96717912904013
  0.00000000000000   2.80460056081922
  0.00000000000000   4.39033840834609
  0.00000000000000   6.33816065760340
  0.00000000000000   3.38926397692913
  0.00000000000000   3.87004841098736
  0.00000000000000   2.43900740955332
  0.00000000000000   1.11204751843737
  0.00000000000000   1.14376351780691
  0.00000000000000   2.10354075684702
  0.00000000000000   3.72692400428249
  0.00000000000000   3.56842023595033
  0.00000000000000   5.51955981379325
  0.00000000000000   3.54550541649140
  0.00000000000000   3.37020012162523
  0.00000000000000   0.80278240847420
  0.00000000000000   2.40591619147859
  0.00000000000000   2.13525831490999
  0.00000000000000   3.25895440632584
  0.00000000000000   2.96507280931826
  0.00000000000000   1.97673986516664
  0.00000000000000   2.25209264260242
  0.00000000000000   1.44491485912422
  0.00000000000000   3.04805964215947
  0.00000000000000   2.70920543954731
  0.00000000000000   1.40400437646996
  0.00000000000000   2.11900393067903
  0.00000000000000   1.61421149406181
  0.00000000000000   2.05815703398805
  0.00000000000000   2.23082615379616
  0.00000000000000   0.87620379146702
  0.00000000000000   2.15170094931645
  0.00000000000000   1.18274757924730
  0.00000000000000   0.98079362683654
  0.00000000000000   3.99239069420373
  0.00000000000000   1.72617903381103
  0.00000000000000  10.43089689592989
  0.00000000000000   2.16877578869558
  0.00000000000000   1.75428384057281
  0.00000000000000   5.14157008440919
  0.00000000000000   8.73690194052753
  0.00000000000000   1.64656365614853
  0.00000000000000   1.74313332030905
  0.00000000000000   8.87206229584448
  0.00000000000000   2.48709396837865
  0.00000000000000   0.95544869843801
  0.00000000000000   0.64771378296430
  0.00000000000000   1.25286355422378
  0.00000000000000   2.61898527291300
  0.00000000000000   0.73680182276900
  0.00000000000000   3.16782300811664
  0.00000000000000   4.82979903528641
  0.00000000000000   1.13831539383460
  0.00000000000000   0.91973485575132
  0.00000000000000   1.16916436120270
  0.00000000000000   1.50225337548756
  0.00000000000000   2.31311266836561
  0.00000000000000   2.49513915332442
  0.00000000000000   5.11449486867622
  0.00000000000000   2.40440409132043
  0.00000000000000   1.52836472540540
  0.00000000000000   1.80859710431253
  0.00000000000000   2.35345912340036
  0.00000000000000   6.01962057420730
  0.00000000000000   1.55670306436098
  0.00000000000000   1.56806805269512
  0.00000000000000   1.11044525691817
  0.00000000000000   2.35311590680778
  0.00000000000000   1.05034101578208
  0.00000000000000   2.94287584121155
  0.00000000000000   1.49085134388987
  0.00000000000000   1.31249664029804
  0.00000000000000   1.82931155997326
  0.00000000000000   3.04258815564651
  0.00000000000000   1.75330335633447
  0.00000000000000   4.10876363452693
  0.00000000000000   5.57575388700231
  0.00000000000000   1.16335481786127
  0.00000000000000   1.16658861182809
  0.00000000000000   0.87804188788555
  0.00000000000000   1.28812759753570
  0.00000000000000   4.59941514583162
  0.00000000000000   1.73207281283475
  0.00000000000000   0.89856068026994
  0.00000000000000   1.67052270341267
  0.00000000000000   1.15967129848498
  0.00000000000000   1.21679997840406
  0.00000000000000   1.47258593643660
  0.00000000000000   3.79729489537882
  0.00000000000000   5.50523182798408
  0.00000000000000   2.52115813920552
  0.00000000000000   2.18358431490886
  0.00000000000000   1.48637177808697
  0.00000000000000   7.58114563820609
  0.00000000000000   5.51589874537637
  0.00000000000000   2.75256156472661
  0.00000000000000   2.72085282216113
  0.00000000000000   6.69212387388232
  0.00000000000000   6.81641095449317
  0.00000000000000   1.76150195725597
  0.00000000000000   7.26401257187451
  0.00000000000000   0.52958745812133
  0.00000000000000   3.07060960778579
  0.00000000000000   3.01381118768556
  0.00000000000000   1.88170029176529
  0.00000000000000   2.17140154818060
  0.00000000000000   3.09873429879861
  0.00000000000000   2.35482454658611
  0.00000000000000   6.17437463208269
  0.00000000000000   4.48149771059753
  0.00000000000000   1.08406010495685
  0.00000000000000   1.05682487093445
  0.00000000000000   1.10891004811367
  0.00000000000000   2.15389381821656
  0.00000000000000   1.79456551453965
  0.00000000000000   2.23057492717100
  0.00000000000000   3.26518664700240
  0.00000000000000   1.27641981163496
  0.00000000000000   4.85679271564646
  0.00000000000000   2.19957498831436
  0.00000000000000   0.86999706610200
  0.00000000000000   1.08473046706486
  0.00000000000000   2.63978885027109
  0.00000000000000   2.15285514313200
  0.00000000000000   4.27734243459943
  0.00000000000000   6.68327527917769
  0.00000000000000  14.29138111836095
  0.00000000000000   1.31550371941318
  0.00000000000000   0.96090442322597
  0.00000000000000  12.51146951241025
  0.00000000000000   2.15495190443865
  0.00000000000000   0.98310308412182
  0.00000000000000   6.72257976037813
  0.00000000000000   4.48532723882068
  0.00000000000000   4.94382835129427
  0.00000000000000   1.17071479980108
  0.00000000000000   1.94667127791898
  0.00000000000000   2.74210874578074
  0.00000000000000  12.50395168925589
  0.00000000000000   3.73056937976595
  0.00000000000000   2.05769066824363
  0.00000000000000   1.80730776189402
  0.00000000000000   1.84009764679686
  0.00000000000000   3.32969041589698
  0.00000000000000   1.74557289987265
  0.00000000000000   2.00939353131466
  0.00000000000000   2.21473268382449
  0.00000000000000   0.94795562510097
  0.00000000000000   1.91636505100179
  0.00000000000000   1.45535538663432
  0.00000000000000   1.24006290718674
  0.00000000000000   1.93236321296011
  0.00000000000000   1.96015110951991
  0.00000000000000   1.86915922308257
  0.00000000000000   1.16260989071763
  0.00000000000000   2.95221301012079
  0.00000000000000   2.61297576722910
  0.00000000000000   1.49191616015538
  0.00000000000000   1.42252898873408
  0.00000000000000   1.25047503120786
  0.00000000000000   1.80502177081491
  0.00000000000000   1.02367626128507
  0.00000000000000   2.26379357336000
  0.00000000000000   0.91160319907494
  0.00000000000000   2.08554256429611
  0.00000000000000   2.07888858085188
  0.00000000000000   1.32866597601961
  0.00000000000000   4.00683280919893
  0.00000000000000   3.21422418379372
  0.00000000000000  17.45503867297779
  0.00000000000000  12.18335947123527
  0.00000000000000   2.40142769178783
  0.00000000000000   0.44354140610015
  0.00000000000000   2.15831949550749
  0.00000000000000   5.23584755017082
  0.00000000000000   6.02605698838997
  0.00000000000000   2.35633235824179
  0.00000000000000   7.77369439072642
  0.00000000000000   4.06812186169959
  0.00000000000000   1.25042206029044
  0.00000000000000   0.97183592683437
  0.00000000000000   1.30892731432957
  0.00000000000000   1.08126142804696
  0.00000000000000   2.43224683137321
  0.00000000000000   3.46582956073083
  0.00000000000000   1.33811106435757
  0.00000000000000   1.16855501827665
  0.00000000000000   0.58239773752291
  0.00000000000000   8.22517499721581
  0.00000000000000   1.96306352858398
  0.00000000000000   2.33633157075411
  0.00000000000000   1.21424981157610
  0.00000000000000   1.06189429557336
  0.00000000000000   4.73809673831667
  0.00000000000000   3.76153600371530
  0.00000000000000   3.36369747259329
  0.00000000000000   2.57256884046226
  0.00000000000000   2.44156499588681
  0.00000000000000   3.40342649417871
  0.00000000000000   2.14351374528347
  0.00000000000000   1.18672533870155
  0.00000000000000   1.49162253234023
  0.00000000000000   1.38969921722785
  0.00000000000000   1.45061456213403
  0.00000000000000   4.27692257091399
  0.00000000000000   1.02599849212182
  0.00000000000000   6.41856166356267
  0.00000000000000   1.67863335313091
  0.00000000000000   1.95774431681207
  0.00000000000000   2.44848892403015
  0.00000000000000   1.46242573844972
  0.00000000000000   2.91093272711067
  0.00000000000000   0.98753985530944
  0.00000000000000   0.95028782632193
  0.00000000000000   0.85830129830289
  0.00000000000000   2.97033182221880
  0.00000000000000   4.74413395003912
  0.00000000000000   3.63465171223442
  0.00000000000000   3.17964497180912
  0.00000000000000   1.69665500575251
  0.00000000000000   4.03203929295451
  0.00000000000000   2.72615823933543
  0.00000000000000   2.15546087839049
  0.00000000000000  11.03024716220820
  0.00000000000000   2.57893127302171
  0.00000000000000   9.31921118154402
  0.00000000000000   4.67372310871611
  0.00000000000000   2.04523728052501
  0.00000000000000   1.06508785471491
  0.00000000000000   3.27942138259792
  0.00000000000000   4.37952383286934
  0.00000000000000   6.25480583488811
  0.00000000000000  14.73752490624619
  0.00000000000000   2.02670128284654
  0.00000000000000   4.39158183942997
  0.00000000000000   1.78128253228288
  0.00000000000000   1.03299102581618
  0.00000000000000   1.68314215935280
  0.00000000000000   3.39005254880278
  0.00000000000000   8.24244163244332
  0.00000000000000   2.15807655880020
  0.00000000000000   2.93282815932498
  0.00000000000000   3.73404862095393
  0.00000000000000   2.04667292510573
  0.00000000000000   5.65836967928056
  0.00000000000000   2.54305351548547
  0.00000000000000   3.51036396744007
  0.00000000000000   3.33312425030700
  0.00000000000000   1.80401543187702
  0.00000000000000   3.83594622839910
  0.00000000000000   2.31600413796068
  0.00000000000000   0.81249178416752
  0.00000000000000   3.47718315244265
  0.00000000000000   3.99876209582598
  0.00000000000000   1.83519293999308
  0.00000000000000   1.62594998437199
  0.00000000000000   2.57301135556171
  0.00000000000000   2.81830414735226
  0.00000000000000   1.09414043074377
  0.00000000000000   1.06379496209000
  0.00000000000000   3.31957112242812
  0.00000000000000   2.62914764853583
  0.00000000000000   3.52223554803250
  0.00000000000000   1.95064397845954
  0.00000000000000   7.58442692211444
  0.00000000000000  13.04732756392721
  0.00000000000000   2.22283986906383
  0.00000000000000   4.17525207965749
  0.00000000000000   5.29931593532841
  0.00000000000000  25.31851722643096
  0.00000000000000   6.60520490883960
  0.00000000000000   4.36886623542070
  0.00000000000000   1.28217896528654
  0.00000000000000   5.51907992509193
  0.00000000000000  10.25769386238925
  0.00000000000000   4.30686061266616
  0.00000000000000   1.50734963552701
  0.00000000000000   1.62506263905723
  0.00000000000000   2.21445937543183
  0.00000000000000   2.94091576046437
  0.00000000000000   1.58448263249141
  0.00000000000000   3.26298922018131
  0.00000000000000   1.64431205520631
  0.00000000000000   2.75604799101858
  0.00000000000000   2.04623445607923
  0.00000000000000   4.72352524665046
  0.00000000000000   5.86505613526069
  0.00000000000000   1.18300961400157
  0.00000000000000   4.98995180619673
  0.00000000000000   4.01658532349653
  0.00000000000000   2.03169028351656
  0.00000000000000   1.16697910495756
  0.00000000000000   2.04064314660559
  0.00000000000000   1.77799924048661
  0.00000000000000   4.67475434834571
  0.00000000000000   2.35587136484201
  0.00000000000000   2.00686450140108
  0.00000000000000   2.32078991066840
  0.00000000000000   4.49087265894472
  0.00000000000000   1.38619032118813
  0.00000000000000   1.09294810395744
  0.00000000000000   1.47259259511913
  0.00000000000000   2.47732222645335
  0.00000000000000   0.75923090975833
  0.00000000000000   2.18258716722626
  0.00000000000000   2.08852539467026
  0.00000000000000   1.68957566338473
  0.00000000000000   1.15738011459152
  0.00000000000000   9.75148384616327
  0.00000000000000   7.90953654155280
  0.00000000000000   2.61824474307803
  0.00000000000000   3.44962391477454
  0.00000000000000   1.51519075203455
  0.00000000000000   1.71350881679534
  0.00000000000000   7.73346923994687
  0.00000000000000   2.47009072172828
  0.00000000000000   2.54836457101698
  0.00000000000000   2.41249485389262
  0.00000000000000   2.09955919578610
  0.00000000000000   1.71469586065403
  0.00000000000000   1.37204578818254
  0.00000000000000   4.32474714099461
  0.00000000000000   5.07726286805354
  0.00000000000000   2.49821458128715
  0.00000000000000   1.37062055259689
  0.00000000000000   1.97052380475708
  0.00000000000000   3.55578412130788
  0.00000000000000   2.59598898809145
  0.00000000000000   2.38373343151036
  0.00000000000000   1.41861754443021
  0.00000000000000   6.11723649831210
  0.00000000000000   4.12837848516539
  0.00000000000000  11.32809914905718
  0.00000000000000   1.29500976198262
  0.00000000000000   1.75377371205740
  0.00000000000000   1.37581521326528
  0.00000000000000   2.12784048848505
  0.00000000000000   1.91306544464385
  0.00000000000000   1.34288643700975
  0.00000000000000   1.51188245236195
  0.00000000000000   2.48320579774886
  0.00000000000000   1.99413398914459
  0.00000000000000   1.34620850741436
  0.00000000000000   4.08756356388589
  0.00000000000000   2.05385169462059
  0.00000000000000   2.81715647891707
  0.00000000000000   1.08659312472755
  0.00000000000000   1.29299026920979
  0.00000000000000   1.09448471937210
  0.00000000000000   2.26461912172244
  0.00000000000000   1.51296213019212
  0.00000000000000   5.26338282088651
  0.00000000000000   1.33223657306682
  0.00000000000000   2.40235049483204
  0.00000000000000   2.41480960677198
  0.00000000000000   1.11338918164999
  0.00000000000000   3.47482330040898
  0.00000000000000   5.49328021895302
  0.00000000000000   4.20906553628194
  0.00000000000000   8.21373453801327
  0.00000000000000   1.82005128958054
  0.00000000000000  11.51434123156125
  0.00000000000000   2.36982710735642
  0.00000000000000   9.97659728136167
  0.00000000000000   3.36282405407956
  0.00000000000000   2.43421324602264
  0.00000000000000   4.95452046230923
  0.00000000000000   3.01628806470001
  0.00000000000000   1.68737840066048
  0.00000000000000   1.91091767546496
  0.00000000000000   8.63471450791587
  0.00000000000000   1.79827114699153
  0.00000000000000   2.40601559645661
  0.00000000000000   9.11863385543650
  0.00000000000000   5.03969491548819
  0.00000000000000   2.54998180748917
  0.00000000000000   7.22545768742639
  0.00000000000000   1.99324236980721
  0.00000000000000   0.73629277817876
  0.00000000000000   2.52580897854475
  0.00000000000000   1.94944941062518
  0.00000000000000   3.32650866482432
  0.00000000000000  23.34013185547138
  0.00000000000000   1.37770448163684
  0.00000000000000   1.33459259083047
  0.00000000000000   2.80499974520764
  0.00000000000000   2.69190577607421
  0.00000000000000  11.18064740456257
