  0.0141959           0           0           0           0           0           0           0           0           0           0           0           0 3.46837e-05           0           0           0           0           0           0           0           0           0
          0           0  0.00142045           0           0           0           0           0           0           0           0           0           0           0           0           0           0           0           0           0           0           0           0
          0  0.00142045   0.0031348           0           0           0           0 0.000170455           0           0 0.000159303           0           0           0           0           0           0           0           0           0           0  0.00103306           0
          0           0           0           0           0           0           0           0           0           0           0           0           0           0           0           0           0           0           0           0           0           0           0
          0           0           0           0   0.0196078           0           0           0           0           0           0           0           0           0           0           0           0           0           0           0           0           0           0
          0           0           0           0           0           0           0           0           0           0           0           0           0           0           0           0           0           0           0           0           0           0           0
          0           0           0           0           0           0  0.00142248           0           0           0           0           0           0 0.000193498           0           0           0           0           0           0           0           0           0
          0           0 0.000170455           0           0           0           0 0.000313283 0.000122951           0 4.08879e-05 8.80282e-05           0 9.19118e-06           0       1e-05           0           0 5.81395e-05 4.12088e-05           0 0.000170455           0
          0           0           0           0           0           0           0 0.000122951  0.00216773           0 7.66049e-05           0           0  0.00012054           0           0           0           0 9.53107e-05 0.000135111           0           0           0
          0           0           0           0           0           0           0           0           0           0           0           0           0           0           0           0           0           0           0           0           0           0           0
          0           0 0.000159303           0           0           0           0 4.08879e-05 7.66049e-05           0 0.000733218 1.64539e-05           0 1.71798e-05           0           0           0           0           0           0           0 0.000212404           0
          0           0           0           0           0           0           0 8.80282e-05           0           0 1.64539e-05  0.00039956           0           0           0  5.6338e-05           0           0           0 0.000116081           0           0           0
          0           0           0           0           0           0           0           0           0           0           0           0  0.00238971 1.43612e-05           0           0           0           0           0           0           0           0           0
3.46837e-05           0           0           0           0           0 0.000193498 9.19118e-06  0.00012054           0 1.71798e-05           0 1.43612e-05  0.00195355           0           0 2.18838e-05           0           0           0           0           0 0.000216263
          0           0           0           0           0           0           0           0           0           0           0           0           0           0           0           0           0           0           0           0           0           0           0
          0           0           0           0           0           0           0       1e-05           0           0           0  5.6338e-05           0           0           0 0.000610442 0.000142857           0 0.000139535           0           0           0           0
          0           0           0           0           0           0           0           0           0           0           0           0           0 2.18838e-05           0 0.000142857  0.00121186           0           0           0           0           0           0
          0           0           0           0           0           0           0           0           0           0           0           0           0           0           0           0           0   0.0123077           0           0           0           0           0
          0           0           0           0           0           0           0 5.81395e-05 9.53107e-05           0           0           0           0           0           0 0.000139535           0           0  0.00355677 0.000127779           0           0 0.000341997
          0           0           0           0           0           0           0 4.12088e-05 0.000135111           0           0 0.000116081           0           0           0           0           0           0 0.000127779 0.000182138           0           0           0
          0           0           0           0           0           0           0           0           0           0           0           0           0           0           0           0           0           0           0           0   0.0026455           0           0
          0           0  0.00103306           0           0           0           0 0.000170455           0           0 0.000212404           0           0           0           0           0           0           0           0           0           0  0.00317125           0
          0           0           0           0           0           0           0           0           0           0           0           0           0 0.000216263           0           0           0           0 0.000341997           0           0           0           0
