39.9524       9     106
46.1429  16.125      16
43.6667  20.875      88
 48.619  16.125      22
44.9048    18.5      18
46.1429  25.625      28
 47.381    18.5      38
53.5714  -2.875     400
53.5714  -7.625     122
56.0476  -2.875      10
42.4286   13.75     428
51.0952  11.375     142
38.7143  -7.625     256
41.1905  -2.875     272
39.9524   23.25      16
46.1429   6.625     250
 47.381       9     168
44.9048       9      26
49.8571    4.25      86
46.1429   1.875     182
 47.381   13.75      28
52.3333    18.5      44
52.3333    4.25      34
