 24  35
 24  25
 25  35
 25  13
 25  26
 26  13
 26  36
 26  27
 27  36
 27  37
 27  28
 28  37
 28  38
 28  29
 29  38
 29  39
 29  30
 30  39
 30  40
 30  31
 31  40
 31   9
 31  32
 32   9
 32  41
 32  33
 33  41
 33  42
 33  34
 34  42
 34  43
 35  44
 35  45
 35  13
 13  45
 13  46
 13  36
 36  46
 36  47
 36  37
 37  47
 37  48
 37  38
 38  48
 38  49
 38  39
 39  49
 39  50
 39  40
 40  50
 40  51
 40   9
  9  51
  9  52
  9  41
 41  52
 41  53
 41  42
 42  53
 42  54
 42  43
 43  54
 44  55
 44  45
 45  55
 45  56
 45  46
 46  56
 46  14
 46  47
 47  14
 47  57
 47  48
 48  57
 48  58
 48  49
 49  58
 49  59
 49  50
 50  59
 50  60
 50  51
 51  60
 51   8
 51  52
 52   8
 52  10
 52  53
 53  10
 53  61
 53  54
 54  61
 54  62
 55  63
 55  64
 55  56
 56  64
 56  65
 56  14
 14  65
 14  66
 14  57
 57  66
 57  67
 57  58
 58  67
 58  68
 58  59
 59  68
 59  69
 59  60
 60  69
 60  70
 60   8
  8  70
  8  71
  8  10
 10  71
 10  72
 10  61
 61  72
 61  73
 61  62
 62  73
 63  74
 63  64
 64  74
 64  75
 64  65
 65  75
 65  76
 65  66
 66  76
 66  77
 66  67
 67  77
 67  20
 67  68
 68  20
 68  78
 68  69
 69  78
 69  79
 69  70
 70  79
 70  80
 70  71
 71  80
 71  81
 71  72
 72  81
 72  82
 72  73
 73  82
 73  83
 74  84
 74  85
 74  75
 75  85
 75  86
 75  76
 76  86
 76  87
 76  77
 77  87
 77  88
 77  20
 20  88
 20  89
 20  78
 78  89
 78  19
 78  79
 79  19
 79  23
 79  80
 80  23
 80  90
 80  81
 81  90
 81  91
 81  82
 82  91
 82  92
 82  83
 83  92
 84  93
 84  85
 85  93
 85  94
 85  86
 86  94
 86  95
 86  87
 87  95
 87  96
 87  88
 88  96
 88  16
 88  89
 89  16
 89  97
 89  19
 19  97
 19  98
 19  23
 23  98
 23  99
 23  90
 90  99
 90 100
 90  91
 91 100
 91 101
 91  92
 92 101
 92 102
 93 103
 93 104
 93  94
 94 104
 94   1
 94  95
 95   1
 95 105
 95  96
 96 105
 96  18
 96  16
 16  18
 16  17
 16  97
 97  17
 97 106
 97  98
 98 106
 98 107
 98  99
 99 107
 99 108
 99 100
100 108
100 109
100 101
101 109
101 110
101 102
102 110
103 111
103 104
104 111
104 112
104   1
  1 112
  1 113
  1 105
105 113
105 114
105  18
 18 114
 18 115
 18  17
 17 115
 17 116
 17 106
106 116
106  12
106 107
107  12
107 117
107 108
108 117
108 118
108 109
109 118
109 119
109 110
110 119
110 120
111 121
111 122
111 112
112 122
112 123
112 113
113 123
113  11
113 114
114  11
114 124
114 115
115 124
115  21
115 116
116  21
116 125
116  12
 12 125
 12 126
 12 117
117 126
117 127
117 118
118 127
118 128
118 119
119 128
119 129
119 120
120 129
121 130
121 122
122 130
122 131
122 123
123 131
123 132
123  11
 11 132
 11 133
 11 124
124 133
124   2
124  21
 21   2
 21   4
 21 125
125   4
125 134
125 126
126 134
126 135
126 127
127 135
127 136
127 128
128 136
128 137
128 129
129 137
129 138
130 139
130 140
130 131
131 140
131 141
131 132
132 141
132 142
132 133
133 142
133   5
133   2
  2   5
  2   7
  2   4
  4   7
  4 143
  4 134
134 143
134  22
134 135
135  22
135 144
135 136
136 144
136 145
136 137
137 145
137 146
137 138
138 146
139 147
139 140
140 147
140 148
140 141
141 148
141 149
141 142
142 149
142   3
142   5
  5   3
  5 150
  5   7
  7 150
  7 151
  7 143
143 151
143 152
143  22
 22 152
 22 153
 22 144
144 153
144 154
144 145
145 154
145 155
145 146
146 155
146 156
147 157
147 158
147 148
148 158
148  15
148 149
149  15
149 159
149   3
  3 159
  3 160
  3 150
150 160
150 161
150 151
151 161
151 162
151 152
152 162
152 163
152 153
153 163
153 164
153 154
154 164
154 165
154 155
155 165
155 166
155 156
156 166
157 167
157 158
158 167
158 168
158  15
 15 168
 15 169
 15 159
159 169
159 170
159 160
160 170
160   6
160 161
161   6
161 171
161 162
162 171
162 172
162 163
163 172
163 173
163 164
164 173
164 174
164 165
165 174
165 175
165 166
166 175
166 176
167 177
167 178
167 168
168 178
168 179
168 169
169 179
169 180
169 170
170 180
170 181
170   6
  6 181
  6 182
  6 171
171 182
171 183
171 172
172 183
172 184
172 173
173 184
173 185
173 174
174 185
174 186
174 175
175 186
175 187
175 176
176 187
177 178
178 179
179 180
180 181
181 182
182 183
183 184
184 185
185 186
186 187
