55.882129 19.445792
52.293739 -8.590946
57.510257 27.200995
40.066886 10.747812
57.676440 17.276516
49.108551 -1.041674
45.528604 11.614494
38.881407 21.025375
43.968556 23.100674
53.210279 -0.578947
38.923409 -2.710219
37.837258 27.934816
39.550891 15.916380
47.159496 -6.010918
46.922575  5.126529
58.285032 13.988829
60.151021 11.550950
52.530072 -0.189926
35.900479 23.210512
42.630513 -4.329052
39.222131 -9.647012
39.907713 -0.202112
54.915389  2.208187
56.723109  4.941818
35.254230 27.541324
49.750129 20.818066
55.263460 -1.153099
