-3.815412
-4.730598
-3.946292
-4.282094
-4.438349
-3.572810
-4.126628
-3.747669
-3.451043
-3.578909
-5.212630
-4.072961
-3.953753
-3.916016
-3.980799
-4.170732
-4.356207
-4.452632
-3.647335
-4.139255
-4.736983
-3.559374
-3.223043
-3.933768
-3.961960
-3.878406
-3.786855
-3.774813
-3.686603
-3.486159
-3.420970
-3.282379
-3.484227
-3.575148
-3.940198
-3.854125
-3.826375
-3.753898
-3.745507
-3.557819
-3.455448
-3.436685
-3.435813
-3.886418
-3.879562
-3.906876
-3.892749
-3.875576
-3.870722
-3.824958
-3.666199
-3.497133
-3.412196
-3.378731
-3.895062
-3.911287
-3.946790
-3.974818
-3.893276
-3.789538
-3.499585
-3.442188
-3.958936
-3.905402
-3.891853
-4.001762
-4.076729
-3.965426
-3.760391
-3.761973
-3.531918
-3.521513
-3.475304
-3.966735
-3.940700
-3.951407
-4.084019
-3.933678
-3.635523
-3.376149
-3.338494
-3.424157
-3.474040
-3.978289
-3.931022
-3.900314
-3.980642
-4.094264
-4.101092
-3.183197
-3.128474
-3.214330
-3.928173
-3.866802
-3.890302
-4.111522
-4.014824
-3.382035
-3.113770
-3.007537
-3.048744
-3.190744
-4.231163
-4.106388
-4.285477
-4.070580
-3.396474
-3.163646
-3.057264
-3.151896
-4.658463
-4.789693
-5.020408
-4.993574
-4.733616
-4.422542
-3.653097
-3.228571
-3.189848
-3.131701
-4.770619
-4.899700
-5.090836
-5.084816
-4.313187
-3.972628
-3.438174
-3.014101
-3.038631
-4.775467
-4.929304
-5.055994
-4.992614
-3.944101
-3.606611
-3.437072
-3.203242
-3.072452
-4.511423
-4.563744
-4.632446
-4.693460
-3.822463
-3.529806
-3.516097
-3.324030
-4.252516
-4.295455
-4.203824
-3.843788
-3.631434
-3.425858
-3.306399
-3.459721
-3.338549
-3.294478
-4.145592
-4.088421
-3.843769
-3.721123
-3.561602
-3.345323
-3.223390
-3.258991
-3.347665
-3.251552
-3.983931
-3.904016
-3.765913
-3.702570
-3.453840
-3.267329
-3.202577
-3.254772
-3.314568
-3.308108
-3.934088
-3.877382
-3.733392
-3.678727
-3.581984
-3.511777
-3.390949
-3.267927
-3.237288
-3.349541
-3.391781
