-2.469560
-1.538485
-1.554608
-1.175190
-1.697508
-0.598661
-1.000750
-0.343564
-0.695300
-0.283898
-1.690161
-0.623798
-0.462298
-0.432772
-1.407139
-0.623504
-0.696451
-0.948314
-0.549732
-0.733058
-1.245475
-0.603965
-0.387434
-0.512323
-0.566867
-0.602250
-0.699113
-0.926370
-1.137191
-1.161674
-0.931786
-0.656457
-0.623561
-0.623419
-0.478175
-0.575314
-0.748365
-1.080437
-1.245252
-1.068828
-0.519617
-0.572567
-0.527907
-0.385816
-0.325192
-0.227980
-0.584155
-1.023776
-1.201996
-1.164888
-0.773313
-0.381961
-0.429319
-0.489833
-0.362319
-0.218137
-0.797536
-1.068283
-1.097382
-0.846757
-0.408337
-0.466006
-0.469096
-0.351309
-0.297212
-0.554765
-0.873097
-0.988095
-0.863306
-0.479736
-0.133518
-0.278438
-0.376995
-0.534736
-0.453920
-0.450831
-0.665805
-0.825610
-0.562138
-0.153051
-0.025418
-0.224441
-0.340671
-1.084078
-1.068377
-0.970376
-0.786806
-0.715740
-0.647643
-0.027796
-0.070001
-0.257097
-1.722347
-2.343811
-2.249108
-1.037091
-0.534321
-0.399782
-0.168955
-0.129238
-0.152005
-0.221744
-2.019484
-2.462495
-2.372266
-0.617632
-0.405626
-0.233325
-0.219090
-0.229478
-2.103109
-2.480538
-2.452349
-1.572706
-1.006984
-0.905088
-0.362677
-0.262052
-0.327739
-0.354307
-1.667031
-1.715718
-1.670110
-1.619143
-0.968713
-0.554468
-0.312109
-0.314275
-0.426731
-1.510021
-1.599629
-1.790103
-2.059122
-0.699619
-0.480040
-0.373885
-0.405673
-0.473304
-1.441445
-1.537521
-1.830563
-2.033933
-0.772017
-0.512140
-0.512966
-0.506839
-1.441345
-1.617079
-1.744711
-0.909408
-0.637263
-0.634796
-0.600956
-0.538943
-0.561761
-0.573105
-1.378681
-1.365172
-1.247872
-0.797600
-0.536715
-0.520122
-0.544378
-0.545050
-0.598414
-0.638712
-1.295705
-1.251751
-1.143868
-0.827193
-0.501694
-0.474356
-0.497748
-0.555618
-0.579877
-0.613481
-1.265713
-1.190117
-1.089514
-0.879817
-0.681546
-0.554644
-0.505279
-0.473400
-0.537194
-0.574914
-0.580598
