-3.88559340576909  1.37041847743440
-3.87322498504996  0.93221665431775
-3.85565909618706  0.98808864377265
-3.85731125873923  1.04448378205763
-3.84718466630999  1.68674501170690
-3.86965717567858  0.83635910947625
-3.86066965185677  1.39148361914452
-3.89427730236778  0.85778562878246
-3.89117352925462  1.30828293910798
-3.92491426899600  0.76478200791479
-3.91916580289525  1.19101553261003
-3.90858197861030  1.88442008747940
-3.95830204439517  1.23534064642858
-3.94550158279254  2.45998948887906
-3.92823718084130  1.39686551919003
-3.91585816509446  1.27781859478984
-3.89421603406988  1.23515212057320
-3.90357452892772  1.64574629755585
-3.93861419854684  1.03578095628298
-3.93980454155385  1.07892497490035
-3.92859442550093  1.19606702931660
-3.90498833344108  0.84203331689888
-3.91330167436550  1.37862819733843
-3.92580085946350  1.55689610054325
-3.92177850810158  1.18335592492882
-3.91802614862907  1.53850846352774
-3.93053771479768  1.08476236778506
-3.89935985736419  0.79270359018864
-3.89647398397230  1.47151414096203
-3.92404723272888  1.18140348240295
-3.92858789021639  1.42652275962060
-3.93176521249618  1.79232190062436
-3.96959551747791  1.34057436805381
-3.95113554290947  2.42308840856850
-3.93142379976462  1.10043752797276
-3.96563674681835  1.13004639704624
-3.96196598119241  1.44266673329257
-4.00017213120356  1.54905754018137
-4.00617048912010  1.50666111760210
-3.94964019779627  2.31185760678670
-3.96927719601557  1.84297214857401
-4.00490869915209  0.94002386743372
-3.99859143450349  1.33837357533619
-4.01382471489552  1.23227783733977
-3.99945219693405  2.01863872226196
-4.00236208030446  1.66514559493819
-4.01008821437694  1.30640219020237
-3.99984464572621  2.04652538062932
-4.00412767379151  1.21840401180889
-3.98874155035224  1.37792035774960
-3.98848549875104  1.06094252373539
-4.04439565985747  0.99364557794541
-4.02492679583228  0.99737413025694
-4.03495795756936  1.52326018170613
-4.04486959535493  1.68334805756809
-4.04265819384678  2.01944159502500
-4.10251890036796  2.09892343281409
-4.10562910027475  0.88535889416757
-4.08406687047714  2.09676043440325
-4.07352330400518  1.97057377605002
-4.07674165679746  1.15418624066236
-4.04155847424094  1.53231413150635
-4.08294252591685  1.46635487668387
-4.08223301664257  1.15651579388761
-4.04052773802529  0.87882035161805
-4.04140651396245  0.98442133085094
-4.02490524248306  1.71355646566497
-3.99930484491412  1.23456128982381
-3.99109062004591  3.85416033545822
-4.00225986191540  1.85681222990033
-4.01785023044422  1.27850761486152
-4.01168692970499  2.31836279735692
-4.02263182479291  1.48223122488898
-4.02212267038155  1.64266042076717
-4.00627002239768  1.19753623162860
-4.01461489976319  1.89700864291260
-3.99953616087345  1.99288737818655
-4.00687014501602  2.12143338628804
-4.00989271030936  1.75591122309231
-3.98293784239077  1.15079397490951
-4.01992998516480  2.09171790557090
-4.01358336887772  0.81912880339582
-3.97005206123768  1.27982126349206
-3.98230708144221  1.91451388259427
-4.00091747412789  1.46276249111056
-4.01016988767648  2.09627280075467
-4.04145441869301  2.17201615683980
-4.04936333847832  1.34222452547467
-4.01749820801524  1.48630098306461
-4.01965404407866  1.29713082453582
-3.99145179206340  1.75601063382442
-3.99992482085213  1.93301564764909
-4.02122446146542  1.97160062213033
-4.00708955794964  1.33833801274034
-4.00644905025504  1.39925456704714
-4.01372566452397  1.11627490486077
-4.04514955080848  1.85655665647097
-4.06500911431297  1.15765444731302
-4.08064516786288  2.03073196494320
-4.05361525388714  1.58412459101546
-4.08017024471723  1.09151974117716
-4.05825071755778  1.48750439251717
-4.02750405391746  1.51612184703783
-4.03098090461416  2.60911377242195
-4.02056288732958  1.47016776786649
-4.03440611780257  1.93474399150404
-4.04131320815037  1.73534807132180
-4.04131320815037  1.10832754699409
-4.04635226438916  1.63535734002101
-4.06514960576243  1.30948676133482
-4.06335405024034  1.22340156935183
-4.04724034583458  1.35709737462266
-4.04854688492892  1.55618262835393
-4.06646045882535  2.61200513278821
-4.03784790378903  1.54035304738445
-4.05478584995179  1.54581339714256
-4.04290030481517  1.59366412551232
-4.06123352382612  1.81903867471243
-4.05832388171053  1.74886374287095
-4.05908412262509  1.63829423632420
-4.05751420545865  1.83160512216792
-4.03878068677327  1.90821590518558
-3.99704173509918  2.07643942191997
-4.02002876996996  1.68259122998251
-4.02912589163758  1.88531321660574
-4.04890816755334  2.51086346856497
-4.05260857292905  2.27511759473250
-4.07809107383647  2.43133662850750
-4.07836830840750  1.91183139021717
-4.02599917941317  1.35950297855704
-4.02681671324414  1.26062144199077
-4.02675196628414  1.41621406822605
-4.04205592165845  1.53156716750161
-4.05958984539722  2.49276314405091
-4.09768933308665  2.85382619407149
-4.07276201086432  1.11377168999086
-4.10437973441913  2.37406772351852
-4.11603522206468  1.30941310925181
-4.12077634801552  1.70772139602973
-4.13009353627584  1.47894450364951
-4.14326699832195  1.48435662574586
-4.10969535917259  1.58504292941476
-4.11457795470392  0.81395820055108
-4.12817283525934  1.36687802281915
-4.11523875072818  2.14382828157785
-4.09708978400372  1.75768960333840
-4.10899567045301  1.80792582251264
-4.13984497169059  2.33757078634798
-4.19237922798695  1.92589884418686
-4.19762652520751  1.93365566559515
-4.19617097117800  2.18587397998415
-4.20114326521689  1.47045637034164
-4.21474559355681  1.04331571937929
-4.19540163813007  1.16135962658435
-4.22200288682116  2.23893866638984
-4.20543103044906  1.07987719042581
-4.21571061851127  1.57666354988126
-4.25128912133187  1.71694772530809
-4.25842987436469  1.46908380854912
-4.23485817532071  1.95798164477886
-4.21427786348960  2.09454130502568
-4.23213786545317  3.40955234576304
-4.26422335976180  1.84945490877968
-4.27633746238052  1.51438999952689
-4.24104829456765  4.13309146847515
-4.23335421520553  2.02365621196038
-4.23335421520553  2.32123872259035
-4.24769946794005  2.77258525826464
-4.24396908160471  1.65071571049258
-4.26104541617192  1.38460815113405
-4.25234056690139  2.10383668949985
-4.23250751096287  1.76694417208640
-4.22128350258429  2.03738102564109
-4.21232609796174  2.73928470670452
-4.22080378384466  4.45229088447172
-4.21401753564725  2.84424520700187
-4.19057527252517  1.85429902090083
-4.19768629618775  1.82082318391489
-4.20675755860707  1.68728767190956
-4.22008875644723  1.38709102201087
-4.22751912087224  2.06789634749519
-4.22751912087224  2.51417682492840
-4.24082695220951  1.90574310667101
-4.21320643373006  1.32108483364182
-4.23331905510668  1.49889984392990
-4.24870188984391  1.51628492322154
-4.27000170689885  2.04533158532665
-4.28812130416115  1.34958562767524
-4.28940033892753  1.53235410728793
-4.26005290100419  1.24899912471509
-4.24327857131390  2.09857744598636
-4.23985142173454  1.48880908887499
-4.24641156656383  2.05311569833432
-4.25015327887569  1.91298072828454
-4.23635235794113  1.79733735823446
-4.24723671359368  2.16113654468705
-4.26339028634265  2.29512451520934
-4.24613000294629  2.25990275565695
-4.21083763245220  1.19763497705537
-4.24030619307575  1.57031671808985
-4.23270066782110  1.91055491435504
-4.23590985440815  1.39464353516040
-4.21857579505144  1.46831386567587
-4.24004982962995  3.32004244905632
-4.24940725269707  1.56082728268486
-4.25050500319680  1.32111651704325
-4.25072388563004  1.43198163874739
-4.24176757649710  1.13916947851962
-4.25554942413366  1.47714447066394
-4.25224125859969  1.87817177859216
-4.25603649484038  2.20769639338427
-4.26737147820177  1.89658364083925
-4.25241479641764  1.68006677776497
-4.24991943792343  1.39181719396832
-4.22699869083994  1.36957674920196
-4.22953005575036  2.10464710775537
-4.21763987436309  1.86803136282725
-4.23179662830963  4.51782122641176
-4.22364155693335  1.44908450973776
-4.28232284089577  0.88498068440654
-4.24971110248458  0.88632915114862
-4.26750288635028  1.14650665412325
-4.25127162039916  0.94643972547655
-4.23645949635847  1.38513922139836
-4.23604751192409  1.91406227399116
-4.23174940661602  1.69377150752461
-4.25198375003617  1.33250879508761
-4.25195503356664  2.43915508068295
-4.21289304176916  1.86828527473425
-4.25368936827675  1.60282107791230
-4.28369644007388  1.81766047844799
-4.28819904780843  1.40623719522964
-4.29494996926993  1.71877562637173
-4.30678151857832  4.24591890150914
-4.30643787384375  1.64932761697648
-4.31485435970880  1.66435153655755
-4.38087765062728  2.48801775185830
-4.34914258390297  2.58058801229133
-4.32186340414597  2.56458725035986
-4.33309160024766  2.51446351734492
-4.33082626120949  2.09000772229334
-4.33100044601779  1.74197475664223
-4.35230360104410  1.64854810352364
-4.34023193212607  1.74236341875109
-4.35412283290042  0.81621725331864
-4.36324440607372  0.82384327440495
-4.35102428237516  2.16967955286827
-4.37306010805045  3.40816951226893
-4.35850578729868  1.10545907239317
-4.38082911729098  1.03450565445971
-4.36162068601072  1.49391444105423
-4.33709041250360  2.29871948602323
-4.33619474163739  2.80605649035060
-4.37424495983796  1.70520222861086
-4.38939230150768  1.19903781071541
-4.34670521610798  2.66514728222771
-4.36918806112226  1.89186869592683
-4.37290506687732  3.10657170582039
-4.35906671130905  1.47665600976128
-4.32311131082688  1.03132285361724
-4.31272120528502  2.59000613685132
-4.30585472624194  1.66165841117226
-4.30544418197139  2.64748316315177
-4.29203309690723  3.90141650394516
-4.27385588531046  1.13293927824193
-4.26571211797905  2.05214259774173
-4.28395985395077  1.87154440961669
-4.26787227572297  3.76709229048493
-4.24406166746251  1.34557872055956
-4.26081144625568  1.18116633242391
-4.26919746424239  0.97372906698451
-4.26919746424239  2.34652957583151
-4.27825652892357  1.27936793753168
-4.29081433976441  1.56339396109627
-4.28544731478484  1.64577048962110
-4.27326663744055  1.50970753830584
-4.26858649867209  1.07989411540856
-4.26455277265370  1.51823926304734
-4.28712415599841  2.06763392281674
-4.24320399900672  2.50180320824585
-4.23348612460370  1.84339533371480
-4.26059740901815  1.47663867947528
-4.24565538493184  1.28513775557504
-4.22354649878601  1.40376644506889
-4.21137435646724  2.00833966015621
-4.21823959901330  0.78018611749504
-4.18174618637141  1.18389833532041
-4.19307156787212  1.79594102021038
-4.18522971092262  0.60555711134705
-4.19614062371491  1.15052635805423
-4.17156319256804  1.26883021890493
-4.15359632758324  1.24849847489276
-4.16026296737342  0.83236976015235
-4.12248885587776  1.32501426759582
-4.12638182581197  1.34154187229332
-4.09050161064801  1.36248729082703
-4.05368161715230  1.24044223216956
-4.09868560635896  1.23651094798630
-4.13069993853653  1.26108884811073
-4.13101692313035  2.28139334933047
-4.12511147868582  1.37918952743604
-4.08639914307478  1.17482639219512
-4.11499470703867  0.98464500126376
-4.12938020548651  1.17544104867283
-4.11155182463246  1.56412897087766
-4.07090979524135  0.83205064667602
-4.06803879132277  0.89147230252789
-4.06234397890698  1.87327883437852
-4.05051250830299  1.07244461475391
-4.07593742182399  1.14175266260762
-4.08025519725128  1.22393398015668
-4.08083063537971  1.41921782570022
-4.06272196680564  1.38972910143278
-4.07086804073670  1.51868265840926
-4.07216446807839  1.21132391324511
-4.05919568941644  0.72045177879408
-4.05595301835865  0.98528589274902
-4.05503993184314  0.99948182641905
-4.05955730008961  2.37050742148478
-4.02447353770555  1.66242184476433
-4.02718995341705  1.04593925745611
-4.02093634021897  1.47683436398920
-4.02691346367873  1.21913507628314
-4.03817401948448  1.27146647764866
-4.06151583894099  1.70736720440463
-4.00289099409232  1.14742613130560
-3.99954344604301  1.07011470304440
-4.00763272361479  0.99968629556610
-4.00537083227596  1.41232720987928
-4.02008507620677  1.35947251720071
-3.98732823001619  1.26817266031795
-3.95830895778734  2.55519283155978
-3.96798996029989  2.10463718458015
-3.92178618491627  2.45190781265500
-3.92698503502987  1.80555744585045
-3.91098986280453  3.83291313165147
-3.92609070157364  3.25588609173072
-3.91616866442968  2.13463217006179
-3.90583784933050  1.51432095165056
-3.91074148490016  1.75494543780200
-3.92758722429611  1.70088321125387
-3.95095818453775  2.27282477010585
-3.97053617272835  3.14799481428813
-3.98423035920288  1.63990517404300
-4.00040038811957  2.68200873763512
-4.01768144948593  1.49742523831191
-3.96020012983563  1.32367932476670
-3.96092865656995  1.79239425663408
-3.97560121516999  2.35456728851276
-4.01401379877453  1.67694364419763
-4.04296582990442  1.13563378863148
-3.99773809257947  1.45434027644415
-4.00598366592809  2.70873094566301
-4.01209621358287  1.34454110090339
-3.99138765723859  1.95146705242407
-4.00832634347095  1.98902941354144
-4.00509677511655  1.25669390279532
-4.02952716336769  1.38169790026928
-3.99423051381108  1.33613083055212
-3.99777570730705  1.68242756722282
-4.01022009607304  2.27877393822968
-4.00365254635069  1.73342972987925
-4.02934727589986  1.48937452545925
-4.00725326894547  1.53612090624859
-3.97066021174589  1.78031651513142
-3.95476123558026  0.97704805511276
-3.95144646540249  0.96201542212997
-3.95680793319273  0.98549122249707
-3.93850225599314  1.51284584172441
-3.95278349239343  1.43421173188022
-3.96603418081272  1.06518029213431
-4.00894417722427  1.16751688384572
-3.97400657138611  0.77982119805928
-3.98907147276624  0.88469671817995
-4.00324194085910  1.15008410817108
-4.04026873650054  1.22841958395702
-4.04435396375587  0.97412096728301
-4.03802479748930  0.65721668336869
-4.03679897372488  0.85076288862914
-4.03227799930097  0.99818987573432
-4.04670443930877  1.22320916070752
-4.01627639848531  1.42747657766059
-4.00084740896473  0.90356362712669
-3.97971138211766  1.71788202813099
-4.05414139042697  1.95623421239286
-4.05753812983014  1.27994941374218
-4.06558522045069  1.54206854139104
-4.04857956182096  1.41110758666131
-4.03070841265649  1.44408575754057
-4.02541581795010  1.89651429452783
-4.03658511711927  1.50384132486912
-4.02586676073059  1.92859212643401
-4.04514119385515  1.39215238902713
-4.00088852140026  2.40587295361783
-4.01818005850707  1.31293180600139
-4.01617661412479  1.83579229261368
-3.99861543756019  1.14524815861032
-4.02160057423859  1.45603700288056
-4.00951868964271  0.79657353218678
-3.99338668843091  1.31290526559971
-3.96268939122844  1.21184371510432
-4.01452709034357  0.97912446977661
-4.02048219128646  1.45043819816430
-4.03192248205978  1.45621928586655
-4.03070345866926  1.54091834746515
-4.00757167897507  0.76431587223569
-4.00969558220438  0.85163298515079
-4.04099696254156  1.25729392567487
-4.03785865752350  1.25282133244925
-4.07529293965810  0.79100028402167
-4.08794739721235  0.95553210022722
-4.08120258556699  1.22148748787147
-4.05612842907989  1.31180964499658
-4.07574620563241  0.60648022672201
-4.04741781519262  0.94547168628108
-4.06791121160889  0.89392362575005
-4.04758363395110  1.40793401637909
-4.05112659422736  2.19031270777072
-4.04944150796832  1.07244744689187
-4.04739916327287  0.52721570836216
-4.04345013998465  1.02220835694047
-4.01927412866745  1.27881881417187
-4.04843319099568  0.91666037447961
-4.03252662765532  0.95508197507578
-3.99510065277644  1.25495841783711
-4.00026614554527  0.90486883358425
-4.01839219402961  0.78845178112913
-3.99845797564102  1.28118345590444
-3.95453415766453  1.16853057985682
-3.98174253480620  1.50234819531951
-3.96341589895061  1.21629455640703
-3.96037076458487  1.04619051856291
-3.95104623339223  1.35986943642019
-3.94447333151932  1.62322409799032
-3.95447011889533  2.07195039935857
-3.94634834166992  1.68079224130706
-3.98149819970790  0.63725940886549
-4.00266181846668  6.84463156957695
-3.98632022816944  1.77493359799635
-3.96980505290383  0.81958922594398
-3.92833383821700  1.33431734724130
-3.93198436028478  1.24585448625974
-3.92495227379095  0.78507190745778
-3.96469412823443  1.62829131004819
-3.92806324013674  0.90608005627520
-3.92705936550717  0.91253733830588
-3.96416396115377  1.53550254318573
-3.95751059374082  1.30571119126618
-3.95135083211061  2.90776618689850
-3.94176807295990  2.31686379388806
-3.95092570589931  2.29129514215701
-3.95227890930237  1.56539406934048
-3.94167695184748  1.53066111698095
-3.95904571139971  1.38213595115442
-3.97666710538150  1.43902966503496
-3.98960726308660  1.76577403094981
-3.90924308343372  1.14153764043957
-3.87885474595946  1.24390425124589
-3.84677924472384  1.86677366675653
-3.84291404103312  1.76316683218674
-3.86885396517942  1.44005921993407
-3.85697434218191  1.51496635958118
-3.83458573126971  1.65728026605365
-3.85895181923092  2.49750866017009
-3.87500407522683  1.65972789614144
-3.90210458984321  1.59581385252140
-3.88968898770846  1.56251007153579
-3.90858958078069  2.72325665727975
-3.87548595077033  1.22513169761395
-3.91385056137680  2.75406226574309
-3.92516537093114  2.93031796380762
-3.91959435370889  1.24319770091634
-3.90069007356007  1.49936130482090
-3.91391296957109  1.60321818637311
-3.92296304873976  1.14438547096573
-3.92255675189041  1.00959646132163
-3.93382861498774  1.38802519190351
-3.88697708516736  1.68804266550964
-3.82619907175561  1.46038466232744
-3.84278622332617  2.15994251848537
-3.86365686191029  0.80955106488993
-3.86019214175564  0.88670890118168
-3.84754119377684  0.95522431310195
-3.89756242833799  1.19371211046613
-3.90595772161499  0.89591453546629
-3.92424421324077  1.24077645154310
-3.94183295281945  0.65986579340531
-3.95275489904671  1.22977095270952
-3.96409158495817  1.32674383713395
-3.98306019738982  0.96601031682739
-3.96126786995416  1.34896903938923
-3.97107349403516  0.68791945865024
-3.92599734162615  1.34944736804408
-3.91861500335002  0.99992359086610
-3.89968781067899  0.95670851647084
-3.90666771365466  0.70834529742893
-3.92212057282893  1.09076262722862
-3.90025983601342  0.86801751481486
-3.89502250443718  0.91823435351181
-3.89660549663408  1.60815321398250
-3.89327972622297  0.71594070097220
-3.90917399395782  0.54833827700145
-3.86946519649317  1.14634112917287
-3.89033378356684  0.60223141477750
-3.87294613697491  0.76437013394251
-3.90827465497684  0.91463103445486
-3.91607529685976  1.03310674032653
-3.88932278449920  1.01461208500107
-3.89374832368550  0.60019402564058
-3.89458158669841  1.05357808478834
-3.88771641634867  0.85554840062155
-3.86954440509257  0.68594880722054
-3.81502297944552  0.54283717262045
-3.82025411264501  0.53001211716098
-3.87172041541024  0.99024029471090
-3.83853604988693  0.59636569385615
-3.84072255994107  0.61235660482295
-3.85969066955679  0.44569709802270
-3.85610526990201  0.43886526283760
-3.86178169586223  0.75367045776632
-3.89289290593412  0.74970308254089
-3.86921185826170  1.20516212061513
-3.90055333775497  1.11135388414953
-3.89686119719901  1.41276322708648
-3.88535154417743  1.96935122014894
-3.90406586428702  1.53175862169260
-3.96344077469439  1.20370489271968
-3.91006365651678  0.85208369018304
-3.91092522464358  1.18302334053207
-3.93182471043819  0.87484681393170
-3.91645111381370  0.54422108300427
-3.88988980665752  0.75445908945775
-3.88802852388313  1.08182975113076
-3.88048208860444  1.13684863999828
-3.88211877513003  0.74080807324564
-3.86919371132446  1.38986117920495
-3.87857983061485  1.29696203415152
-3.87682917914195  0.70140579689819
-3.89519893614984  1.40916640666576
-3.87103182658404  1.38532683917320
-3.87924100578857  1.80595031634420
-3.89995527227687  1.12921109110025
-3.88412949214902  0.64150939597591
-3.87442729681187  0.94188112203857
-3.87822404344585  1.62447127182138
-3.89594800536845  1.05927916033948
-3.88340313794845  0.74891053699198
-3.86127240215004  2.15844179431530
-3.86743280827070  1.30939887256322
-3.85394039565288  0.79257363979759
-3.83501246460481  0.71557317879762
-3.84862551840117  0.73965523438622
-3.86129961567964  0.97015233684634
-3.84901798089684  0.66217473829983
-3.82111473373761  0.73528761675295
-3.79370352598901  0.42743090790961
-3.79740820081384  1.12101765658386
-3.82137925335427  1.29315206974681
-3.84059910423794  0.66978536514660
-3.83222116815506  0.42252565107539
-3.87634233274847  0.72486008997619
-3.90346582410701  0.95019551887225
-3.88090199048833  0.68127369448475
-3.87415146110397  0.66549504940139
-3.90092573255262  1.15387469432540
-3.91395186527882  0.69186381716963
-3.91425176225870  1.65994834034040
-3.89117997781120  0.45495854152811
-3.90537131621022  0.32631474571839
-3.92283920528394  0.69048886118275
-3.92599452106692  0.98529368075360
-3.91154313287631  0.75333724761289
-3.91887585238471  0.53072197682503
-3.88409312578388  0.97723499935130
-3.88063246651031  0.83727178404646
-3.89808038794382  0.62402838917367
-3.90690477664395  1.28211780438034
-3.95994633505292  0.46636392023378
-3.95587063942077  0.57249182009522
-3.93612947951326  0.65299873725462
-3.91863168352351  1.20128811362885
-3.91948562425750  0.81261273772844
-3.90462628291267  0.49560535198710
-3.89313475090671  0.45377635400424
-3.94208013344002  0.57227726775780
-3.93336369446346  0.82323635546742
-3.91848279077872  0.82244081536197
-3.91740165502660  0.82552969442933
-3.90315952752990  1.14873810603553
-3.91022916768861  2.15039216797740
-3.87496999898153  0.86481492999882
-3.86971452062935  1.07450853410735
-3.86971452062935  0.66179712542418
-3.86289854529454  0.61170045377355
-3.83722384756241  0.59374695161972
-3.86010968288155  0.72517798345469
-3.85416806095614  1.30822649636049
-3.85682344848729  0.82847020278015
-3.86463888450191  0.83017279336176
-3.85995981198213  0.93825785672719
-3.86377954251546  0.44772036263111
-3.89444186920685  0.47977931476501
-3.90905146742326  0.65604129940596
-3.91221066648128  0.87730202795177
-3.92177645223321  0.81692998147658
-3.90417384271071  0.87487026605899
-3.88420891685862  1.38944681195824
-3.85739507430105  1.85272637099515
-3.86511088347421  0.84338363733976
-3.86550778914510  1.36832923472779
-3.90099722762676  2.31821928387003
-3.88361536648135  0.68018475948384
-3.85336994577303  1.92106646348647
-3.85106635884710  0.93095873439457
-3.86228129979660  1.18306409895210
-3.88133357496887  0.89314452605775
-3.88414459414695  0.92096136683218
-3.90839035026615  1.18023498613424
-3.88204850483284  1.51546098594949
-3.86862556655017  0.78555655372518
-3.85337431896410  1.12725254105610
-3.90050886775814  1.24424697038198
-3.88451130880644  0.91775159101903
-3.87436739805827  0.90769952618519
-3.88649612373369  1.09434899994829
-3.90663819150775  1.16422631182859
-3.90085214079194  0.88963426201028
-3.88291944118313  0.42546813551918
-3.86269237134756  0.99520445757227
-3.87676934994271  0.90432281498538
-3.85137631325913  1.18032775524173
-3.83515961455504  0.98345677341755
-3.81137455852936  0.65042661523777
-3.84991845958676  1.05326081258117
-3.84359229020711  1.14578187548267
-3.85684694421222  1.31778058199319
-3.86415936025258  0.76084747358178
-3.84208898868792  1.30207128937230
-3.84853640931321  2.32974164453593
-3.85865428056458  1.34605889672273
-3.83516098783239  0.79675067110194
-3.83094716973477  1.22737661553397
-3.77933917143784  0.91467913701900
-3.77043484590758  0.65967371830758
-3.78978905818220  0.98287542020884
-3.78900850855581  0.97729092887561
-3.78960963706013  0.53246303010871
-3.79121928048288  0.59922359367756
-3.78649676664946  0.44476715041695
-3.78475248111718  0.87527038784043
-3.73404060236843  0.59431459597842
-3.71653869361132  0.67240751368545
-3.71473576946211  0.72349822427757
-3.64330456321357  0.58506612277862
-3.63811902905603  0.33927317404044
-3.67916180444932  0.49481873903235
-3.62150856980089  1.53072452915057
-3.59423334642439  1.96283827398411
-3.62640868945425  0.56745153093373
-3.60558508422599  1.56648158733901
-3.59141261373647  1.01186346943931
-3.61385859984092  0.46707133907135
-3.62876973850385  1.27776830530525
-3.63483338747235  0.45827602253815
-3.59967948153794  0.58859516014131
-3.60781249500980  0.65705872877952
-3.63071369902701  0.60229280932095
-3.64505073709338  0.53763485162130
-3.65517850836973  0.64382122458769
-3.65135817197980  0.38784792206555
-3.65109046747581  0.77336561894980
-3.64405046750016  1.01375328887851
-3.62607104693645  0.61693268036717
-3.62135806160809  1.73288934655094
-3.60116278845222  0.90386861017308
-3.58015295384826  1.35276000972330
-3.54385900647083  0.98512010362212
-3.56043195220582  0.37421292788951
-3.58993460126725  0.55755462212001
-3.56399784094334  0.33829578074308
-3.54441222891618  0.90067190281965
-3.53475097986233  0.66603234658126
-3.56281782731527  1.01675332359415
-3.56967284179911  0.50381102915039
-3.59320064836335  1.60820569964773
-3.54815105069754  1.19721252150815
-3.54895086364844  0.45710324073615
-3.56156532124640  1.67397604117665
-3.57534399582312  0.47607680081149
-3.59305533043337  0.98531099227262
-3.57576207063562  0.88549252495248
-3.58245429047349  0.84387031820641
-3.59184202844835  1.56180943001099
-3.61060417235766  0.79448723097174
-3.59316968001873  0.56484378924230
-3.59316968001873  0.61633815546573
-3.59316968001873  1.84278629740161
-3.59316968001873  0.95590287926783
-3.59316968001873  0.47549084941647
-3.59316968001873  0.68250968046248
-3.60570339138174  1.23514984911279
-3.61000546492199  0.58540865841181
-3.61589234145419  0.36655116913715
-3.61651906552959  0.71449341813473
-3.64106483854317  1.01330821844251
-3.63750791313666  0.42722254024212
-3.63288731162326  0.70841557572934
-3.60967305296589  0.97914042135450
-3.60745106533124  0.65718280968154
-3.60778845090665  1.01508168555557
-3.61388604580794  0.71688272477789
-3.59021910531820  0.46922856489178
-3.58128600911109  0.36959441602202
-3.55358434083789  0.47813425242372
-3.52720893335310  0.40487022173306
-3.53125798744390  0.50752447809319
-3.52820483577803  0.46718669035042
-3.53629606226680  0.76009574693622
-3.54693760882080  1.34906069994773
-3.56321755293425  0.56223767335079
-3.53272930935750  0.45459696765613
-3.52445257329308  0.50086732021113
-3.53573951829901  1.14698813952635
-3.58101762554269  0.35024859281396
-3.55425602690600  0.93797616831197
-3.55485288104585  0.74458186586947
-3.56494347344363  0.75671755365628
-3.56869393765185  0.81907669357575
-3.54876506659751  0.53669595734876
-3.54835648078490  0.82392710787267
-3.55892890796790  0.76842400271249
-3.54337778728541  2.36988534488400
-3.59256319627974  0.26520612325525
-3.57086570960135  0.29907939226282
-3.56439322725441  0.80030649435444
-3.55215096221424  0.40935431832168
-3.53560923873706  0.38196731252661
-3.53519601873322  1.60604464458357
-3.56766819456268  0.82713834222143
-3.55981345458371  0.53568904740817
-3.53621964762657  0.71036848294455
-3.54947700578530  1.30107896702981
-3.50180500762038  1.25096082232593
-3.49699557535716  0.38595623044161
-3.49512399984989  0.55416675599274
-3.49061045237024  0.63800596464624
-3.49070536623408  0.59803334187532
-3.44458957843466  0.85024463523174
-3.49318248227198  0.40852401667700
-3.46071859990324  0.85977881919528
-3.45927743743879  0.31223884802510
-3.44242949462795  0.23515431249540
-3.44941471779407  0.33217348805063
-3.44130322158572  0.50414812944401
-3.48777479586331  0.72808102923830
-3.47883310697676  1.33702666555522
-3.48264010081014  1.65736884251054
-3.48051080611216  0.94787417277153
-3.45475182480420  0.28544544924940
-3.45077856936751  0.50576683039745
-3.44558433179282  0.31354982045992
-3.47456443603627  0.52768287628281
-3.46763316207766  0.32121539800092
-3.49718259362159  0.69474901026953
-3.48349241183751  1.36799882454444
-3.48503631255753  0.70023935807433
-3.50973514329279  0.92968526517355
-3.50973514329279  0.85445902029898
-3.51168572346469  1.00954592991793
-3.50028036649702  0.50860628410856
-3.48560070221698  0.65972016873647
-3.50182967354240  0.63497034454529
-3.50849459442445  0.42221504967514
-3.51902948693612  0.55670631014627
-3.55682055288431  0.82046614083563
-3.55057376826660  0.48077836059408
-3.54706897863139  0.42925468374666
-3.51659863405509  0.45623814043524
-3.59172238443435  2.26449127522920
-3.56107107765077  0.44868633838271
-3.53455253540609  1.06271544387767
-3.52882126015712  0.72072843824221
-3.54823194609856  1.35819119215990
-3.56951285664246  1.47039431967253
-3.57811381758051  0.99568134024989
-3.56193976920187  0.99430627647610
-3.57578387788178  0.94784346668582
-3.54281328807708  0.79882027456684
-3.56014953836052  0.92361070955285
-3.55245230883083  0.73626543833980
-3.51191942200743  0.49587010722011
-3.49100790841457  0.69148772618930
-3.52020582960575  0.75677806479316
-3.49286395570592  0.75195320425679
-3.44534236501299  0.60069572436672
-3.43695784454425  0.57173856369401
-3.44606699320690  0.80281036515841
-3.48067008658096  0.57066562673235
-3.46182576035070  0.44754848141475
-3.47872244505040  0.79553018022883
-3.50283546679032  0.25008512385886
-3.53980377787760  0.49921927223926
-3.55766555553518  0.34616353781285
-3.57080844711627  0.31971240688373
-3.52585984130111  0.45744238146490
-3.55180392079821  0.55513770259998
-3.53988653618970  0.59759146848606
-3.50331502600556  0.69131546872009
-3.52466151727050  0.64528792972649
-3.52928745169187  0.51600583790154
-3.52150853942928  0.90927216422349
-3.51244347234520  1.15743366849935
-3.51198661608385  1.23920427312364
-3.51651017557585  2.42635115643207
-3.53754761197100  1.47559258549919
-3.57615020033614  1.28232140554385
-3.60191983195208  1.70318276648690
-3.55563270400529  1.84952521556075
-3.53097992868569  1.19985501872519
-3.53970114596605  1.49828335777249
-3.52680983996782  1.18105596070012
-3.53513575385055  1.21939230277668
-3.50733631436311  0.94826832214208
-3.52253615119039  1.49979132798850
-3.56292870607751  1.87284719437226
-3.51968235744369  7.66412223405239
-3.52736904950270  1.15197629083294
-3.51467217454648  3.70310424761555
-3.51353540354388  1.37137896430022
-3.50275817332500  1.71819012854382
-3.52176454944489  1.27890203505410
-3.52555639381227  0.53545236686521
-3.47086199702715  0.54033517959258
-3.46152256750057  0.62376946073109
-3.50717257030369  0.51172728405109
-3.50217471235813  0.76295330656536
-3.49488215460538  0.80929415941625
-3.46657731123182  0.56811002204995
-3.52735005406822  0.46262287388970
-3.53379223319093  0.68615103476018
-3.53072809111532  0.48250385851736
-3.52811484787248  0.75869671124675
-3.53354198910968  0.55218100276970
-3.55057030541733  0.96208572571691
-3.56161862032780  0.59933620659008
-3.54585238379392  1.18411845608550
-3.55036273126588  0.77735237768043
-3.50924121101592  0.53155300091898
-3.51750462927113  0.77049971440315
-3.53359979618566  0.63500177419236
-3.53767004048846  0.66868079359871
-3.58996581185236  1.16531241490396
-3.58512936125808  1.12188217248620
-3.55217290225088  0.71948956493364
-3.53678152783429  0.77320703217676
-3.55825754859902  1.21667180340712
-3.56127772538914  1.31485035524432
-3.55329674813523  1.18970763174123
-3.53105242288249  0.84798665913891
-3.60347073301369  0.72504633109565
-3.56255576344690  0.83115210168887
-3.57897902363437  1.15827014548602
-3.55399822205595  0.68895970538742
-3.56686621258392  0.84315128704204
-3.56360240040137  0.95982355121142
-3.55693400485841  1.09667222175864
-3.53703147468894  0.89029671329411
-3.55642116912801  0.67361778397839
-3.54426815430668  0.91432133779996
-3.52947829683125  0.68526674037907
-3.51902434056162  0.68241531798612
-3.51712954347171  0.46085268085021
-3.52610722312381  0.71991555745510
-3.52856484359983  0.41223551320358
-3.53749745021783  0.50429669959518
-3.51352411142258  0.63108027797351
-3.52575105928621  0.32510300572181
-3.51642836906320  0.51136384282556
-3.48908614199841  0.37760187844165
-3.49584283675404  0.95217544606383
-3.51498143384276  0.50528384228182
-3.48765115454119  0.84512441533011
-3.50860647771955  0.80011079063036
-3.49062444284418  0.59723912565270
-3.48736741978086  0.95574343304266
-3.49326167516897  0.59354990499714
-3.49003725996141  0.86722556911896
-3.48473963444613  1.09520240785182
-3.45883183987160  0.42637193846878
-3.47187620994790  0.75005370377552
-3.48206162533424  0.71268634090982
-3.47209146284473  0.75452532991251
-3.44994591757232  1.63593215337383
-3.47115090534732  0.71897942586080
-3.45382784091630  0.84197114101809
-3.45352547536117  0.39438145683822
-3.45294897213002  0.42877596075349
-3.42136300549482  1.34015217992671
-3.44109516056586  1.40933955091062
-3.43164172227974  1.00100647684530
-3.40822543428111  5.09506614946629
-3.41879267278461  0.58505990642059
-3.41777768809374  0.50247968455759
-3.38270955465493  0.72162227818287
-3.41722422165319  0.88619325379732
-3.42919853182541  1.00625697597420
-3.44200726529340  0.70335174450806
-3.45920460042057  1.29572885305185
-3.44779645441122  0.80932650846963
-3.46149902764017  0.34239583771397
-3.47045691962433  1.14614854365166
-3.42272489528712  0.52320390332327
-3.45722489381364  0.82255023294400
-3.43764797465155  0.55258516180966
-3.44347324622773  0.99888048331939
-3.46453068366870  0.98881467948582
-3.49067953942049  1.68120529544965
-3.50358241538812  2.09377147040135
-3.49886055069421  1.01826776303658
-3.51392321296542  0.85253324993479
-3.50058788411534  0.81689315587723
-3.53672138201507  0.83872241521131
-3.49639215008626  0.91379213327350
-3.50798938249198  0.35464361791158
-3.50773150852398  0.57906515455965
-3.51859691296190  0.77324346681045
-3.51478032857024  0.75577775369786
-3.52751055133921  0.56191059659639
-3.51765560442896  1.44242493557045
-3.53477086552484  0.94505922092256
-3.55746311979321  0.82355321041513
-3.57588896470963  1.03147207171894
-3.60763458980288  1.44960380289397
-3.56954622026954  1.06665090829762
-3.60530981741800  0.84861010849059
-3.59031856816754  1.04751441629859
-3.59837459029878  0.87612673316618
-3.56343646766639  1.77192775949212
-3.57896294999961  0.90412892708649
-3.58161027529530  1.97052506009547
-3.57927661727418  1.52120442847232
-3.59637072150601  0.81057194208295
-3.58900624637789  0.50099432679554
-3.61453377417955  0.72085978030664
-3.59073397248344  0.82618316851468
-3.57931626594795  0.48554420654629
-3.56492109619872  0.90391185465584
-3.56617821716210  0.92940676900553
-3.56319281051338  1.25416934370934
-3.58452101930147  0.52215596637019
-3.58168951340838  1.26790393802444
-3.63659855413673  2.37076499760878
-3.64951715595694  2.04444987147126
-3.63461779232600  0.67643001468852
-3.64457261165085  1.57684924733840
-3.64937471537262  0.50648060870801
-3.64352697139447  0.48141683515820
-3.59897072773159  1.46221911639306
-3.61982629086909  0.51412897865075
-3.59738254414344  0.62240941381986
-3.61112353013388  0.71138479176901
-3.66160217014332  0.40826556210620
-3.65035590586251  0.77383728237706
-3.64351232756522  1.15614623701864
-3.64131358428072  0.97363206907322
-3.61043275620335  1.01237200484765
-3.55848232250197  1.08132918003479
-3.59353743096876  0.90831993822535
-3.57135558932730  0.87864642372055
-3.56078130150265  0.76999517910405
-3.58447072023754  1.49542940378655
-3.59982274665171  0.77959301906673
-3.60001129654230  0.96327237728324
-3.60374094829012  1.72984054007138
-3.61322191781024  0.95252341144105
-3.58970528269821  1.75262766643927
-3.56918259590102  1.66564112503500
-3.60232175792090  0.93917190493291
-3.60780040536181  1.36853298538928
-3.60662746198815  1.62419024121751
-3.63954634419079  0.84725168589806
-3.62346725653401  1.10679804339466
-3.60836458310626  0.92533236761439
-3.59280660210403  1.20114343004799
-3.57839027165821  0.74398254606006
-3.55567748106365  1.05332498837819
-3.54306700430791  1.28292725118503
-3.52639235811925  2.21123032024326
-3.49578617332015  0.87708094484598
-3.50682638522263  0.92378619511952
-3.50668632479822  1.21923155994861
-3.50668632479822  0.83485448550347
-3.50272628030820  1.17252147387860
-3.51000438280779  0.68084788355387
-3.53891518792473  0.70403445778911
-3.50111543786143  1.44596355825463
-3.50828307562924  1.77823893660687
-3.49278212454956  0.96157644941924
-3.46658802143987  0.94862465073866
