      13.54377034463166 -1627139.04754937533289
      13.78379863493805 -1627136.67070063599385
      11.29634263144705 -1627136.67677883966826
      10.05773914927969 -1627134.96345905750059
       7.35940375327335 -1627138.04116370785050
      12.69631610050823 -1627135.37678135093302
      10.59570676143530 -1627137.72727598063648
       5.12110937829363 -1627132.05565550853498
      -3.01704926365688 -1627136.97784251952544
       0.52597726182041 -1627137.92737134988420
       6.28137043961668 -1627136.33982586651109
       1.94049286573147 -1627134.26825179019943
       2.99632241823084 -1627131.09845373476855
       0.49320337411337 -1627130.75848785485141
       5.29246184899190 -1627133.18430580478162
       6.36489080905504 -1627134.97446163580753
       8.75982732692719 -1627133.62711346172728
       9.77834589332823 -1627130.80766549473628
      11.50689127875846 -1627130.87094336934388
      15.86200001456959 -1627134.75355694163591
      16.02322352153667 -1627141.23339708126150
      13.92028789658671 -1627137.90353515534662
      13.61266759148674 -1627137.55172988912091
       8.59299222726999 -1627137.73500741366297
      15.92623276489969 -1627131.33100469363853
      11.42432750800533 -1627138.62132770707831
       7.95501629078393 -1627131.59635698329657
       4.51875545206027 -1627133.67231382243335
       9.94396598513355 -1627135.56188393151388
      11.89384073455208 -1627136.33947896864265
      10.18448596318103 -1627135.25157749233767
      11.97283210065286 -1627136.97923844004981
      14.43328399699173 -1627141.57885238761082
      11.27724947856595 -1627133.05443223239854
      10.64969714164625 -1627133.71489269565791
      14.63482870606935 -1627133.69699832913466
      10.68768728840356 -1627133.78784462064505
       8.28630688940343 -1627135.39971165754832
       7.73452510168558 -1627136.78868985851295
      15.54505035746177 -1627135.04929265379906
      13.92081132164540 -1627134.76372941862792
      14.97487963743722 -1627135.64317195955664
      17.20507106928520 -1627132.10283189476468
      17.85208701930444 -1627135.76123063080013
      20.59165115522047 -1627135.30172415357083
      19.24040301012630 -1627132.95642723469064
      18.92796741840397 -1627138.04626527894288
      10.22535650175744 -1627139.71562163741328
      16.26269299464705 -1627135.91022563190199
      14.39339977710677 -1627133.99565190169960
      15.64212622425924 -1627139.23958026152104
      11.58094779430305 -1627138.65041738003492
      13.71113235883942 -1627134.32705929898657
      11.89584105528804 -1627135.86259279493243
      13.88286938558179 -1627136.98790748859756
      10.67724042154988 -1627140.62561347382143
      14.45599278471688 -1627131.06067990115844
      17.88592533041488 -1627134.11942124087363
      18.79590234202569 -1627132.31570789078251
      17.71080399252681 -1627134.38211136683822
      17.48855338252055 -1627136.60407268907875
      18.72949356263749 -1627140.29246562789194
      20.31887269301247 -1627136.50526269362308
      17.85983322294323 -1627132.28960151667707
      16.58847177668310 -1627135.61949673248455
      16.80565164802149 -1627133.99231229047291
      13.18052054833981 -1627133.73675509914756
      12.05268557762665 -1627132.52865478000604
      13.06334069174581 -1627136.90396406291984
      14.98578237419378 -1627140.27490571630187
      14.75395724466769 -1627136.58833173592575
      13.32784568698872 -1627138.04421618813649
      15.16647129212932 -1627138.17776500410400
      11.00742173911024 -1627135.54510685428977
      15.57210727636684 -1627134.88613923545927
      19.21366474907248 -1627138.20091517292894
      19.02428715040459 -1627135.21969147957861
      22.14103185339686 -1627143.90354221966118
      20.76060628254662 -1627133.93491226574406
      21.25423294767025 -1627138.33843174320646
      20.16594966699616 -1627140.07584080914967
      12.58958313794018 -1627141.80691514816135
      19.83334351919541 -1627141.40824377769604
      18.76751754837100 -1627135.08475456456654
      17.54279516055731 -1627134.24434662144631
      15.25005258241052 -1627137.26708340318874
      13.56360996329632 -1627135.64777981652878
      11.96569611195563 -1627136.20992724690586
      11.38959915089706 -1627134.45510058500804
      12.51236584927359 -1627134.78484014095739
      15.81318663312180 -1627131.92900595837273
      17.02360022088688 -1627136.27447504666634
      17.44212633193174 -1627135.65895067504607
      21.16225945420515 -1627132.79367593815550
      17.06045061463730 -1627135.94528769119643
      19.89663873340316 -1627137.74089305731468
      23.12333104782877 -1627134.08864869689569
      20.16376360544816 -1627134.71993667236529
      18.85433934283103 -1627130.19595098868012
      17.59289523482524 -1627133.94092395855114
      15.27884829091759 -1627134.95598022476770
      16.78127155946501 -1627129.13894506543875
      12.47426099267748 -1627132.95580377313308
      12.28560549455134 -1627135.45113714248873
      12.34497891172474 -1627131.20686637470499
      13.49538942451884 -1627143.14048017887399
      18.48468198467307 -1627131.13008639705367
      19.74299462716443 -1627128.90209787408821
      18.58162154222229 -1627132.70329227554612
      19.01047290854994 -1627128.07634429703467
      14.09679425900522 -1627128.39281514473259
      12.63112251901253 -1627123.05136524140835
      10.04355103715434 -1627127.17199255223386
       8.47434016657164 -1627130.65913515281864
       9.09532661837624 -1627131.94383701193146
       9.67576949798860 -1627130.03529718425125
      12.36307096778599 -1627130.90967940096743
       9.58421178193922 -1627134.41220804117620
       8.96123104113435 -1627130.90587729611434
       9.29666515174194 -1627128.53152643004432
       6.60793768488204 -1627135.26626155083068
      12.76939240156301 -1627133.04339693882503
      13.89011919098774 -1627131.49472417891957
      15.30542218905261 -1627124.74590983451344
      12.95987470920621 -1627122.74215907300822
      15.33991593651658 -1627131.81762521597557
      15.39657251235477 -1627127.73429099936038
      14.54231742803501 -1627129.28441106667742
      14.14859687282299 -1627128.46454734122381
      15.14827929240279 -1627128.09464936656877
      14.49721283790757 -1627131.21967861242592
      13.57547100190672 -1627129.79331021080725
      14.66079483100970 -1627125.30177064682357
      17.35301398819879 -1627127.06643264973536
      16.83183233024020 -1627130.12974012852646
      15.68931999734573 -1627132.12554596574046
      17.05664724938908 -1627132.79113096697256
      12.62547872579562 -1627130.68970227963291
      13.52454189858348 -1627129.82744648703374
      12.76646529341775 -1627132.83041206165217
      13.05025299963534 -1627130.99662489304319
      18.11282932940805 -1627127.31850966485217
      14.27078591780056 -1627132.18543398985639
      15.21791947048095 -1627128.20863966178149
      15.14802572111345 -1627130.33377267885953
      10.84713570334174 -1627131.97197002801113
      11.20484969885821 -1627131.27250176505186
      12.13074420308685 -1627126.62237200862728
      13.94609801246121 -1627127.57482299464755
      12.52145184879915 -1627129.44927767594345
      12.63481004528371 -1627128.78811391745694
      11.45972968242048 -1627131.03134253527969
      12.69249501676413 -1627131.87222185009159
       5.54450644384946 -1627132.29224050417542
      12.78977341699856 -1627133.70753034623340
       9.68703122917382 -1627128.24982364894822
       9.18056130154725 -1627131.05710130021907
      11.37488524332547 -1627137.11767993657850
      10.03529101816006 -1627133.41317791678011
      12.07016081796450 -1627138.90493754274212
      11.51306734220909 -1627147.95488117286004
       7.92168110490744 -1627139.71352505474351
      11.33960539332448 -1627135.34225503727794
       9.52772151730799 -1627131.77664106246084
       6.00382519507072 -1627131.42481594369747
       5.53676293947202 -1627138.67856170213781
       8.16381324386331 -1627132.68129369872622
      12.76101402207988 -1627130.84848206513561
      11.26946786269904 -1627130.05063879326917
       9.09278749944757 -1627131.17740859254263
      11.68858889960850 -1627139.14121301542036
      11.10062373675406 -1627135.31098973122425
      11.04084452956879 -1627129.29692710703239
       8.38734025848372 -1627129.93577567581087
      10.29866137460180 -1627134.01981409010477
      12.25373642286674 -1627132.95018433895893
      13.89053579361406 -1627139.36549139325507
      14.39536272187699 -1627129.07931962143630
      11.13380720484602 -1627131.98897619638592
       4.54240451635002 -1627135.20472780568525
      10.16178799314328 -1627135.27235413715243
       9.43847666369058 -1627130.77150739217177
      10.26261325674987 -1627134.10154280625284
       4.91678071602444 -1627132.34621070558205
       2.71583377288576 -1627130.79518588818610
       0.46161876896310 -1627129.97347204200923
       6.28901523875223 -1627131.19339867611416
       5.41328902659404 -1627129.32408308866434
       8.92485824298261 -1627129.31409067171626
       8.18489545186557 -1627129.08771722787060
       7.89517073199533 -1627135.49829473532736
       4.48858336573312 -1627136.85714197182097
       9.10129116946186 -1627135.13570207706653
       2.57624009207855 -1627129.04774037748575
       7.50023327044208 -1627126.97156559117138
       9.21233505386224 -1627129.37672534538433
      10.83753277398624 -1627128.57700583362021
      10.99566695917896 -1627137.36163734341972
      11.02000644121553 -1627136.52212859410793
      11.65371026762081 -1627125.34333476610482
       8.22303496976434 -1627125.66777667356655
       8.98893737173155 -1627129.28294664551504
      10.87411795119344 -1627134.40479767369106
       6.79039614395512 -1627130.78866912913509
       8.02267208279418 -1627133.94741911394522
       3.75339674306786 -1627132.35253276163712
       8.67798011743905 -1627142.35640458413400
       6.16520391818084 -1627138.77627795073204
       8.28884278773525 -1627133.22082572593354
       7.09979627303817 -1627132.15620559849776
       5.30786538922923 -1627134.44015942979604
       6.23251771237296 -1627133.00448220805265
       3.11944609319988 -1627132.40874559152871
       5.05278314511025 -1627129.18738734838553
       1.69456698629141 -1627129.21105103567243
      10.65034039243587 -1627130.84687616908923
      12.34874323703818 -1627134.16593560017645
       9.24540600587479 -1627131.97374169388786
      11.01545881274336 -1627136.41377718467265
      15.22667582235997 -1627136.74617415084504
      19.26806407932922 -1627129.81308999378234
      15.86494149395929 -1627131.32506452477537
      19.13680714343949 -1627134.07550611626357
      19.93621503387531 -1627128.50809680786915
      22.00019385391106 -1627128.37125930259936
      21.33622992600656 -1627133.08510913583450
      21.44128742839301 -1627138.03882513358258
      19.94947814063430 -1627140.89280218491331
      21.09773639995652 -1627133.71223138738424
      24.23153134317394 -1627133.99165810621344
      16.49644674382073 -1627134.42825209605508
      18.36274044554017 -1627132.55975934653543
      19.87487078083324 -1627135.56141902063973
      22.28824252301191 -1627130.70334620797075
      21.69093085598943 -1627133.55740101891570
      21.54003980867815 -1627139.34675988950767
      28.09115303655858 -1627139.10588794876821
      25.74615720936495 -1627132.87481963122264
      25.33684514837215 -1627135.90709332516417
      29.29919234754247 -1627133.28223274205811
      28.17147699304091 -1627128.40569883771241
      28.73180907325745 -1627133.58579877554439
      30.16811856123665 -1627134.90899722278118
      28.22422559170669 -1627126.03917197673582
      22.87081641389412 -1627128.62983889132738
      28.30035147646469 -1627126.22680763388053
      27.97499945643905 -1627127.08987103798427
      28.66725274008066 -1627127.03610213566571
      26.93276617244375 -1627123.78777586086653
      26.35738440774525 -1627134.99170517572202
      20.96827404451297 -1627135.54501519794576
      26.18356058582462 -1627134.15397031791508
      21.63541239381341 -1627132.23619463271461
      26.19304905682478 -1627133.40279650362208
      24.98856602841962 -1627132.52205158350989
      21.26385954572990 -1627135.43910109438002
      25.96510302899812 -1627132.05859916773625
      27.17026271398436 -1627129.53964280080982
      25.64474238418440 -1627132.21308208932169
      28.02053522529584 -1627126.71946075442247
      24.77665173853805 -1627130.61352336150594
      26.57524404503328 -1627129.42319464916363
      24.57889077240451 -1627128.77335306652822
      24.59675634505598 -1627131.14468721742742
      24.21120835025959 -1627127.78640488744713
      21.28395024171474 -1627128.11859072651714
      18.58601925489230 -1627136.58069684146903
      20.14844355412183 -1627135.17070724093355
      19.74721172698395 -1627129.47301760246046
      24.10073058280829 -1627130.00409908639267
      23.11580328294299 -1627132.36526875756681
      22.67377817863083 -1627130.47862744121812
      24.93052938928895 -1627133.69218745990656
      22.93145920779853 -1627128.33101352304220
      24.72257186667153 -1627128.29737176769413
      25.27356051189590 -1627132.10741087934002
      24.89866317736708 -1627133.92250171257183
      25.18387599154330 -1627133.79593761824071
      25.01284019322594 -1627128.60890514776111
      18.07144961454922 -1627132.08860825188458
      26.90453848387852 -1627131.97292769677006
      24.50126964654950 -1627135.03299521561712
      22.71751613443884 -1627131.48747247434221
      26.32523482600032 -1627136.31062983488664
      26.90572618105988 -1627131.86309825628996
      26.16837736451626 -1627132.97357315872796
      28.02129395079754 -1627130.72229839977808
      28.34472498890495 -1627131.32055289391428
      27.52832490178115 -1627133.66261278209276
      22.36651028734503 -1627138.78437501145527
      24.45191261271047 -1627135.10800296813250
      20.58967203707428 -1627136.50623680488206
      21.54530147369622 -1627135.65100195840932
      22.85859717593868 -1627130.99477777280845
      21.56578519368968 -1627133.02952494448982
      16.89825558797663 -1627137.66727817361243
      19.35524257080485 -1627135.42152002104558
      17.92757522857118 -1627133.43402921012603
      13.44954584257923 -1627137.61225892184302
      11.77267704825059 -1627134.16102142049931
      16.04162141819598 -1627133.97219057637267
      12.04269369577332 -1627131.70838183118030
       7.49867816416327 -1627129.66560788988136
       9.37289118838885 -1627130.88747653458267
      11.70487092404189 -1627128.68678326858208
      12.75538113693901 -1627137.76234775502235
      18.31133485566980 -1627130.37249159906060
      22.00344369955840 -1627132.68066335981712
      25.75114718636611 -1627131.87902789865620
      20.96657347529795 -1627132.22371613164432
      23.38250601970875 -1627132.44121414865367
      22.65533885200139 -1627135.01537506142631
      24.27004754165541 -1627128.98967675259337
      25.05932036951885 -1627132.26199808041565
      25.64573930736607 -1627134.84781825426035
      25.36393852412230 -1627131.44375558174215
      21.20635508768786 -1627132.97417116910219
      19.09730445873581 -1627132.10604425356723
      16.74499007944474 -1627135.16977970278822
      22.51098003306430 -1627133.94845578097738
      20.10258673625025 -1627133.66318505397066
      20.37571335360258 -1627132.98067613807507
      22.14591236191659 -1627130.10016683978029
      23.60968122740928 -1627134.78688172716647
      24.05792720127434 -1627130.61042803409509
      21.35916635115570 -1627144.87411292968318
      27.24785131947764 -1627133.79307381203398
      25.44036162769703 -1627135.42566251591779
      22.61537845354813 -1627132.90693225665018
      18.43762145343172 -1627132.74020644044504
      20.57201732168921 -1627131.03094098996371
      15.37628532556214 -1627136.06341853342019
      13.20053522786879 -1627129.97236343054101
      13.26678712604073 -1627132.24837706098333
      10.66391085118076 -1627133.62340522417799
      11.92579329759715 -1627131.93718332960270
      13.31259310739968 -1627134.37346756900661
      10.74082133592369 -1627134.77781511330977
      10.28191689127468 -1627130.89240382472053
      11.86465352701179 -1627132.90813159081154
      11.15051776289050 -1627133.90657672379166
      11.15935003514155 -1627135.88601098675281
       9.77413774655217 -1627132.80760661652312
      10.44789183145716 -1627134.35912147164345
      10.67371753308670 -1627134.85295992670581
      11.43318325595921 -1627134.26012942753732
       8.41778326562035 -1627131.57181253260933
       9.66361533361229 -1627137.73974879132584
       9.34750066940646 -1627138.16772253741510
      11.80982133144051 -1627130.17670037341304
      14.54365741165245 -1627130.86202667094767
      15.43972258766853 -1627130.39643011544831
      14.16159172001055 -1627133.45895597198978
      17.84732592135809 -1627133.37517947191373
      17.12275857106787 -1627132.02455705846660
      14.82939940003193 -1627134.05767202610150
      14.44334583556027 -1627137.28990050801076
      12.27028584881356 -1627143.21344790467992
       7.31424567093633 -1627140.34382371441461
      10.19127490190899 -1627141.32550134882331
      13.51951114750639 -1627139.00820458796807
      12.49691698037685 -1627136.52179992105812
      16.43905521916954 -1627139.09932924713939
      15.46723579586655 -1627141.85581121500582
      10.16267306979790 -1627138.84854820347391
       9.70313189346441 -1627137.82679987116717
      15.47674113740652 -1627143.96301943180151
      15.01175113831804 -1627145.63778665754944
      15.14982149208447 -1627139.66303920932114
      20.82547026055644 -1627135.18195704277605
      21.52714143893630 -1627141.91833621356636
      21.50563993144776 -1627134.68949940684251
      20.53763550334449 -1627136.74067158950493
      18.20322793918561 -1627136.58682716125622
      20.35891934990370 -1627139.83128542476334
      17.99116936153588 -1627138.01458797673695
      18.25013534427190 -1627140.16689313924871
      18.53055522393178 -1627141.22691372572444
      17.33418982992167 -1627134.11043902556412
      14.85704069774190 -1627135.73672607797198
      14.87381177723175 -1627132.51853998657316
      14.04032082362771 -1627132.10746716987342
      14.42422076131496 -1627133.12539821583778
      14.54819481376029 -1627135.51780241820961
      15.52975642146357 -1627138.24085696949624
      19.37903433707963 -1627134.25173970684409
      18.46792873448100 -1627136.12724872026592
      18.98127875985649 -1627136.23799241310917
      16.72716104518548 -1627134.30032811779529
      18.87229636351731 -1627134.10793756088242
      19.73464656753268 -1627132.71364752156660
      14.99369197541346 -1627136.60897593293339
      17.11269647724913 -1627135.38162519922480
      24.62741994631189 -1627133.59397647087462
      18.81608040997884 -1627134.63568505225703
      20.97593090566236 -1627138.17797315516509
      19.81527242572763 -1627136.38249430083670
      21.66398591507498 -1627136.66704071173444
      19.08290441706012 -1627132.15067608212121
      20.09975916243439 -1627133.83808243297972
      21.78708346954572 -1627140.86789285833947
      19.63827978114360 -1627140.84165128855966
      20.12056784784854 -1627137.60605738381855
      12.48858606087084 -1627138.04006491065957
      13.98653503158224 -1627136.21091399458237
      10.35953938702774 -1627133.70191444177181
      12.75304293525450 -1627135.14504340733401
      17.58799928962580 -1627133.64297634200193
      17.04326042628748 -1627132.92226739088073
      18.07083252949306 -1627133.92472506943159
      20.54809047765324 -1627135.31851185602136
      19.86665090938493 -1627140.25969002209604
      16.72329964466849 -1627134.31125291506760
      15.60028875609674 -1627134.96576504828408
      17.37222249343702 -1627131.34655140177347
      19.12919352095738 -1627139.83762227836996
      20.79819691116095 -1627136.27281384659000
      22.41402837106673 -1627131.53507945686579
      24.33141021592926 -1627135.36759928963147
      20.03780643561617 -1627130.95242751552723
      22.12274346094368 -1627138.67755212564953
      15.74481662494797 -1627133.77115755202249
      20.85528363201085 -1627131.61437786649913
      23.79436353539191 -1627134.54111661296338
      27.11439939407579 -1627130.91656774794683
      24.91652734217587 -1627128.70536294206977
      24.93056635923958 -1627129.51114312652498
      17.84422496028539 -1627128.83884956315160
      18.86230571561783 -1627131.81795888394117
      18.78909090078365 -1627128.75820601289161
      20.11404440398852 -1627129.04134495602921
      26.14277229436003 -1627132.82546289800666
      28.33075389606487 -1627136.12165932473727
      28.72762246936732 -1627131.90776294539683
      26.33108225204498 -1627135.16929333889857
      25.31423096387199 -1627131.18564831931144
      19.29354588950439 -1627133.18741402169690
      16.65985632481301 -1627135.79072911245748
      18.94574010997135 -1627131.96322324825451
      19.31133106180213 -1627137.48916070908308
      19.84179870512144 -1627134.36400990583934
      21.44009783908995 -1627138.41606017947197
      23.03952393541113 -1627139.31951257283799
      22.55092542344797 -1627133.66889383550733
      22.50833696188553 -1627137.35838475078344
      24.01826237429577 -1627136.69570985948667
      18.13659763798807 -1627133.54258551564999
      20.04546672688717 -1627129.78161641024053
      13.07069208700547 -1627127.56792641803622
      11.26694213027941 -1627129.51320069259964
      11.41888591422061 -1627136.81136669544503
      10.44359795380540 -1627130.25561272958294
      12.87533944202217 -1627128.61067955452017
       9.45523288261226 -1627133.49456265894696
      11.24381293703636 -1627134.64794790069573
       6.94621003496044 -1627132.95769135118462
       5.99570761199241 -1627131.38575426628813
       1.98414450369784 -1627128.17795498901978
       2.07586007374370 -1627131.51475398777984
       6.22166843782083 -1627136.30752364196815
      -0.17178110697964 -1627137.71706686634570
       4.09795218076744 -1627140.05443495069630
       5.74093216870646 -1627138.29058156465180
       3.02443557696732 -1627138.32627210696228
       1.35858769340115 -1627131.35189770301804
       2.98572650910824 -1627132.64528628904372
       7.66622407516692 -1627137.85464663244784
       4.58775128968458 -1627134.54949301015586
       8.05559620055049 -1627141.47239846410230
       8.69144690281316 -1627134.82778597902507
       8.34798475273345 -1627138.12249858211726
       7.07978846162029 -1627138.48297116649337
      10.35826287524592 -1627133.49227912374772
      11.77821855766040 -1627135.21512069972232
      11.92084481665324 -1627130.17475624801591
       7.52460443907799 -1627128.90741542913020
       5.91602236511752 -1627130.96281554922462
       4.73768120279260 -1627132.56450988352299
       5.58390204979837 -1627131.61175604769960
       6.00785118097858 -1627131.60849001002498
       5.51919988328216 -1627127.82973402924836
       1.02230719107968 -1627127.70851209829561
       1.54001884547318 -1627127.81330857053399
       1.17425201846710 -1627128.76162150292657
      -3.75483909478774 -1627132.37237142142840
      -6.15911311043918 -1627127.62577823223546
      -2.66583311208984 -1627128.97115824790671
      -2.87202614162779 -1627128.02677615592256
      -1.78549239220588 -1627132.43307753559202
      -0.66081304771408 -1627135.10143277747557
      -3.10789921856737 -1627126.78627814329229
      -2.83861753256572 -1627128.16405506036244
      -4.73378975156208 -1627128.70012288796715
      -0.87091785268055 -1627129.62507202895358
      -1.05735189500554 -1627129.11241101543419
      -4.32860768839686 -1627128.27505773655139
      -0.65369496973122 -1627126.24502471531741
       1.20163665081279 -1627124.65806418913417
       1.15199507026475 -1627132.52736418461427
      -1.56151628267074 -1627131.44081101473421
       0.46227042739438 -1627135.42164026084356
       0.89822638364050 -1627135.75296977162361
       4.18111001986943 -1627132.51080180727877
       4.27941651563123 -1627129.01269050710835
       4.55210301297254 -1627134.26280148234218
       7.46455959597631 -1627134.06293484475464
      11.78749040594007 -1627133.35787232010625
      15.64104358128620 -1627129.91320721013471
      12.67506836055305 -1627134.34395277383737
      15.30991314527081 -1627131.73072122456506
      15.96746638219334 -1627128.30089863180183
      14.78679568573468 -1627135.02699766797014
      14.31255195297756 -1627130.33729298738763
      18.73541200656302 -1627132.32900217268616
      17.93891827147319 -1627134.48071396048181
      20.76774241737935 -1627130.76749225682579
      23.50268046943030 -1627131.48378564324230
      18.74604306650348 -1627135.81057342607528
      17.54107911005110 -1627135.91260973899625
      20.59574988726737 -1627145.56247775186785
      21.68084254259795 -1627140.35791387176141
      20.42984198338426 -1627135.06722744344734
      20.75684038191425 -1627134.67787291342393
      20.47928150460485 -1627133.47819662513211
      13.45995953538207 -1627138.95783925801516
      14.61054256807952 -1627135.12207446480170
      18.65850558966571 -1627136.76713238959201
      17.68471970290353 -1627131.89426584402099
      16.66452132768274 -1627128.31507789692841
      19.93539190832107 -1627134.80813341238536
      13.92267317858554 -1627133.12650957331061
      17.82028160734588 -1627137.16319619538262
      17.07676817714858 -1627128.37324020778760
      16.95133262280405 -1627130.97621681680903
      12.77800955300961 -1627135.63206476415507
       7.15479280529151 -1627129.21716916537844
       4.34582188671209 -1627128.29932094970718
       5.43356834895999 -1627123.93012604350224
       2.73809567375320 -1627127.02359355031513
       2.51135993458848 -1627129.89704124862328
      -0.76286776135231 -1627125.81164009938948
       1.61882211508181 -1627123.28885507583618
      -1.77190864634438 -1627128.53447856614366
      -1.38131444187247 -1627128.57083402411081
      -1.40783239800353 -1627128.82039635977708
       0.08809949252317 -1627129.08066591154784
       8.64045891022252 -1627124.94090177654289
       5.95591917474724 -1627131.30752166314051
       2.03195011839523 -1627128.59421746199951
       6.15861754138980 -1627131.21037074225023
       9.02306775816668 -1627128.16141321556643
       9.73595643891263 -1627133.24019885133021
      11.93029798729178 -1627131.24258986464702
      14.26595835997448 -1627129.01704719103873
      15.94676029904944 -1627134.53117783553898
      18.33088647036799 -1627134.39114415785298
      16.64328171808704 -1627125.65053333132528
      17.81376668979854 -1627131.54961180081591
      22.03954334765662 -1627139.57590598147362
      18.65206407725014 -1627129.47293015220203
      17.81455161223662 -1627129.21028259280138
      15.18679863960519 -1627127.33299734792672
      17.21315862179257 -1627135.03489987179637
      11.54482184670186 -1627124.34547812445089
      15.42109098280701 -1627126.35918859392405
      16.45576061670095 -1627128.27142752055079
      13.47435708434579 -1627136.44476678734645
      21.50930945963920 -1627132.07178699923679
      22.08039295202100 -1627132.38498820550740
      22.61393864343541 -1627128.33284480008297
      22.34804366090004 -1627123.41316406778060
      22.18745885881196 -1627127.37861644336954
      21.16904261323419 -1627126.15140023315325
      20.85725561736957 -1627126.91955360514112
      19.86684651344304 -1627127.69459335552529
      15.73367649414558 -1627131.19991291943006
      13.19082938973158 -1627124.75881855073385
      18.81409679704600 -1627130.55269298446365
      17.09274035371870 -1627127.57868700916879
      21.04371740358519 -1627132.51972786732949
      17.38206475532202 -1627135.11287384061143
      19.53128720279389 -1627133.37719000154175
      21.50727595530582 -1627129.86782175418921
      20.12130337222845 -1627133.30973524600267
      19.44483416133125 -1627131.79790726373903
      13.78297135939173 -1627130.85974458395503
      19.38063665093572 -1627129.71601509163156
      16.80370082629813 -1627132.75088547868654
      18.36087987659938 -1627130.17533511621878
      13.14263727626350 -1627126.61199573241174
      13.88172255496450 -1627125.59871471975930
      20.83716164233859 -1627124.79588111117482
      24.32642119391452 -1627125.20886586979032
      23.44128065548520 -1627134.79621601430699
      19.23863296324474 -1627138.02764883660711
      23.45734792605615 -1627135.32061717798933
      20.82029511361750 -1627131.97742669354193
      19.58747840396319 -1627128.09978269669227
      17.21784849871065 -1627129.69035143218935
      21.28190807070742 -1627137.37570807151496
      21.41083642063965 -1627133.82987172272988
      21.87781577079394 -1627130.60139420651831
      20.96297252355810 -1627134.81095547671430
      20.30461619755288 -1627133.80088944430463
      17.52449794983269 -1627130.64510489325039
      18.08160098796970 -1627136.08789953705855
      20.70169410776479 -1627128.25745606911369
      20.66025893222488 -1627137.42966938484460
      22.34424867348156 -1627130.31433566496707
      22.56944422141919 -1627130.68271785508841
      19.84512287300950 -1627133.01593567430973
      17.93805988980436 -1627126.26264101220295
      15.91324955951423 -1627129.19886467512697
      20.05727129063289 -1627128.78137605055235
      20.47378548072859 -1627126.63566190097481
      22.40451115429168 -1627123.36462406069040
      23.42908338716343 -1627131.02033769059926
      22.28360145831503 -1627135.08351823710836
      23.33749833793319 -1627129.15579692530446
      26.85748211237625 -1627125.32528865104541
      25.10702296147542 -1627126.82629498676397
      24.34018144977397 -1627127.57187556335703
      24.84938585708507 -1627134.02741727163084
      21.16171595931974 -1627130.19228468625806
      18.55047116753898 -1627130.07250619423576
      16.83207861087856 -1627129.29995296522975
      18.43227124211023 -1627133.65643902565353
      18.90331256735474 -1627131.67087138164788
      20.17314771196512 -1627129.63193814735860
      19.76247438771712 -1627128.68062110454775
      19.23602634154083 -1627137.60642353701405
      19.38172630971003 -1627132.03487359103747
      18.87363241642450 -1627132.75400850293227
      20.11975842508678 -1627132.81480041402392
      17.07543632997198 -1627136.55519451037981
      20.98098062870326 -1627134.31314534973353
      21.50595929560257 -1627135.09528862754814
      21.14548197456538 -1627136.65609503001906
      19.02731720975412 -1627133.84650929993950
      16.50602011173468 -1627130.50887858145870
      19.09491636737135 -1627129.62690847483464
      17.49882161038644 -1627129.86204018793069
      19.54831876504573 -1627131.66422273474745
      18.86497928916586 -1627137.87371256877668
      14.43302299835366 -1627137.26240755897015
      10.81572462839018 -1627135.80328559270129
       7.92998707410509 -1627136.27957720356062
       2.14348185479743 -1627135.06647957651876
      10.43784514301204 -1627132.76800624956377
      13.04585516813096 -1627137.02827996970154
       9.89875160324995 -1627134.28673619567417
      11.59756508561436 -1627134.66407468775287
      16.15892961488337 -1627140.81087729916908
      22.03101251347470 -1627135.94922231370583
      21.40982358730180 -1627131.83378958888352
      27.61070956137353 -1627138.89656383520924
      18.62276458998403 -1627133.01283558993600
      22.85053834357504 -1627135.13878835854121
      22.48405624506477 -1627135.24768960010260
      22.60453566494343 -1627133.01193068223074
      22.52891107624583 -1627136.43496152269654
      28.51283035473326 -1627131.46300804149359
      23.09218358120124 -1627132.40287062665448
      26.45492430387892 -1627132.29950706753880
      26.24474251860324 -1627133.82813224801794
      26.05656856205733 -1627133.48426986043341
      22.32166469435610 -1627131.45061724702828
      24.91123527611039 -1627133.07933765021153
      23.64813502202603 -1627139.58802862558514
      24.09021955151601 -1627133.32349053840153
      20.33872499296550 -1627127.66723014810123
      19.21691131167678 -1627131.47387278452516
      15.43395319119098 -1627130.28223562776111
      14.46907519348206 -1627126.57930725417100
      21.17954509329708 -1627127.41861286084168
      15.37519579806100 -1627122.09588458552025
      13.50244541643958 -1627132.46060333703645
      17.27587508124347 -1627126.17637705011293
      15.09123293759148 -1627135.34349181223661
      21.26053953492512 -1627135.37807529279962
      23.10719313136202 -1627134.03304418502375
      18.36345724106738 -1627130.16239492432214
      20.98389071097232 -1627129.43705243128352
      17.45965558125664 -1627127.94323201687075
      12.20816429233791 -1627129.54431592067704
      11.65656601722395 -1627137.23251928086393
      14.17385104823501 -1627140.59814121318050
      13.27256478864732 -1627140.67588518233970
       9.99631017817518 -1627136.74659313587472
      11.93475370586711 -1627138.31284576561302
      13.64112212264029 -1627139.39878698228858
      14.63007249252467 -1627137.38627255125903
      10.75487344154036 -1627129.61059469869360
      14.54875947162370 -1627133.54462245036848
      10.48542399766276 -1627133.66701764776371
      10.67638733442513 -1627133.66701764776371
       7.84853278041689 -1627133.29163111350499
      10.38368274073526 -1627133.29163111350499
       8.66851870024448 -1627132.88062952831388
      10.62721382722567 -1627132.99070095969364
      12.47833134593178 -1627134.54467479209416
      14.86317632022326 -1627142.04043031390756
      13.20405012462399 -1627131.94107946427539
      19.06585209033553 -1627130.06620131689124
      15.26917146153854 -1627128.94475114811212
      17.44317163642113 -1627128.20772362011485
      18.03485598862940 -1627132.93455140152946
      19.05917060848260 -1627133.35357466200367
      16.36578046724563 -1627134.40727710444480
      14.02745801691746 -1627129.91393162892200
      18.22453189054805 -1627133.89430516492575
      22.21530936942450 -1627133.28863314073533
      24.63631746655556 -1627135.86396787944250
      20.34813587831240 -1627133.07344339112751
      24.39205975609985 -1627138.78373848670162
      22.95314103672190 -1627124.37069639540277
      24.74615303862014 -1627131.24664566130377
      24.05987273488080 -1627133.03096652473323
      21.60063152508391 -1627131.56058828299865
      22.45656385848751 -1627130.54784702300094
      22.19985597855626 -1627130.17301893560216
      24.53609756209790 -1627130.56857358384877
      21.39503488009532 -1627127.90141325746663
      24.01857074974784 -1627126.61062916275114
      24.49848089780750 -1627129.76456758519635
      27.22770101087628 -1627127.32992014545016
      25.11896417323283 -1627136.03477014857344
      29.30980099544110 -1627128.98951876489446
      27.46707380653789 -1627131.20795756950974
      28.62232819934779 -1627126.99531895085238
      27.35051127847440 -1627125.66722448379733
      25.59338127343629 -1627125.18111041421071
      24.81392174058532 -1627129.44237761991099
      30.80305062260235 -1627136.47309326170944
      30.85154399507106 -1627132.81172515009530
      28.06200257290928 -1627128.54552539857104
      25.17314876001032 -1627126.70220890757628
      21.64431034130248 -1627128.67225212184712
      27.15263513530597 -1627127.58217936125584
      27.55756692003825 -1627132.46388369379565
      26.67424417567624 -1627128.02830717666075
      27.49848748059769 -1627127.89413437200710
      24.44559425306996 -1627128.98230147059076
      26.25804048228289 -1627127.53819754952565
      29.21579227521731 -1627135.78648132737726
      28.97433482228749 -1627136.86283578444272
      30.08775102491254 -1627133.42754833935760
      27.55941424995099 -1627138.13633435778320
      27.39041188596959 -1627138.10005293763243
      25.33915317311408 -1627133.70945348846726
      27.37582307730636 -1627129.10024007013999
      28.79522299953817 -1627139.10955634806305
      28.29650006965679 -1627142.25885854288936
      28.12662074867174 -1627131.94768498116173
      23.04543263189381 -1627135.86993296793662
      20.39634008426258 -1627139.90828374843113
      24.06460566366943 -1627135.64774539670907
      26.87735971710608 -1627131.28027908876538
      27.65594356792415 -1627132.41540170437656
      33.13097894164317 -1627137.14632755937055
      31.94686659623842 -1627131.32206079666503
      30.85343740793479 -1627129.24916815804318
      29.95690774946826 -1627134.94363904255442
      26.58019059890473 -1627128.75798074342310
      20.98540524332609 -1627131.97164469887502
      26.40253882614058 -1627134.83210557745770
      23.16408372977540 -1627129.15551250544377
      23.74160317316391 -1627124.43530165939592
      24.31129046925611 -1627133.06779726059176
      28.32581066443121 -1627130.14472950622439
      24.22272154353199 -1627133.90438721748069
      23.14870683972245 -1627126.99738280172460
      21.08155326708014 -1627130.50009331526235
      21.22714942233542 -1627131.09504904318601
      23.54141842888188 -1627128.77903461595997
      26.30209679399354 -1627130.51597506203689
      24.44736239185960 -1627131.40723927877843
      25.77335533533327 -1627137.80692702089436
      18.89535876988394 -1627131.15752437128685
      22.76971615789318 -1627136.61964946961962
      21.46405496866921 -1627138.73403399437666
      23.74841084453526 -1627132.90128451539204
      23.80040134002101 -1627133.92216684296727
      21.16556418711158 -1627127.52522295876406
      26.35322826676222 -1627132.20911045046523
      24.13409385175804 -1627129.78681089286692
      26.03210122215311 -1627131.93696535238996
      20.07551960832341 -1627131.40905359643511
      19.54782737254086 -1627130.48215795867145
      21.36996739349698 -1627129.24938476691023
      14.26185753621296 -1627129.99922365043312
      16.79470634858607 -1627135.06742641399615
      14.45252873980002 -1627131.40584281622432
      17.39910265072406 -1627132.74385604565032
      20.80151960875067 -1627136.09744816715829
      19.69597088274307 -1627131.73527753911912
      21.35955152449832 -1627133.68479880294763
      20.08625190071127 -1627128.54626545403153
      21.22586800543774 -1627132.63793038250878
      18.89801168794236 -1627131.79421594133601
      15.94010197451238 -1627135.56016343133524
      17.83583302772444 -1627133.31540695973672
      18.51756537619785 -1627129.99956427258439
      18.61494186808871 -1627134.65822454122826
      18.65432636900981 -1627134.58509249310009
      18.69031652718915 -1627131.14465741999447
      21.51989942913852 -1627140.68062639399432
      22.41365192564471 -1627135.22284946823493
      19.50753669419752 -1627126.97703937557526
      17.53935929731472 -1627131.70107748056762
      18.52978080583632 -1627131.33192741475068
      15.29737074932198 -1627133.66406230814755
      17.53682903142847 -1627129.27794530987740
      10.44969206530360 -1627133.00386016443372
       7.85315106291516 -1627130.83995333011262
       8.74294224251774 -1627135.14034106512554
      13.47981136385516 -1627134.95352034177631
       9.39310676898324 -1627136.05271459650248
      14.29442874707613 -1627131.97342060972005
      14.09673847899689 -1627130.76208254555240
      10.08258521038248 -1627132.57813485409133
       9.12507373963276 -1627135.13630081969313
      10.91912019071608 -1627135.82005330733955
       9.97567714697638 -1627133.78437374858186
       9.50465812047306 -1627132.50212772632949
       3.69319195773840 -1627126.69644430582412
       7.72048783317463 -1627133.43113951198757
      10.46549523488074 -1627128.40317758102901
      19.52071223872147 -1627130.84275775542483
      25.47798013088759 -1627130.49095895024948
      22.39005059535599 -1627129.42524485243484
      24.60301219411420 -1627132.72227256768383
      28.28747742084173 -1627127.71474075131118
      28.95540043573434 -1627123.80425208737142
      32.75068103846616 -1627129.40250790491700
      32.17117109201111 -1627129.47759252507240
      27.76057438763563 -1627127.70352984475903
      27.73552416580787 -1627132.58116921107285
      26.71601641151136 -1627126.23080736258999
      26.62498231859849 -1627131.11573158227839
      29.58513774921676 -1627131.44634270668030
      28.60102960334711 -1627134.11938195326366
      26.43425660330121 -1627130.36401725071482
      22.69839988236246 -1627126.55443737911992
      29.13789092181424 -1627124.62598525686190
      27.16153453583256 -1627129.67368821054697
      30.96600262837021 -1627129.30601377692074
      32.33955786244235 -1627132.87481002928689
      32.72295971034475 -1627129.86652592080645
      29.64616999155100 -1627125.48047004360706
      30.22566449711771 -1627133.46952906134538
      18.50749320612910 -1627125.03672638908029
      20.57738067276596 -1627127.09431022172794
      19.40081257487423 -1627130.44463187456131
      23.74709152384553 -1627130.45943538774736
      23.03549805124111 -1627130.66800281265751
      15.24814925183938 -1627130.24386487505399
      16.00881662085596 -1627126.41542400233448
      16.96450175849127 -1627130.61129701929167
      17.51365693239931 -1627131.47594395210035
      21.95139759276753 -1627134.48894187924452
      22.18563832343235 -1627127.20033155335113
      23.35895280747857 -1627124.04193484503776
      22.44620400759078 -1627124.40353926573880
      18.33532885691350 -1627126.40029625548050
      20.11976896434102 -1627129.56835703784600
      25.46131538476712 -1627128.38589699752629
      25.76220937241558 -1627126.57624857919291
      25.67775934285165 -1627128.81378775369376
      24.51179558314093 -1627130.51200598175637
      21.13236475609366 -1627132.29159914818592
      18.51141069145691 -1627134.68322556884959
      26.14156820893849 -1627133.46777448244393
      24.54616086331236 -1627129.68028163560666
      17.78895820363140 -1627128.31091482797638
      19.79773404254535 -1627133.03327728179283
      23.13451026487436 -1627129.09168184851296
      28.04324998156437 -1627131.21981306956150
      32.14236028754702 -1627135.41625828691758
      24.63399547123756 -1627136.67190659861080
      29.78293650363166 -1627132.20063757128082
      28.29787540087699 -1627131.21450700680725
      25.43235349276083 -1627127.49507129797712
      24.05974051898738 -1627135.51010708743706
      23.52641956176418 -1627128.46359109040350
      24.12960015854394 -1627132.15658465214074
      26.31692117488151 -1627133.64045027899556
      26.18902495477260 -1627134.00798076950014
      21.50808852864642 -1627125.83271944290027
      24.84858544304312 -1627129.47989675728604
      20.84127120773362 -1627131.35449850116856
      19.31101912284842 -1627127.37577857193537
      16.44577267049089 -1627130.77551163104363
      19.85640779174870 -1627128.24623718694784
      21.20994992177058 -1627127.36035714880563
      21.02091737096057 -1627125.20352755766362
      21.97668784860828 -1627130.06091961031780
      19.02710650075001 -1627131.56176853529178
      22.20983722800773 -1627124.60097770928405
      26.70212264100750 -1627131.12472828454338
      28.34993786448022 -1627131.51006003608927
      32.17409515195357 -1627135.33650254365057
      33.82724414636228 -1627130.10374179133214
      28.14020087381215 -1627130.27775145950727
      25.66005958590051 -1627134.79383781692013
      29.10672918741431 -1627135.45015604328364
      27.21010030882361 -1627135.03353014984168
      28.22699153009105 -1627131.63648751750588
      31.90805937488291 -1627126.61802841699682
      30.89571771477530 -1627130.20496801612899
      28.58760003474282 -1627129.91471738810651
      29.38215835883426 -1627139.11209638766013
      32.64762543997736 -1627130.12102754553780
      29.66801953089944 -1627134.24568585585803
      22.68415208362631 -1627134.09249696391635
      25.25378975827601 -1627131.42861815262586
      25.80837956093591 -1627131.81017809407786
      25.27238231794747 -1627128.76197517523542
      25.99564264193578 -1627129.72424223809503
      25.62059993693920 -1627131.66927559161559
      27.65584416860165 -1627131.72046352061443
      27.06549580391233 -1627139.02009600284509
      26.99831709541391 -1627138.39795189024881
      24.48815653339814 -1627143.75454745371826
      25.66494658300479 -1627132.93152083782479
      23.89986594476608 -1627129.17071738839149
      26.07167154741668 -1627130.63848461559974
      22.52394106047303 -1627130.51880373805761
      22.38661305091782 -1627126.72804698511027
      23.48609912629399 -1627130.19846268696710
      22.96751868959969 -1627128.96907497406937
      24.41340809381258 -1627129.07491123373620
      23.96138046850273 -1627131.54446667898446
      23.13180670216566 -1627129.56432175659575
      20.28204523203413 -1627128.01898687845096
      21.47452864142598 -1627128.02704148320481
      22.57942631117023 -1627133.06810552510433
      17.28490272848109 -1627127.74090100196190
      18.43381378441082 -1627130.58671558368951
      19.65800190611747 -1627134.01320084440522
      23.52417131102938 -1627134.38674438139424
      21.92699023818944 -1627128.41260209423490
      20.99568710493734 -1627130.28427445143461
      21.64403841126139 -1627130.01424554572441
      20.31638646327873 -1627128.42703415011056
      20.30535174931230 -1627130.01906465506181
      22.47775136254694 -1627127.47459834604524
      26.43964790960445 -1627127.54918011697009
      27.64593307341927 -1627133.03910269006155
      25.16879828526047 -1627129.99011709121987
      24.03261995771406 -1627132.22243847395293
      20.55445086263012 -1627132.41139219375327
      17.01665331805344 -1627130.15709106880240
      19.11475890782546 -1627129.53393887425773
      16.13325529581262 -1627129.60482394183055
      22.70528647326763 -1627129.49890188733116
      22.43618577861128 -1627132.04722625133581
      18.03645016722869 -1627127.47989138960838
      27.68773652563715 -1627134.31768353260122
      23.49920502308140 -1627132.64491023332812
      25.05057318722865 -1627132.42810069466941
      21.97905631365801 -1627127.25809263880365
      24.64080078989686 -1627127.16062845382839
      21.33009340560623 -1627128.10320146474987
      21.32120510800480 -1627133.94877407327294
      21.88788426777239 -1627137.49295981228352
      17.86281670278084 -1627129.57788649643771
      20.61343497608939 -1627127.04875881364569
      18.04153837025724 -1627132.04354603914544
      23.56802262987114 -1627135.08336207759567
      19.79836491941951 -1627133.55266082403250
      16.48966709365040 -1627133.08332120138220
      19.76483159471585 -1627135.92717392859049
      14.96864825161840 -1627125.11089743464254
      19.94243157605998 -1627127.55804340098985
      11.96280731638421 -1627130.08747331658378
       8.00463260494839 -1627131.49451089766808
      11.90307587595179 -1627134.36814467911609
      15.89999772709660 -1627130.07981636677869
      15.56296230488671 -1627127.47357667540200
      20.31483273674657 -1627132.78055235580541
      21.30483638513333 -1627136.32800516649149
      15.47003746146637 -1627135.13523995829746
      20.02580581614924 -1627135.23089774698019
      18.47763444013369 -1627135.74664595304057
      16.43343834225048 -1627133.28654120815918
      13.19286960305036 -1627131.49633790296502
      10.51872284385579 -1627128.64174032048322
      17.07480538139455 -1627126.05684445262887
      20.57922413720106 -1627129.41889496007934
      16.29586016083602 -1627126.59435442183167
      22.18260398689556 -1627128.58896983461455
      21.94734001144578 -1627125.93689362891018
      21.81773508906140 -1627128.99242080305703
      19.93093160227793 -1627129.21713825827464
      20.33148020781753 -1627129.22989382408559
      19.01725331372343 -1627130.92753154202364
      19.50724486549517 -1627137.21618518861942
      20.82851761312086 -1627129.92791728978045
