-0.69334796461177  0.75323484197883
-0.78894920667703  0.95886557278786
-0.70168028834269  0.75784131350880
-0.74431438755524  0.94511337694382
-0.74764616102224  0.73631382946180
-0.72353136111527  0.80433130281313
-0.73100792313465  0.56219117747957
-0.73152991495222  1.33907292872325
-0.71457292214927  1.41237119061159
-0.64659231459703  2.02520579222901
-0.62056689373252  1.86719370001955
-0.59052362574541  1.75320617264297
-0.56626384318822  2.56111882193463
-0.55807722765452  2.30708137830647
-0.56583342101126  2.78261931503580
-0.55624785907900  2.96374031786092
-0.59002437213788  2.41836341345261
-0.58183254404736  1.51449325264332
-0.56567562676516  2.43675904307446
-0.62382741800534  1.57007679874258
-0.62615968684074  1.36001309804252
-0.65660402827489  3.10032779723930
-0.63569929577013  1.31183073313610
-0.60419097712338  0.83790875537098
-0.58658507954879  0.92275992093665
-0.58906361028091  1.48355541661197
-0.57992162508983  2.08447779794619
-0.58884986462044  0.86203447671024
-0.60459290904882  1.52368678995045
-0.62396170607409  2.45425898633246
-0.63702739691564  1.58898813788492
-0.61520979923295  2.13202712516457
-0.61606566164455  1.49431046014937
-0.60695383959091  0.70222859554223
-0.63689031255753  1.71446260674083
-0.62954838878867  0.82403450602868
-0.69062563734673  1.43925263692171
-0.60409316192467  0.98570761684651
-0.62429741707467  1.36819793581688
-0.59492762456075  0.87712617390299
-0.68877881954910  0.62725225755438
-0.69564371047566  0.86903632914405
-0.73726736365692  0.87042469544550
-0.70186401825325  0.86245735413848
-0.70264485422429  0.70718780509481
-0.70908816191567  0.55425654491457
-0.73181590364392  1.00816899922345
-0.74890309032487  1.74625407627216
-0.67273652415848  0.96692737357627
-0.71987898237393  1.53356295269304
-0.68446842443694  0.97053049638477
-0.67326927256048  1.42157835619704
-0.68758844218868  1.16656462594284
-0.67850725734033  1.98406604874729
-0.71760061323372  1.01614982918926
-0.73400966197044  0.97132464571136
-0.66355096122811  0.82832355730537
-0.69328373770335  0.39624626007974
-0.70888797532185  0.69947546718099
-0.65335680292117  0.54408458987540
-0.66832451392299  0.47294192093322
-0.71363867599170  0.60903934256499
-0.72930980254959  0.65976812637894
-0.73638385441846  0.97918734104492
-0.73997336077544  1.16084518149077
-0.74960916046668  0.84323146748258
-0.76092159974028  1.64129189959118
-0.75153307533325  1.48350572851700
-0.76577764821061  1.65045362518083
-0.73661440247728  1.88358917665838
-0.73262663629442  2.31956861490541
-0.76808766576828  3.67441357363854
-0.72870861641694  1.66330588266595
-0.73039933691662  1.91513795585145
-0.76298490766926  0.78348829137491
-0.78846572848926  0.65756391489046
-0.83802551924399  0.83656274221077
-0.79784200188059  0.79704230079440
-0.79826875875610  0.48340259749759
-0.81270462343442  0.41698738249497
-0.83030034171271  0.63314667778579
-0.87427688943634  1.08454870609786
-0.85686759163028  0.79862948611713
-0.91134962065489  0.95175264190932
-0.90582587357838  0.78668804038206
-0.87031572060706  1.41434765174449
-0.88415156469017  1.20660671884855
-0.92472958214329  1.99039971413404
-0.92640997553318  1.35401276457602
-0.92711007018422  1.07606029033950
-0.92416435489977  1.39819910440827
-0.86298834141743  1.31042062236536
-0.89303303473266  0.83541062100581
-0.93282299646391  0.70764841507492
-0.91212713294412  0.95760397944840
-0.93904617854245  0.67700561496098
-1.01487616417148  0.65355359890939
-0.97075711471193  0.44808888065941
-0.97834860418001  0.42497248223222
-1.05414232207999  1.78924095835042
-1.00996687993771  1.41300697115084
-1.08424928577134  1.13113368982550
-1.10752935741287  1.05485139134629
-1.14551075104449  0.89554644781709
-1.13247912146616  1.03712345865938
-1.12853925557866  0.89869861188444
-1.10242084775997  1.34469903249573
-1.03310199039823  0.57387087330561
-1.03726477732923  0.72077596898531
-0.96079158826325  0.79423810522227
-1.02031383920785  1.80592984690744
-1.06936580762817  1.13737806263886
-1.06474925332684  1.73648302465379
-1.08683751136122  1.37564520270154
-1.09425395834676  1.81187349227355
-1.03032001749870  1.39551764620464
-1.00669806652375  0.86119331106278
-1.05753398152189  1.12393586685473
-1.05820405352986  1.80304140752936
-0.99152687402991  1.11251745766732
-0.99505896437460  1.09748600004902
-1.00526885511088  0.92309264133578
-0.98050373641612  2.02532549352462
-1.00650447958113  1.17853235721106
-1.04112765552517  1.12487836251357
-1.02879119211194  1.11898742091411
-1.03373445124252  1.37872888827307
-1.01979400933889  1.94257509393246
-1.00889512343181  2.98556385664874
-1.01554312998642  1.53082730696540
-1.05369080439448  0.88880295158507
-1.04441388094434  0.74656555723438
-1.08783630515426  0.52282797497648
-1.06371276311334  0.70704614380076
-1.05810447867961  0.62450653947237
-1.05731942512958  0.86984430050262
-1.04466095057290  0.93523319315903
-1.06961183322126  1.08808409194311
-1.04524247797195  1.05739091918259
-1.03463709138972  1.53661008950216
-1.05906508692826  1.31314495388141
-1.07524959585131  0.63515596096576
-1.10839220420442  0.80976421064666
-1.14100285218919  1.06250522317703
-1.19615954246205  0.80880211253685
-1.19132054458609  4.41083309055319
-1.19855859864670  2.29951228100428
-1.20288371199990  0.86032534611678
-1.22502813405806  0.82140418342471
-1.23367375808554  1.20740240671272
-1.22658401102260  0.84196439610367
-1.22379829748063  1.67103097456390
-1.22883251924671  1.10651557163965
-1.23612054897971  0.75655300112585
-1.23750575218696  0.52028099189314
-1.17237317950651  1.36801303394602
-1.18537799242494  2.59473343014357
-1.19944419950418  0.76023527560948
-1.20153749908503  0.93237325384221
-1.18422121323374  0.87435113802087
-1.18559314893705  0.98347736195877
-1.13724135265596  0.92820081771725
-1.13664390204530  0.69774244770358
-1.18264906658821  0.56820908154712
-1.18567879401040  1.40620243011652
-1.18930245417623  1.74556394278356
-1.19683585539350  0.78689475426025
-1.16477417358900  0.78646274861850
-1.13908115034887  0.84069738508550
-1.14851032339245  0.81900656851905
-1.11990971425955  1.21354980747125
-1.10586794094589  0.99536524816195
-1.16125461849625  1.12307126495828
-1.16125461849625  1.82169146862964
-1.07234408829892  0.75429349094874
-1.02153735205858  0.64159114238818
-1.11819585753081  0.69123018440861
-1.10143781706703  0.54005051127737
-1.09474045761456  0.96750501038055
-1.14880143614555  0.75506614158259
-1.13089699770017  1.13030382202641
-1.10372291295108  0.82808666823138
-1.11746690587368  1.75612172581746
-1.10859186042356  1.60349699076734
-1.16300953849416  1.18928090517531
-1.14135894950218  1.15450644807912
-1.10907626454236  1.98198902071814
-1.10490508420232  1.23334811988607
-1.07820881688371  1.18797917194911
-1.04228772215763  1.28214531290610
-1.01875227861876  1.41212901794840
-1.06119409664082  1.59116380667015
-1.04162727036534  1.53295393750376
-0.98351046279724  1.29032887246708
-0.96215306351682  1.07452505707018
-1.01894066265724  1.26305989796539
-0.93075162034394  1.12231884148940
-0.91295864067367  0.97053038019713
-0.90823059043686  1.11601105110710
-0.90703665487978  1.39472499236154
-0.90829016296326  1.14621942956326
-0.93663008634508  2.25700483382466
-0.99939450460665  0.86168224926553
-1.02411516972943  0.65597740039061
-1.00117317118495  1.84088719237898
-0.98928149559844  1.49618765572755
-0.98381358527040  1.75297279229489
-0.98498699227295  2.45012197622624
-1.02579031076924  1.74524128169961
-1.00783695097225  1.76812044111877
-0.96996620084089  2.31551243770320
-0.97729550912647  1.33373528322754
-1.02959889718282  1.37110006440596
-1.04760363876256  1.92881270526158
-1.05257747953427  1.15813242455191
-1.12695904297945  1.02957467935611
-1.10063362253411  1.48036066371744
-1.12077215154878  2.98398604980746
-1.09879030799552  1.86953105425338
-1.01253084498518  1.45127734341708
-1.00392247682608  1.38305857982729
-1.01863262859526  0.81248085667031
-0.96878757717898  1.22922541468853
-0.98852044473835  1.04503696742627
-0.95624425801843  0.74973240757881
-0.96109492581135  0.94572426035583
-0.90169206749590  0.73875061602816
-0.89178560809964  0.70546610462261
-0.90418336675623  1.74704757366269
-0.86580941281109  0.64442107667840
-0.85898562693932  1.12207526176149
-0.84715027274584  0.73461767203374
-0.91031706377846  1.02825675044546
-0.97532533029012  0.89539813829225
-0.94125714743877  0.59437369025683
-0.93910752666974  1.43800678788746
-0.93671269524356  0.57774120728549
-0.90778766860136  0.71441446025849
-0.96363022003596  0.86937046201845
-0.94506543525028  0.59880464579428
-1.01720770344099  0.81523604385687
-1.04502600338678  0.66553301686577
-0.99854219716339  0.65805139441612
-0.98044220330329  0.91332297875950
-0.96709203877902  1.85690837215339
-0.96683592124851  0.83306519869848
-0.96177365911736  0.59650922281197
-0.95534670463879  0.75238694701997
-0.93547385392592  0.45267827179790
-0.89044916476845  1.16024356349210
-0.95087751792440  0.82032055411546
-0.97757707739836  0.65030131220283
-0.89810503047817  1.79564344268405
-0.85666646085104  1.05530636111375
-0.83940865466731  0.91644920152720
-0.86806920225177  1.43959413356096
-0.82816141473266  0.95697172413055
-0.82736399200942  0.42747677510757
-0.94593417215887  1.35449364177350
-0.93328522393186  0.77766110147476
-0.94100729323313  1.28859353011152
-0.92931336463159  0.37788390426249
-0.92872802743022  0.59630841120454
-0.94329853608034  0.91265832080711
-0.99102516713294  0.73958944630049
-0.95180874022338  1.25444996417096
-0.98450967370633  3.27838119281944
-0.97520096955318  1.60558961708564
-0.96708655408482  0.74952065331137
-0.95277424372178  1.25740780912032
-0.91171738706419  1.04710123000125
-0.89542939478788  0.84244966405080
-0.91395706789282  1.12609405344256
-0.96271168417684  1.48909899174507
-0.92362210464554  0.75224214571450
-0.85061003577416  0.99385934590675
-0.84385865317290  2.14135431092980
-0.87372942697072  1.25945853863268
-0.87611315280880  0.83310224946766
-0.91763925041967  3.08580797920118
-0.78308458163133  1.18110771982572
-0.75995282378198  1.56176318737913
-0.78794171275329  1.12274230356140
-0.79289257708169  1.01159016008038
-0.84576048485846  0.77784244662239
-0.86246425480505  1.56324124349906
-0.87315857959580  0.45528309288468
-0.83534032470798  0.71228639673381
-0.84386131179458  0.56931178283689
-0.82248050235337  0.83740468398579
-0.80719345468936  0.58798661076857
-0.75862773140096  1.37407651142965
-0.73926148291424  0.85368692712677
-0.81791408986123  1.52457337884090
-0.72821072607250  0.65551091922491
-0.72320657280910  1.39649901592497
-0.76416199519702  1.02407746913043
-0.77202886844697  0.68219946371617
-0.77976344224032  0.74259135272080
-0.82466265018088  1.55801023309952
-0.80984622225149  1.43089494709968
-0.80918644087858  1.45395650801916
-0.75917379351387  1.69168232141277
-0.69377894270738  1.75910377756494
-0.70942138863933  1.27344012497265
-0.71879157817251  1.52405785201834
-0.69213639509124  0.63476528967107
-0.71824784139327  0.54034677085527
-0.77865236221899  0.37641272891337
-0.76526820050802  1.13056261236259
-0.72765874069756  0.61947538271698
-0.72507324343986  0.63887403202771
-0.71729433430036  0.53595228383031
-0.69628105312366  0.51363334955555
-0.72166087066932  0.60207621317026
-0.65875835338298  0.60054644888478
-0.66997396436190  0.52164411342198
-0.64671303837629  1.63287004815874
-0.66884607618960  2.12355555449219
-0.61025809130444  1.04692707021464
-0.61069060571342  2.92211145409607
-0.57348094339308  2.11317951926647
-0.65960128582644  0.82073921432959
-0.63934471994516  0.84543753775855
-0.57416652608755  0.66458194590877
-0.56741950053969  1.24042312764422
-0.60820810330596  0.49125245002431
-0.59672708620411  0.44308988517947
-0.56022719765188  0.82875890897318
-0.48946421095419  0.85496989901459
-0.48958155844198  0.78815558124531
-0.61692997147006  0.64812995215571
-0.63258259546804  0.89536574680184
-0.64458229837351  0.92929369235409
-0.62430890305827  1.02014194985467
-0.66583395233874  0.52889737532803
-0.70735598233362  0.80100190801977
-0.75554826102649  1.34414388189195
-0.80970200589268  1.36213195833982
-0.78730915773616  1.65851248471698
-0.78995992475365  1.11443216393703
-0.80055254064150  0.98067800798915
-0.79480711636532  1.19790245425448
-0.72022422084452  1.23930353596574
-0.68611392319917  1.18587334786737
-0.71368165460992  0.79840267463485
-0.79411228375033  2.34159600835604
-0.76229618455300  1.45109412315465
-0.76177635344429  1.27200952098520
-0.84793653051791  1.35031183807164
-0.70809861559198  0.91619301849361
-0.69394206487388  0.99611729078033
-0.64807901710407  1.09291286936754
-0.67558094337588  0.63250618129676
-0.71557183296713  0.54197928712604
-0.70736952752164  0.86395370130182
-0.72136975158175  0.62991129222715
-0.69365249028287  1.05215653595972
-0.74572882417572  1.80319818868987
-0.72479943158204  1.10195919167674
-0.72161787986934  0.91357906689867
-0.73049904831670  1.28434435951346
-0.81081629770550  0.74910400391753
-0.80335554973616  0.92315871770416
-0.87313278798189  2.30121661268555
-0.89632395320330  2.14496786603199
-0.89313930010869  1.04057117354390
-0.89061499580953  1.30225014694165
-0.89692864107193  1.58293882458199
-0.89093350218252  0.79658840440836
-0.86381892597617  0.72999020162595
-0.92347668142116  0.97964250168024
-0.97242039326031  0.63127378355816
-0.94410139696063  0.64591645024963
-0.96526948215642  0.49151178847092
-0.96015621356828  1.43073412900242
-0.90851535109435  1.71505748514769
-0.92487524294226  0.77053313811906
-0.91399115990635  1.08045968293421
-0.90406507764230  2.07958126038360
-0.89440216248463  1.75315283862834
-0.90836109032356  0.90091015271121
-0.88544873482831  1.79130820532036
-0.89115627672947  1.14845384246544
-0.91273829216333  1.36083960242878
-0.82842552699083  1.29870814706251
-0.80365804941223  0.93514792406321
-0.79000024842232  2.19106816530052
-0.80277066763846  2.87673656915020
-0.81618524960848  1.53536232488979
-0.79087813222875  0.49017869300503
-0.80769347892814  6.52491650306998
-0.82457487503885  0.97767458502309
-0.80349421639675  0.53418590166311
-0.80462211177902  1.69317806197405
-0.85475295839441  0.48274116432922
-0.89271458997549  2.53899859448343
-0.88884025890490  1.23569705674846
-0.87970170380435  1.59389260441267
-0.90076254797248  0.73857450371646
-0.89186948221710  1.00112767763609
-0.88217775705792  0.59994751405472
-0.90331549758316  1.19577544625399
-0.95487249984524  2.39432172359870
-0.94319165809915  1.39923116956079
-0.94635194836699  1.48170558210515
-0.93901527293850  1.72222833175481
-0.95443602173206  1.88209779365981
-0.94187255608043  1.60779370849037
-0.90789126586723  3.30504710720349
-0.89924425306544  2.66265058571227
-0.83051163815337  1.33540426895857
-0.81607719987644  1.36784581336894
-0.78150813705420  1.33150216309806
-0.78053963091793  1.20295997788312
-0.82562160681404  3.05474049685326
-0.90450815091926  0.87096790607485
-0.90411818739725  0.72942817267664
-0.86477474061193  0.90955820193392
-0.92025677986221  0.96989373254540
-0.86864070645992  0.95119371722187
-0.82978415973451  2.10848035444894
-0.90294224841305  1.52509711066692
-0.92287079921542  0.91579854748862
-0.94643552394232  0.48508269341004
-0.96932844964127  0.79527925751291
-0.92298857697304  0.51341229110857
-0.96558926310635  1.77885364311144
-0.90370471945171  1.22531430405317
-0.96462798829869  1.15912196247380
-0.93749578430955  1.45647895811664
-0.90735094204264  0.56800261913813
-0.87365449941216  0.62632194760077
-0.81857052074628  0.63160067080994
-0.81966662341871  0.84474011807580
-0.83280059268661  0.74542354784092
-0.87186644140576  0.99251760507563
-0.86021013988649  1.09534910702306
-0.82675346372769  1.16447893850749
-0.85316666419186  1.60319050736159
-0.79293083870672  0.62263073260203
-0.88428522210166  1.42889870810658
-0.92897752036344  1.04469720166389
-0.87773002615522  1.12036279479602
-0.98798100079403  0.73969975465329
-1.03882214447519  0.49642687234806
-1.06764592739902  0.99806277151390
-1.08417348638368  1.38127002848872
-1.08549211606266  1.82199573344287
-1.07160441665891  2.51345498385544
-1.06162011726199  2.40304255172161
-1.09645582744727  1.80869057255521
-1.08753622846964  1.71001429480045
-1.14791459488210  2.13210439736031
-1.17457373904038  2.04766613540394
-1.19216313330031  2.01691411779638
-1.35491044589824  2.49296815911869
-1.36193230026878  1.57237720959454
-1.34932100798019  4.24639951711920
-1.36405884338513  2.92854865217970
-1.38038101018448  2.05684668978894
-1.34775670405685  2.09001854999048
-1.45229622471619  1.24899416032245
-1.43083598718888  1.75990656733815
-1.42152526608833  2.77061175391710
-1.41393479673514  1.84705576735325
-1.35920364079085  3.80806437490708
-1.39412007552230  1.88262599976988
-1.41570906673462  3.19349600415097
-1.32089701956747  3.05434071214132
-1.23655525285653  2.54594660238861
-1.28740094120974  2.57831355880711
-1.30539609828396  1.55136987153344
-1.28122219976116  1.45635035544243
-1.23211269981693  1.11962485822902
-1.23406854305906  2.61356901113424
-1.24813842619359  1.88258406706743
-1.24436428210057  1.84782133802996
-1.22204214645136  1.26290343431216
-1.21710886297389  1.23111322503627
-1.24212634317157  1.29408609714353
-1.26592721003238  1.20848456100684
-1.28266842290696  1.44024990883921
-1.24169524885268  3.10728431602785
-1.32853932850103  2.09307411747130
-1.31830700447254  2.03206850163771
-1.29307698941969  1.58578188014056
-1.30891093419696  1.05654215367571
-1.36148579917335  1.85817444985238
-1.40786620670789  2.35550839929948
-1.31559869166948  1.61744217829992
-1.29366731159421  1.58399847671127
-1.25261444378069  1.86097498765258
-1.28397790718959  1.86899838592477
-1.32069307011446  1.98417999928287
-1.38710064113686  1.84512649713989
-1.29595415864761  2.29703310611830
-1.31612332793758  1.90352191099696
-1.28992954657903  1.72894980119245
-1.28215626364492  3.55565928125743
-1.21452190779319  2.42854844411636
-1.19773938929785  1.92531825205008
-1.19522000565630  1.75902039952224
-1.13811936949544  1.74543474821402
-1.24744953653338  1.21068383778859
-1.22619026478946  1.95951386431364
-1.19196312473587  2.21393895383992
-1.18244036449933  2.21486285190581
-1.11757212185264  1.63705707642499
-1.10274793486206  1.92709885866316
-1.15893631866828  1.30436959357688
-1.15274518552731  1.57420768519986
-1.15076908696091  1.06171609574927
-1.13009059022168  1.01350101085656
-1.14688423888460  0.91803322735909
-1.09461087274187  1.21672620877648
-1.11522385705706  1.00881526377332
-1.10846282111978  1.06419550796311
-1.08434201950639  1.58038466513208
-1.05151515607874  0.73313119555639
-1.01298446369619  1.34969499863443
-0.97237381503242  1.42578239083043
-0.97557278019813  0.99201465008092
-1.02622478430480  0.57609495085922
-0.99493149580832  0.90837107902086
-0.98305928577878  1.67719083236494
-0.99779699615565  0.96066193326511
-0.98999261956527  1.45035209635551
-0.97004379238462  1.55104108499318
-0.96420292641430  0.79144232509092
-1.01215197837531  0.61889777680711
-1.12740446647683  0.75510893254525
-1.19746025167242  1.39911678340060
-1.21154765348024  1.03382086106648
-1.18806986003165  1.35054732539923
-1.22552659217304  1.83539943585509
-1.19027958367161  1.29020173243513
-1.17178509105947  1.45563596618611
-1.22265508153554  1.94610990770236
-1.25904410924915  1.65600557359265
-1.21985689534139  2.16567861839903
-1.22856784816783  2.40596187717076
-1.30908718007239  2.29178259445292
-1.30842873447095  2.14969928210105
-1.29092256527128  1.72290755172182
-1.23336583360222  1.75195530976265
-1.24936275811963  1.90895081555675
-1.27457673820255  3.33459557174625
-1.29066586891334  2.18929262358163
-1.26666134218518  1.32305878411447
-1.32292426850583  1.53954901185521
-1.33427810693384  1.50947200420744
-1.32390625937800  2.33030166197161
-1.29069887767722  2.32507715732666
-1.33735129766432  2.96559292943228
-1.24029990621975  2.27234597065792
-1.22997005203913  1.19356737631197
-1.27221053627356  1.14289907482230
-1.27470520500654  1.42738709286168
-1.24572563160262  1.56788967920897
-1.27241155520917  0.78195937560837
-1.23996306890352  2.14544238034583
-1.27003275408184  1.25831141320706
-1.33004279040722  1.37919841977962
-1.45330187660180  2.17229105864393
-1.46444050896625  1.24789764480789
-1.46866090935536  1.07010368204807
-1.46740491208396  1.22360816058426
-1.47910640596277  2.09430968824023
-1.53856291459966  3.31769488015360
-1.48061814736357  2.50840334956985
-1.47769789531895  1.77614411589243
-1.47947413517376  1.52422656779060
-1.45724062596190  1.96773671097609
-1.45804438090210  2.06064553118671
-1.48396690365136  1.83879180412884
-1.45779852288403  1.57554067582082
-1.40167891131966  2.11789132217262
-1.43716841173256  1.17116553173662
-1.46081421168106  1.81069957180656
-1.47016630911333  1.48494272753276
-1.49316204462269  1.23943271296585
-1.54205220974783  2.04148457907547
-1.55998331856896  1.02429886098249
-1.61622105155320  1.70555976814889
-1.60328356191645  3.15631473049086
-1.63953690702195  4.76902017592545
-1.64826166051138  1.69253826714219
-1.59895617316703  1.52784730252966
-1.55952324140319  1.26660287680884
-1.59175151789156  1.20760524907103
-1.56245478388544  1.59795646467564
-1.51608790747669  1.19651901963262
-1.47462328869518  0.58048937211651
-1.44437171268307  2.07958291511515
-1.38676433077613  1.05827232917063
-1.38478170427077  1.95562467104347
-1.38109032549595  1.30537164061218
-1.40259230218248  1.53630883728136
-1.37356892415999  1.10334522663441
-1.33031668591444  1.00262706638851
-1.34231453699240  0.86046325377858
-1.38729784336750  1.83891046363145
-1.33695970492907  1.17486805565143
-1.32680052075464  1.95608722764886
-1.32884105516252  1.96157857780854
-1.34784916743835  1.75762121085209
-1.38596316126392  0.65266149672712
-1.36291581672614  0.90597174849041
-1.36291581672614  0.86745776830815
-1.37915813334524  1.01820501399763
-1.37213494605207  0.67269704757619
-1.37199315140276  0.94370121335892
-1.37836735680344  1.54128061482471
-1.39068415227776  1.33547012799217
-1.40462028938471  1.39855918710250
-1.38627850612157  1.01343360323970
-1.34546216796394  1.02492122196138
-1.28851348975601  0.71735560995479
-1.25416999862107  0.55195974320855
-1.26275068867154  0.59397271374867
-1.23864107551906  0.63292647004196
-1.23864107551906  0.71921030311477
-1.28091414160858  0.98775104351932
-1.23176418214614  0.76269121343967
-1.23003045993463  0.97133367519910
-1.21306178712897  1.28829556447075
-1.19319668689473  0.39941237272362
-1.17022335091951  0.98257899848840
-1.23332550647997  0.92856332554380
-1.26476539956845  1.14760646428571
-1.26820319201172  1.61798580717322
-1.23527572652863  2.96983072900297
-1.19887288977770  0.96645594813314
-1.17529896143964  2.15306775800307
-1.20355807431262  1.11205686505866
-1.19070900432087  0.86762430579508
-1.20361397036664  1.22408268793666
-1.25706742823395  2.26936953908623
-1.23968279746044  0.62123245203298
-1.23633773181962  1.18693824938562
-1.26647869691967  1.59555951654931
-1.30110875394888  1.26257814674394
-1.32798722009380  1.91556265187263
-1.31895145572853  2.06703855921854
-1.33996432278022  1.58348586849614
-1.29200769430276  2.57452356003446
-1.21170654209254  2.28384395854461
-1.23448907848899  1.93446600049427
-1.19204415845049  1.40964180934431
-1.26253941459736  1.19006637283739
-1.18515392889129  1.02995949016895
-1.15042174934333  1.68663751228770
-1.19656886667289  1.07415209557749
-1.20076138239851  0.70019084124977
-1.19648668892792  1.04681985919866
-1.19922457217090  1.00469582810612
-1.21237393038425  0.97003543953613
-1.19520400564682  0.74903620962289
-1.21944627433938  0.90835559588818
-1.17514789242197  1.12249897176819
-1.18843163632277  0.67310916487261
-1.21069499897275  1.48064690004695
-1.20904523965582  0.88926639196203
-1.18681709588027  1.15966152821264
-1.20739628952016  1.02831311719356
-1.17251398521897  1.28160398028997
-1.16371968915058  0.61879663765038
-1.16556330982525  2.73829002466642
-1.16898308320081  1.18847193140561
-1.16792170885827  1.07074413625570
-1.14407748016396  1.60133260747444
-1.22705099209137  0.77641168333831
-1.20076260234755  1.57292562576992
-1.29337799492483  1.04949960711339
-1.31946399258999  1.89418485544131
-1.38074204843094  1.52891640082345
-1.44250211180405  1.43579580734167
-1.44013685790195  2.08486160310514
-1.42278290075023  1.75419016650969
-1.52266467338463  1.19332922189552
-1.53278523182511  2.34756744812809
-1.48573089084968  1.16789007429194
-1.52235088168757  1.80298200236034
-1.45815558874129  0.81766495850691
-1.46627171734046  2.00480888088051
-1.40025331724348  1.42018091255854
-1.38272126338895  1.55770743633039
-1.49123232916219  1.55517412670382
-1.49123232916219  1.17911233898788
-1.52438139264363  1.34439458801938
-1.52735152909495  1.30166365481844
-1.57435832358826  1.02866133921657
-1.59692462105837  2.38421838760429
-1.55800508867963  1.24073525341339
-1.55800508867963  1.41450458612486
-1.55800508867963  1.45039717986146
-1.55800508867963  1.16547885157022
-1.55800508867963  2.08324126502209
-1.55800508867963  1.21010564741075
-1.57154012916998  1.17835109780182
-1.56981108886131  2.52458530182212
-1.60675404155999  1.76538108094029
-1.60688023164694  2.42801374980108
-1.55981317994151  2.46655035911922
-1.53883002188266  2.23720606991948
-1.55233849637826  1.60576643839330
-1.54830426587829  1.61384382065636
-1.59755341413414  1.58911204813287
-1.53334680600848  1.42898789300743
-1.52154304571908  2.96068186327634
-1.50445179618006  1.22623117393441
-1.64857260820312  1.53435357110062
-1.67385403721877  4.75867875617359
-1.58166874486166  4.48938868381402
-1.49620940361952  1.24206379523932
-1.48261758915848  1.54698581877141
-1.45608572365529  1.34113259289353
-1.44086935471962  1.17133225126747
-1.43080197040335  1.66641533843447
-1.44832286918416  1.15302716712892
-1.45861793601543  1.13993562055083
-1.43972678897734  2.57539373069500
-1.43122985346054  1.29791194304691
-1.41160997126987  1.94089633797566
-1.39270729681104  1.51301930679476
-1.38050506957285  1.38778089762388
-1.38365722972179  1.81755890195853
-1.34683394678818  2.61691870463854
-1.33888795363484  1.29530019244539
-1.40167312564750  2.36146517020408
-1.36112936635994  1.55590841370611
-1.44026980110165  1.28092248530885
-1.48630078310639  0.89180665681856
-1.44364178855944  1.26059204757892
-1.45163145650587  0.72981073104222
-1.44130094887101  2.29537323680137
-1.40924093113608  1.89618924463460
-1.34810369504786  1.68665459355249
-1.35057290413113  1.97931859727561
-1.35653132228537  4.30026434710570
-1.35202246657737  1.85262515459037
-1.36395853468323  1.63213323407940
-1.38733532563585  5.06922551658835
-1.38739402680933  1.48374271790150
-1.45826445142041  2.00651824049892
-1.37156143766793  2.88853367844722
-1.41125366481539  2.47815827347600
-1.43044964667642  1.74601430773924
-1.40409223842540  0.82375383297730
-1.33459502171863  1.11410572507987
-1.27566465780266  1.51891127325073
-1.31993824215826  3.02874684788542
-1.34722501261813  1.24386895876306
-1.36436963337360  3.49151361528637
-1.38230093391591  1.06541414635999
-1.30592524391326  1.73534417582851
-1.26485758217479  2.30800922654589
-1.21499510899390  0.61204311990897
-1.19932934018199  0.90371297389130
-1.24641871801961  0.84889619172202
-1.11757164455302  1.23197862276653
-1.14577666094760  0.98932862470302
-1.22089191307410  0.90932040092321
-1.22646768127132  0.84561037074093
-1.23308645158157  1.27456797672362
-1.18895752154512  1.58949683246485
-1.15769682066908  1.64163589318009
-1.14242132624784  1.24019583829127
-1.17782323559322  0.70209609898284
-1.14592613647516  1.31533052598407
-1.17048368682071  2.61672245694365
-1.16884197871955  1.44574155567118
-1.18035486096132  1.49426201981870
-1.20258456686165  2.34152418686264
-1.23075372355980  0.99140874346520
-1.24402764851362  1.67845137256827
-1.18071424681931  1.71068779284630
-1.23012655441297  1.72040490247256
-1.27025493999017  1.72466527532875
-1.18267511208502  1.58300034135041
-1.17151771391703  2.31332296770016
-1.17605049474778  1.17544484561879
-1.19262759259110  1.61823877546766
-1.16295208897356  0.82589682846667
-1.15766289583878  0.43587628526670
-1.14240790407692  0.60503420642334
-1.10452429016602  1.70626202052387
-1.09125637573112  1.13566873848898
-1.13243267622403  1.36120557475376
-1.09042785788604  2.65873786157541
-1.06451412804288  2.10844822029059
-1.10894901710445  1.55558114432673
-1.11291914304431  2.16905058265648
-1.10684812956521  1.40154991863159
-1.09860165320464  1.16757640884303
-1.05961636148802  1.26744050318512
-0.97768892416067  1.85587974983872
-1.01700151961683  1.18475421351177
-0.98642342057437  1.30644933178394
-0.99862360428269  1.64603001915184
-1.02226313737286  1.43578868582497
-1.05829638513413  2.23311119358941
-1.02000785436655  1.35362642838590
-1.02299168986475  1.08185987322285
-1.02348566167224  1.32840287626389
-1.08795954649538  3.40021607242025
-1.16911045191375  1.23054107356109
-1.14225847813038  1.06927012557386
-1.20786792721973  1.98873517874577
-1.19756842147684  1.92902314220819
-1.20965589879907  1.42376567549783
-1.21731425523058  1.23787538451255
-1.24911978827898  1.80346482055668
-1.20600100075013  2.01336087337194
-1.18536880799183  1.13216963779074
-1.19357663186745  1.19708627245157
-1.10892648352865  0.67646403355574
-1.13573687762250  1.29369006039538
-1.12164423348272  1.20878484608684
-0.99889082838568  1.56261336353120
-0.97394613988768  1.24030373251059
-0.94553548870696  1.15065649129237
-0.91371580132529  1.56841620923424
-0.97486295426372  1.34244315653155
-0.91489346328399  1.00838862925791
-0.92020716201543  1.55309828122350
-0.90838100560265  1.87186710512691
-0.91426205908799  0.87736500367352
-0.92276366649267  0.42862421094251
-0.89406720527022  0.63003882553383
-0.93032393788237  0.53751444967814
-0.93032393788237  0.49009669572776
-0.85360254701968  0.85892773659295
-0.93359708654424  0.42560379340499
-0.90057460190329  0.50820119956970
-0.85606254549631  0.78665041361626
-0.86210850665416  0.67625358817965
-0.81384130979113  0.85776286581878
-0.78775953866882  1.32707782282009
-0.86548725278365  0.83066779594910
-0.86236605565417  1.06247464730115
-0.83684614292050  1.13808853829710
-0.84085961988798  1.13751589061573
-0.75206635558003  1.04011381876231
-0.79936140091369  0.68780227127749
-0.78464368136081  0.60424011810559
-0.79170943327568  0.48168793732932
-0.84401077231598  0.43098696684854
-0.85605728955282  0.81862395487752
-0.88656649838465  0.58507128149527
-0.94620664843271  1.30351431926832
-0.94759674353709  0.69229177245324
-0.96832269761351  0.82901915120736
-0.90898721923900  0.63441492472525
-0.95448893361053  0.86214870564501
-0.90539739955248  1.52881212767330
-0.91204522691922  0.77394182756049
-0.93540554636790  1.49369568361347
-0.94022969225800  1.41550066830450
-0.91182245496979  0.85759180813819
-0.88452742593924  0.85568482410908
-0.86576531009438  1.00110790771746
-0.86762279506402  0.88044170843779
-0.88849198106447  0.99761520437413
-0.78088807752687  0.91557181451169
-0.76985262468140  0.89445347258450
-0.73716285629487  1.04944911692843
-0.80919250124096  0.80648540436488
-0.77037955201193  1.26266383923921
-0.70802427352871  1.23478099753589
-0.74962266817853  1.36081971929940
-0.84035106836538  0.92235909321268
-0.81386152697641  0.91256594353076
-0.87342471231605  2.24900871916124
-0.86135291495668  1.22185177200812
-0.80315879617161  1.49452373182044
-0.80919803011540  0.74386781365598
-0.80707649827990  0.58376652492624
-0.74276783793555  0.83439167313454
-0.76577055211195  0.73377820436697
-0.75545647225928  0.70236424016991
-0.74516720597382  0.93512326411200
-0.74587339452239  1.17669335210094
-0.73098280728339  0.93049308032380
-0.72406597085014  1.65074445817998
-0.74234741718252  1.40951295147814
-0.73536981763598  1.25564970676875
-0.76920781675347  1.21203666975562
-0.76909802746806  1.27716946058881
-0.76607452403553  1.88873027165012
-0.77384007651914  1.14878553202287
-0.74837463437551  1.13031405362054
-0.75853907383671  1.31898417353856
-0.77553971966747  1.17436645603531
-0.81557823101973  1.46845334449424
-0.80518965260201  1.11699353261159
-0.80518965260201  1.15633141282391
-0.78080623453306  1.11007147809476
-0.83167719786548  0.64078666414573
-0.74314452147788  0.50465146162656
-0.69823299725631  0.43295341140990
-0.73200923326097  0.46781161428362
-0.76335818946132  0.56884730114709
-0.77643067307559  1.05524222922152
-0.85882638225219  0.52807445972954
-0.84165330196002  0.81775629045616
-0.86706781987434  1.04680587050395
-0.87153365382168  0.71898846747931
-0.88868952053416  1.11300745312636
-0.90238203839322  1.19287493895418
-0.89323297940527  1.27359616172640
-0.86766751813088  0.92719537331049
-0.85866435023863  0.64939907013728
-0.85330038029433  1.58954722128641
-0.86718371946966  0.77840461800065
-0.85386431773895  0.51457828535491
-0.86035993061046  1.69042794916042
-0.84151340363219  1.65955550184765
-0.86908490271660  0.83643412679857
-0.91116794526139  1.07232435566924
-0.85846259719125  1.26001375256451
-0.85467931607682  0.88110632574352
-0.80652115477828  1.72083094886956
-0.79048214823773  1.77760709993782
-0.79320352776036  1.42135477846497
-0.78524778161416  0.78158236973002
-0.81815392936150  1.19944090431971
-0.80275287566272  1.35260085436032
-0.76262924260325  3.35389760775936
-0.71646759933457  2.16506092984427
-0.76292260506338  0.98663635605002
-0.74702825131613  0.81509264060614
-0.76183174640550  1.50653330547702
-0.71137540104436  2.08272665505059
-0.70019880016689  1.84806318290587
-0.71846528981500  1.27311331285557
-0.72664741189589  1.60286977542996
-0.75383927482565  1.18978120287584
-0.72951828702780  0.96113999256354
-0.73610792523541  1.07676789023164
-0.72606599200060  1.64904116419954
-0.73252696780291  1.64155854360329
-0.74806688383914  2.92215243731084
-0.78377740777248  1.30046479880791
-0.81037794943243  1.33635262203469
-0.75237648753317  2.36506466422115
-0.77288364923579  0.81736300070659
-0.74714257680197  0.99408406292939
-0.79127949730124  1.26260091405406
-0.84817859792548  0.86768300750371
-0.79242092464139  0.97216092056036
-0.79007947643916  0.75203060014838
-0.76653172168705  1.41339101632388
-0.78845003975860  0.82263865914813
-0.79364434866664  0.86480077804209
-0.77748611843395  1.16782385427527
-0.83391757294215  1.25460463623190
-0.83582205762118  1.79553963438311
-0.85458663033235  1.70893362838075
-0.83743012065233  0.82489985154395
-0.83134457667047  1.13876948574979
-0.84567796929038  1.15929033993293
-0.87694181681825  1.08265633659095
-0.82447005628665  1.19896731278159
-0.77585854991128  0.86591536345507
-0.79370423545496  1.20523970629329
-0.80199929283495  0.96661917847896
-0.86235850752339  1.26203688368175
-0.83378554117563  0.79831410480113
-0.82888247646237  0.58496283711224
-0.80949558183831  1.12130237848856
-0.79016223467862  0.96826182351169
-0.81921879258130  1.58090126037705
-0.76694369512842  1.37701265184154
-0.72646160085949  1.92514067791932
-0.78721709881915  1.30145474950659
-0.76542414550844  1.48320980030816
-0.79539978498309  0.93199061941674
-0.77268388276925  0.65456178041399
-0.73023093185232  0.80215430887083
-0.71592368428081  0.76026967996102
-0.67482938884892  0.96177693901446
-0.71017905583518  1.00568862906832
-0.79011618967781  1.23759589245297
-0.73737648943619  3.06302336136826
-0.75802955281925  2.05831240833787
-0.79619268862604  1.85861555141156
-0.81079506047934  0.49336427481932
-0.86083827627234  1.01446363668240
-0.87456875614938  1.32425963858068
-0.86762026913559  0.67250101859997
-0.81363282063475  0.84940595239078
-0.81725970585779  1.27778763277818
-0.82764218984379  0.80862953598887
-0.81807139152615  1.12420502511485
-0.84698260598339  0.85873499210565
-0.83666207025406  0.60756775536645
-0.83097113724895  0.75808264737916
